352 554
335 159 28265864
316 41 59268232
290 291 615307472
81 82 235968802
25 26 436276759
90 91 771811325
240 241 608163909
161 162 20955943
241 68 62260075
195 196 21692450
180 348 24504280
133 309 41133747
36 90 30045002
35 109 26169365
309 310 545391089
188 189 531672211
292 293 207392526
121 262 13116995
161 21 87629594
300 320 58361894
242 228 23779811
234 235 859738431
270 271 245787439
76 88 34955966
128 129 644810577
274 275 70290137
62 63 668693137
145 146 459523120
127 128 716546901
306 250 9408472
23 24 758257262
224 225 347257032
176 68 31632770
203 294 4449891
164 165 474314329
251 252 18356830
182 183 650905547
196 197 957502186
115 116 353706341
285 286 76313936
328 175 19373155
174 175 875685113
15 16 443571239
92 53 23751063
50 51 943945352
61 62 532814040
11 12 119165228
83 43 35705328
78 79 41708367
43 197 60770279
101 128 81328634
106 107 654109560
248 249 614733349
154 155 624682430
320 321 645309310
299 190 538154
14 94 27888584
201 138 49269886
19 230 40110698
200 201 682510925
252 127 36819684
110 111 875293975
161 65 20430441
43 44 950473658
160 138 19125461
313 314 95657775
198 304 33183498
331 332 167853165
112 113 770420630
132 158 99349527
182 126 3936931
345 277 13042109
157 158 161970695
263 264 194690579
82 123 23596853
281 282 766946153
12 13 448264860
139 140 649600214
155 156 41047399
158 240 12189457
142 143 709967911
97 98 75142791
12 331 84541083
166 203 9576317
72 73 103216344
8 9 851057559
63 64 785862422
259 260 953024404
138 139 68461271
297 298 536300636
275 276 148094855
351 352 753908350
202 203 595876644
304 305 12772263
148 149 780753079
97 3 44750500
222 223 948613109
342 343 824914793
333 334 555130448
54 87 66121802
21 22 25521384
255 256 633454318
189 190 313419123
253 254 691857205
17 283 67318853
197 295 28429793
268 269 216152176
120 121 932091736
158 89 86723045
167 24 42613020
38 39 791763606
146 147 219562203
180 181 130540992
77 78 691854390
308 309 204148937
94 166 88952789
271 272 378219356
30 31 810140511
88 89 763579509
328 92 25972588
17 18 501203607
101 102 525994741
341 268 1798148
6 7 304558497
332 333 373751248
298 299 600173679
230 231 453426009
252 253 713055852
207 208 823293701
54 40 81400527
75 76 644082632
294 295 50838003
37 38 46300017
51 52 2668040
54 55 621814151
74 75 770076486
7 8 249698525
79 80 911388544
178 146 30350976
241 264 3727509
338 20 67641841
212 310 59010673
187 188 535802693
107 7 54889749
287 288 314329602
54 173 85818023
117 118 341373241
24 25 707226142
20 21 328487717
35 36 511133097
219 220 257520601
70 71 82650085
82 83 558983578
56 16 13944425
41 114 39479659
59 60 760716293
134 135 378416268
42 43 953000735
249 250 882471618
272 58 52632302
291 292 248767057
258 10 96818007
172 173 439273407
300 301 774400305
247 248 749376782
150 151 620482958
149 150 477094187
4 5 206196761
41 42 931664921
256 257 489495912
245 246 973242022
194 195 52306863
69 102 4774072
349 103 79807149
314 315 297795450
100 101 172641073
136 89 48887812
33 34 186855845
327 11 36977611
141 142 293953191
160 194 35003663
54 275 52871890
92 129 51520085
25 125 52663325
247 206 99376865
192 108 70298115
169 170 518105858
85 86 463326364
93 109 98986542
221 222 923073510
338 339 58233590
163 164 306167745
14 12 54385482
98 99 287663233
13 14 274075489
127 97 37998660
90 250 46206574
201 202 753160192
170 152 11022155
114 41 45176664
132 133 540239683
206 171 19571655
31 32 10426409
52 53 774594066
286 287 316938331
2 3 263908030
165 166 771874037
56 57 528990485
178 179 50416435
340 341 745215283
278 279 439216720
147 148 174702388
277 282 42975359
227 349 63057095
119 120 312959113
170 203 29593591
199 200 103439134
173 174 220167258
69 70 381594716
315 21 66956358
213 214 696462260
26 27 369268902
325 326 697234158
224 41 24265103
229 46 30408289
347 348 837041024
237 245 41532325
337 338 369148702
142 209 6948366
36 37 109882056
144 145 330008546
305 228 66086002
91 92 814075945
205 206 295704817
149 346 15160860
328 329 873232491
223 224 573946631
126 127 38995434
181 182 751748030
279 280 482427507
31 111 20345848
58 59 450743318
219 309 4321
31 268 45964651
208 209 825951923
185 60 21474001
232 269 91615990
162 163 918358644
66 67 567305899
289 50 12840941
152 153 533734627
171 172 318842948
29 30 311353576
348 349 649712752
329 330 580218472
30 75 33642810
130 131 748445619
254 255 965923034
198 199 223889460
342 37 70156394
21 294 28879230
276 277 705420507
85 158 65706370
39 164 78031035
239 240 55603778
218 219 91246585
310 231 30578563
334 335 702831458
326 327 543717689
335 336 507633536
175 176 30318202
272 273 500580209
159 160 154170829
263 134 51289118
332 232 19935342
160 161 19938784
291 95 92527557
258 259 13763465
86 87 217966590
160 333 72703615
200 241 54735653
312 313 479418550
47 48 884170307
277 345 94736335
48 49 538535739
225 76 51680745
19 301 58498566
113 114 527897369
215 216 966241732
289 182 3605526
303 304 519864582
212 193 80159760
302 303 253100249
7 219 26999644
71 72 441937451
138 346 1874446
218 349 88911237
229 230 535334137
165 341 98607622
143 144 951536154
53 101 63364405
301 302 486556766
246 247 672464822
264 265 97453175
178 122 13356634
216 217 718226690
188 234 24183052
350 351 433671695
98 235 98771675
100 200 11852249
48 224 87845949
122 123 282433356
243 244 312518349
283 284 229579383
55 56 2095734
311 291 87254478
228 229 135654127
102 103 596847251
223 25 55118408
38 47 57461308
49 50 911644092
22 23 444241809
76 119 42469814
311 312 515216395
80 81 482709260
127 214 48905091
148 155 6730016
186 187 30894145
209 210 870997410
92 143 86123891
58 216 9849651
310 291 72371734
5 6 284599104
316 317 759039230
87 88 295729516
218 219 8219031
296 297 332555440
107 108 170579735
167 168 854187344
156 157 774687135
39 40 878857344
137 247 20807704
135 136 36924624
136 137 716944650
225 226 292766986
232 233 459656609
341 342 860140962
168 169 523618192
32 33 591178843
125 126 650229838
226 227 804703723
210 211 71012405
94 95 537330213
1 306 50579511
282 283 75049416
307 308 112068396
273 274 436025622
341 69 42425451
83 84 756069883
324 325 40064791
124 125 801074964
352 322 664195
200 98 95382471
299 189 15778286
144 71 90229621
195 33 75826645
118 119 185119813
179 180 307176081
153 154 287112976
64 65 508043412
183 184 232308676
103 104 715788643
284 285 935004808
9 10 111695152
295 296 989535705
261 262 331024396
35 302 97322165
298 128 1472857
48 283 24901369
349 222 63994973
211 212 729568253
176 177 623252371
184 128 90036408
325 87 13814596
28 29 528787118
227 228 520998048
108 109 764746442
330 151 19609897
235 236 839474903
169 267 82263440
44 45 902806407
104 105 485284294
296 5 70070697
129 130 985643346
330 331 703261691
319 320 197197097
293 294 9861080
131 49 40275031
140 141 607304677
244 245 936131926
347 279 70673174
89 90 927466605
93 94 861019519
90 94 83973578
190 191 160332473
114 115 993607494
67 68 896686065
135 198 878915
265 266 208622252
96 97 872531796
261 349 88461012
40 41 39930381
141 29 78576468
343 344 347707452
73 204 8224180
271 218 31402867
319 103 55143094
260 261 903663888
19 20 600698621
92 93 869859788
120 265 30759031
185 186 539036306
89 231 43145798
191 192 519668062
217 218 35145747
317 318 997781642
32 66 65888083
18 19 357836508
27 88 71352834
305 306 854623056
346 98 43851440
107 61 48324096
269 270 396807175
282 85 95043950
331 116 25661978
83 185 82057555
206 206 91938493
262 263 207405489
176 254 20920391
137 138 223738703
284 180 99325178
131 132 451076946
299 300 952105739
105 106 741034386
184 185 302575321
122 49 29166490
165 180 64996168
345 346 40133181
250 251 542160590
206 207 698803634
161 278 31678128
322 323 136257841
177 178 534140208
315 316 710025291
220 221 48477018
68 69 398838765
206 126 16641338
123 124 366347270
84 85 483422120
99 100 90615273
310 311 717824490
162 279 42218858
153 250 69764321
158 159 156151751
65 168 38043031
266 267 879354209
278 345 54586758
60 61 327085728
76 77 456316528
297 265 30501727
204 205 27761236
34 35 207996142
304 282 85175342
212 213 927514371
236 165 99482792
231 232 680740463
221 128 82919267
37 291 38000745
318 319 282779882
45 46 343401847
133 134 662135600
140 193 21547225
53 54 169281436
65 66 515395622
137 6 47961441
194 156 91690534
109 110 74548618
349 350 772193883
267 268 542499312
192 193 761039692
125 146 69940212
257 258 67043558
116 117 170540212
151 152 18329225
327 146 59540612
352 176 28615879
120 118 50337660
308 302 33247629
249 50 92672876
116 215 6372110
231 211 36656881
339 340 153770667
323 324 410298015
121 122 450964432
195 60 93274194
130 262 19448269
238 239 791719112
111 112 942271652
344 345 570885106
203 204 412505298
59 298 1842505
288 289 837684898
1 2 948015476
166 167 687693345
349 73 57284770
306 307 109173723
242 243 677162992
170 171 836497274
241 242 354971470
256 85 28995994
346 347 406798886
237 238 279842274
14 15 671736512
152 149 72932728
229 110 10735967
289 290 635466081
236 237 517146965
321 322 839430307
116 277 662440
239 132 19234406
336 337 289655683
28 146 50621925
259 162 47248448
158 94 37101476
277 278 528132981
327 328 713695380
27 28 31314295
214 171 81582710
95 96 931136018
46 47 828508247
16 17 165184560
3 4 829564758
324 350 26922774
10 11 68903742
193 194 272073087
280 281 793976652
214 215 729713708
348 309 27238035
73 74 68543704
233 234 938322691
113 105 21050923
57 58 338782690
248 39 17189413
197 198 228505495
