390 563
141 142 369999979
260 261 949363211
224 225 990212258
222 17 91551019
172 311 90570444
2 3 352351896
293 294 513496741
193 54 48512680
339 340 969589730
268 239 62879605
273 41 24162717
227 185 83267144
303 207 39398339
248 249 94688475
199 217 78108236
173 8 74448729
274 55 89141058
197 294 3679017
343 344 336445759
71 264 26292532
217 218 202957007
191 192 555478601
204 19 53990760
281 282 476417151
86 87 659768168
154 155 894310877
138 34 11703089
286 287 76536385
67 68 697728819
101 102 673001228
17 363 59060969
385 386 417340712
133 238 25248124
253 254 823339458
238 138 18897123
244 245 330971665
127 128 538756584
330 331 724467776
258 259 463402487
284 14 63539574
290 291 536883453
127 350 37485568
112 113 357692465
216 123 44758217
164 165 437681763
287 288 490877799
369 370 96416057
388 6 36983391
82 83 729557607
310 311 493181239
247 248 359900369
126 127 904632775
337 195 58569055
340 341 293135498
175 176 244675730
116 117 266695058
233 328 65118378
346 347 430365583
282 279 46465853
349 322 58611482
199 65 56629860
62 63 401812757
95 75 94399876
90 91 44782950
364 365 167025136
228 229 921654966
349 350 592231212
96 97 297515691
274 275 784293202
93 94 522497473
337 338 30550167
275 276 284521173
204 205 698138358
298 299 548053322
282 204 94692331
176 63 39902993
5 180 61900828
370 371 231157216
313 314 201785186
123 124 943615988
81 82 363023334
314 58 79681207
302 303 530375423
288 289 115939066
9 10 535465642
17 18 943672094
229 230 878393870
386 368 38615824
52 53 179941189
80 364 52559233
216 217 396432478
231 232 158112736
132 133 762062223
328 329 107598210
274 360 90210890
378 216 32413150
243 190 14754531
25 26 867023901
262 263 570710282
43 44 968130952
378 379 423165999
257 258 506856877
189 64 14824761
83 84 437990940
336 337 724759155
102 103 172864462
274 304 94604454
23 24 304881074
374 375 110962937
332 333 277760053
375 376 831421990
321 322 348585921
190 191 714489349
54 55 719244330
367 81 26735586
327 328 186023830
223 224 266232635
41 42 505371932
324 325 317094442
31 201 65780248
331 332 157888180
129 130 375159078
190 102 38283493
210 68 84991117
220 221 278154590
201 202 207166445
243 244 34219716
387 388 394541077
318 138 29355634
31 109 91718845
356 357 610360714
187 202 54004557
173 174 971645033
317 318 201798156
61 51 6045121
151 152 528646646
202 203 947776638
359 360 976690923
365 152 88463674
286 64 96781996
120 121 867992600
361 362 9633106
178 179 956681177
176 177 583370257
92 93 521638774
252 109 23259928
381 382 793662404
36 254 44104338
340 44 58710956
365 366 165708605
211 166 58895292
83 306 66948854
379 32 62574193
115 230 9963142
246 285 75841642
352 353 276432897
63 214 69343439
145 146 456880099
343 371 70646950
40 41 4879614
83 14 30223685
167 168 242021076
363 364 633117927
292 105 1963531
30 31 142015065
110 111 20592129
3 53 36992476
37 38 238800488
58 59 287402592
372 373 635878385
246 247 565983065
71 72 369740066
292 293 72076334
59 314 61988581
103 104 785113144
210 211 865137446
368 369 164988883
321 27 77767907
45 46 203373577
61 62 269139037
341 342 5542178
48 49 698318932
291 229 52386474
239 240 533784022
142 269 5414620
14 15 955439185
307 260 27690420
206 102 86304385
182 183 912770787
389 124 7859109
251 252 106477383
184 261 85014540
169 170 607116751
230 231 868541587
150 151 54260337
308 309 698265216
192 193 354459313
144 145 522238702
152 153 404925919
69 155 41412688
294 25 20906314
74 345 36467762
165 166 932561000
211 212 300075418
272 273 697386435
158 159 620346810
140 141 36021919
306 307 142369536
187 58 15852310
202 344 84264389
207 208 661208250
36 382 70200369
55 56 208456230
312 313 659679023
366 367 11473363
27 28 18373137
283 284 960973366
226 227 204002983
32 33 419779193
315 355 47787955
158 309 71889427
42 43 841100377
325 233 63858454
362 363 146986341
189 190 346898958
322 323 700983745
266 267 218091623
115 116 183616231
217 167 71361113
213 104 36349474
234 235 329367205
146 324 95238282
20 21 615805928
206 329 88994836
347 348 517474430
191 125 58287054
98 99 99650249
305 306 326509846
339 55 90635853
249 250 284076514
1 2 59156699
179 180 268632097
94 95 45241066
380 381 268721808
73 384 79972072
131 213 71543357
255 256 609283757
368 161 92934694
100 101 710278656
177 178 270096974
163 10 87480791
124 125 703218062
311 312 304457595
341 68 64634045
161 162 496744896
84 85 29899626
117 118 682377285
384 57 78432715
382 383 465302451
212 213 615004859
147 148 573607913
197 198 247388923
141 336 75389914
78 79 327880604
63 64 735876688
68 69 793309296
183 184 623275973
200 201 472791786
187 188 386874769
12 13 769321373
236 237 141054314
118 296 65867377
28 296 78294234
312 159 98521026
208 209 635494049
247 309 9975229
223 11 97846525
172 173 615997644
291 292 913365107
309 310 92456208
285 338 48669322
294 295 227037187
278 82 46301823
39 40 276440062
371 238 67996078
114 115 120555122
99 100 309363606
315 173 63738637
105 111 91289208
359 108 84419982
166 167 543228064
329 330 671285143
53 54 652791111
163 170 32027334
89 90 416381132
49 50 121501452
219 220 898517802
116 40 532919
383 384 154089126
10 11 651677322
166 64 45252
194 195 176648436
122 123 105690971
121 122 9331805
235 236 834087793
334 335 227618598
344 345 431275978
184 185 146881473
104 105 441903408
321 323 74615151
18 19 588543229
131 132 89336780
389 390 448308019
136 128 59662328
350 351 541390161
238 239 153354233
188 327 83990271
358 359 245852088
222 223 440385355
349 62 16061587
40 139 35560638
325 326 427536209
301 302 519924855
347 133 74154168
146 358 4016959
218 1 19105704
112 256 9001748
78 371 56508408
316 317 411840786
79 80 202190879
293 85 93475401
279 280 509799368
168 169 912735062
300 301 322563629
329 111 60002103
249 236 7693889
335 336 40552709
50 51 689506198
351 352 93916419
38 39 719948099
33 34 31806374
80 81 489937512
319 320 40499933
315 316 792173507
155 156 323417366
10 46 91705111
373 374 771797403
248 93 17250338
299 300 936945991
380 338 97382022
59 60 678616209
170 171 992082465
118 119 486196454
342 258 68351735
265 266 196229269
75 338 6870375
267 268 975511107
34 176 5903898
236 224 92237967
107 108 420024895
237 238 139417409
360 361 95709568
273 274 461859471
376 377 125130939
76 77 203136806
326 327 872009337
367 368 534664487
384 385 870531503
188 189 921628566
24 25 899772850
254 255 86106076
181 182 599801070
185 186 385634442
109 110 343778065
73 74 199646043
46 47 363140576
11 12 903534231
278 279 500858021
271 272 339024208
13 14 715518586
50 40 69174996
281 127 37485010
137 138 45125204
16 17 222878195
94 367 34569474
193 194 572550623
174 175 411048303
284 285 866044421
156 157 14025633
106 107 931763246
347 276 54275374
135 136 419687434
159 160 21594166
184 387 52876548
199 200 779050576
42 173 32515358
354 355 376964141
388 389 521010703
51 52 977435859
203 204 521708195
296 297 117041434
385 312 54829351
233 234 543043296
128 181 67980727
333 334 460645980
186 187 906421678
76 176 73030423
70 266 78715259
160 161 97466145
276 277 993356748
119 120 944626000
196 197 678363222
171 172 421286835
22 23 137693624
125 126 83122502
340 69 26252288
97 98 462044972
241 242 561903002
214 215 534523291
345 346 645069163
313 281 4396115
54 388 76194053
44 45 665788779
252 253 166427282
42 250 53064141
153 154 934232587
280 281 83770122
47 48 243610262
297 298 612452270
26 27 512035882
348 349 588305255
21 22 47379066
85 86 581772677
161 124 77948400
314 315 542902711
157 158 380713100
6 7 438618288
242 243 421675019
134 135 215173651
69 70 982817655
225 226 31301311
35 36 82463729
377 378 10887201
387 380 79612381
91 92 784376493
56 57 203517656
275 48 30951121
386 387 197512261
19 20 741666271
5 6 506173389
113 114 916752606
205 206 888062540
7 8 358261860
295 296 787263026
309 153 55198406
261 262 48033771
282 283 639667231
323 324 337973327
89 277 89551414
163 13 4054173
162 163 202455226
66 192 79976398
3 4 254053015
138 139 401577265
66 67 795265720
215 216 593344776
195 196 565491558
256 257 912801945
289 290 251806935
75 76 630435050
74 75 437931848
60 61 383998484
29 30 322549158
342 343 501241325
128 129 989131135
268 269 771323573
250 251 785200452
332 390 71726471
210 335 53563491
232 233 245946702
139 140 282741626
39 112 53320788
4 215 55916735
28 29 326040287
338 339 825814787
215 26 60284055
8 9 282011324
180 181 171704430
307 308 939254742
133 134 740189341
209 210 34886621
146 147 457132037
271 374 44428564
149 150 786539529
51 102 81091019
136 137 353574693
269 270 834662277
74 298 14328549
130 131 314901041
170 266 38473059
264 265 714496141
303 304 926659261
245 246 237218947
192 379 87272653
12 372 67790204
4 5 289757394
263 264 19837249
304 305 877814711
114 136 92379694
213 214 143723670
44 160 41269960
148 149 927554463
357 358 106730066
64 259 91483314
124 240 91949614
227 228 844371915
281 229 85685510
128 147 30985976
374 12 44810939
379 380 137036044
198 199 297239070
270 271 100698481
291 38 37821250
105 106 461960646
34 35 237032335
350 184 7697850
95 96 175177941
285 286 6891676
320 321 528034545
318 319 756250764
31 32 145876281
143 144 954931745
353 354 645710544
355 356 138055240
70 71 121619827
210 381 2366169
87 88 291085377
218 219 31788290
104 68 14038184
206 207 374284262
108 109 484623488
181 36 63054642
221 222 676265423
163 164 583951248
142 143 896889610
371 372 786407896
64 65 480647586
148 367 15773407
214 53 75971985
65 66 851895564
72 73 471377697
259 260 158086409
277 278 907853216
57 58 764149147
87 381 92107639
15 16 607242540
88 89 919043848
111 112 98745450
36 37 758214519
184 306 63406550
39 288 26108506
240 241 43242560
77 78 137831825
