362 585
318 319 207306399
36 37 538404001
108 109 394299055
233 134 61563656
138 9 99602738
191 192 134472525
153 154 683745414
258 122 57075724
233 234 437822780
109 92 32553058
360 361 224625782
316 317 493521212
319 320 944897484
263 220 93282159
293 294 914251508
327 328 555037407
77 40 56409880
260 261 310668875
54 115 22059203
75 76 811855371
129 130 767830847
223 224 901531344
110 111 559819144
146 247 84507015
44 315 79926627
269 139 22217394
149 150 709394025
281 12 99952737
88 89 824672134
73 74 508209781
90 91 599684740
216 217 362571235
6 7 720750692
354 160 48623865
104 105 13836128
183 184 297975813
211 212 441149092
255 256 797196899
263 264 304861919
333 349 84204600
175 176 353228661
246 247 243583382
48 88 19994207
257 258 767398055
350 351 45810917
172 173 580782513
314 315 162272170
321 150 89247306
317 82 41927600
171 339 90943958
196 197 285456638
276 5 89636123
114 320 90712749
346 347 421029087
182 183 514030538
177 178 832230194
129 251 4896387
89 90 322086172
185 293 33239212
13 14 343562899
336 64 89328466
323 264 96153411
7 8 516124834
221 109 35981038
78 244 24678089
140 141 862923325
327 14 25013446
24 25 573630723
337 330 73956639
309 67 9812697
183 217 39801388
108 300 52216998
45 46 132502677
273 153 6378179
292 293 417134907
33 225 59855310
199 200 514296064
342 313 96954987
187 188 988225922
103 104 384298573
283 284 312613309
105 106 949236716
265 266 320054205
315 316 384229200
44 289 87765920
280 281 730982342
16 303 12796261
154 232 25275933
291 292 598443634
74 328 2822887
86 87 77512516
266 267 214164762
254 169 78730948
171 235 2467258
61 62 963060838
160 161 154734635
145 346 57305068
37 38 529260569
198 199 836989981
145 146 23537709
222 223 268701752
288 172 32032920
309 310 965966039
189 190 205416184
171 208 14099562
69 334 38633184
174 175 23603120
252 253 844466704
123 124 978720013
169 170 817733410
296 297 37678077
283 330 57477802
58 59 50509354
208 209 242163955
181 182 230116683
132 275 61278960
59 60 279301826
51 52 599669331
329 330 317821995
299 300 248803202
287 288 34671026
284 285 233284403
100 180 87006938
231 232 674767545
79 145 19248915
179 180 367509528
269 270 956875660
339 53 37450293
291 244 96817208
298 240 59651930
304 305 575384623
38 39 582599259
93 137 12804012
176 177 982589787
57 58 270307415
93 94 449843012
49 332 7966943
194 195 913360873
324 325 396313550
201 202 402177776
239 240 805748329
54 55 937833199
118 119 131520696
225 350 24918688
239 331 45024409
107 108 278437284
343 132 39449066
198 106 36273152
209 210 50901495
19 20 759347266
62 63 727170055
112 174 49932898
347 348 872901609
190 191 508523016
144 218 17735453
248 138 25812048
117 118 890494902
121 122 561096684
125 114 58839354
152 153 975105005
34 35 978379818
200 43 37020341
222 94 20868699
185 355 54674565
213 214 422645444
41 42 537090680
234 235 83096761
157 158 264423506
300 27 74223234
18 18 93816264
161 35 57512660
157 207 63803495
351 23 81876024
332 333 635097312
22 23 676680029
355 356 238814128
350 349 32721882
177 80 75134409
165 166 860404132
228 165 37322815
207 208 762976926
177 262 53269634
218 219 702551076
33 34 685832239
225 258 82271281
323 324 917167948
306 307 44665789
192 193 250681941
132 133 28871196
39 40 784791756
285 286 684382253
170 239 9313100
142 143 499352326
258 259 279280972
9 10 682204208
257 154 84024017
146 147 86401469
3 4 835132099
276 277 339083380
312 313 196167989
245 246 70483689
227 228 868227798
137 138 877076013
200 201 22548019
126 127 994591451
225 226 634369169
349 350 771969953
341 342 371037925
357 358 769443419
238 239 226798080
335 208 24847761
336 337 732970680
298 68 26365356
181 111 49963556
32 33 427565684
328 329 532775067
224 225 948231343
69 70 507782059
21 22 322650626
175 344 54801240
277 281 94083553
241 242 204921435
189 81 24760497
122 123 71120075
345 346 505540485
119 120 750864734
147 148 320553327
244 245 24937026
127 128 369191722
182 269 69184295
194 30 6082681
219 220 186918050
132 198 67385101
168 169 593626628
337 338 109865449
116 117 452809988
167 235 96399903
82 251 87877060
321 21 4407103
335 336 888638659
84 85 98015585
74 75 405181344
114 238 91683218
190 286 79883238
27 49 87240120
113 114 380583205
351 352 549969265
286 287 512825213
95 96 78024636
28 343 93091713
205 206 32887475
253 62 99279666
259 260 549859855
12 13 681104416
226 189 55415887
269 288 39229781
321 322 465835161
289 290 523061448
151 306 8293480
168 302 3962778
170 171 939229519
339 340 202073079
233 15 4176817
20 21 164575258
249 276 36578328
68 69 364486810
271 272 260244095
82 83 657289336
47 48 872181790
136 137 531581390
64 65 20199099
326 52 87570730
46 47 95532436
278 2 76705283
138 139 719098508
96 97 589258203
99 100 783577178
288 289 831898725
334 335 417342693
65 66 662709889
311 312 164312038
10 11 885973783
158 159 765446545
38 208 60190342
256 257 673442143
170 128 82311436
250 357 44952
18 19 867196952
79 80 823207593
301 302 731593736
42 43 413322796
141 142 476461907
91 92 426010378
66 349 36815166
25 26 370454191
124 125 597296220
340 30 74787297
309 316 89511803
210 211 901084215
15 16 300969066
8 133 39092310
230 231 436969764
268 269 411726570
92 93 172347283
18 353 50354820
221 222 416385375
144 145 122601262
70 71 986211319
46 20 58790231
128 129 185067774
162 163 108776929
197 198 593943401
45 150 7475625
270 271 185971798
251 252 124338396
300 301 346359767
358 359 134080883
29 30 337981700
163 164 301904884
228 229 298389851
229 110 52890157
253 254 112251503
59 265 20761054
71 72 137383281
87 88 871462000
348 349 236750527
35 36 567851872
16 17 132067059
48 49 408250601
262 263 751333965
232 233 362984073
86 31 31366466
167 168 694384210
215 136 12605375
308 309 305703844
155 156 995884149
43 44 275136586
30 31 743721960
309 236 54651100
13 313 41465666
298 103 58714923
322 323 100992463
26 27 587543885
5 6 827550460
100 101 888295744
139 120 60020328
180 181 31233945
353 354 788219830
303 304 514802239
127 234 13624023
173 174 292977026
143 144 841704104
97 98 80750233
8 183 44644465
354 355 736292588
193 215 15901079
101 102 168951647
35 27 90202775
359 360 937831818
20 340 81483857
222 316 90186275
80 81 196125669
344 345 418947458
78 79 777974353
38 359 87422020
305 306 556573553
76 77 841036902
51 17 18461199
270 93 66632317
310 311 400302060
151 152 938962888
125 126 964489339
60 61 835011522
128 103 22559455
40 96 64036903
195 294 39501596
66 289 91400673
340 341 68375370
106 107 217087341
193 194 620149245
331 332 71635288
50 51 771185695
115 116 508143060
294 295 925164538
133 134 204966878
122 129 17782928
84 264 66885167
44 45 379272361
220 221 109479111
11 319 86299295
81 82 325167458
185 186 381488397
272 273 260450668
282 283 220989518
17 267 74878846
193 151 88324769
290 291 217447927
247 248 802957730
199 75 21567260
139 187 31721002
320 321 555697656
164 165 200282592
316 324 58390671
63 256 31717490
243 244 861620985
59 231 15862884
343 95 75786236
214 215 521436682
279 280 64385042
142 25 74597127
72 73 532347699
67 68 140616069
183 316 29381628
140 174 25901797
204 205 820217341
139 140 428991834
325 326 804213579
313 314 574962880
338 339 191399911
40 41 530941686
114 115 128919623
13 137 77099854
119 266 46803899
85 86 755431150
295 200 32627464
349 255 6955503
188 189 863224448
156 157 153613770
203 271 62773939
112 113 674266889
134 135 932706230
55 56 525908910
120 121 132367039
362 223 77018037
340 237 47356084
118 203 42863906
151 355 16091349
195 196 770679032
336 93 80916378
31 32 139496963
47 176 11529366
358 64 85261835
184 185 170568104
286 197 21721997
307 308 817962662
237 238 318923863
235 236 440637431
28 29 87196157
52 53 160675495
342 343 938731080
229 230 373204502
94 95 9389735
333 334 318893229
215 216 291133913
8 9 658063144
24 126 73429632
161 162 441768707
178 304 55035443
356 357 457284886
321 110 39384046
274 275 994781570
298 299 147392502
164 81 36256403
111 112 949419233
275 276 736770917
164 337 35797463
339 146 60572864
269 324 95812657
23 24 25639876
13 109 78634493
30 114 34604557
283 189 90831852
323 327 16370678
330 331 396655181
178 154 48343981
317 318 630073213
236 237 878986922
228 210 14854564
226 227 777968129
77 78 667669750
318 135 47712939
297 263 29821408
202 203 754734806
135 136 575119704
154 155 561318818
280 247 53802056
132 54 22913861
178 179 546676031
27 28 642226027
240 76 47591626
83 84 116407163
17 18 396212501
335 41 59344033
343 344 838019437
249 250 297454115
111 346 8536100
261 262 976681605
50 133 42786784
203 204 966564209
128 28 66731744
148 146 41885558
74 104 72880400
49 50 712867718
254 255 464005699
56 57 414078875
1 2 532052856
134 173 5689354
171 172 65886320
131 132 666616232
75 89 92088764
152 183 20433323
29 70 87112605
338 99 91717522
291 88 14337218
213 182 44463923
43 351 60092645
277 278 391398340
205 206 243014955
98 99 637175932
13 8 26175889
4 5 76337962
281 282 971243851
2 3 670532864
248 96 96736245
159 160 217354994
66 67 420997546
102 103 800613961
188 103 36701873
212 213 609318686
65 14 40982757
217 218 40053650
267 268 954678848
130 131 417396523
273 274 634086793
58 201 81023913
160 234 87701863
63 64 583521437
180 72 95127997
148 149 208602232
205 259 61940013
351 251 75127394
250 251 671139280
107 184 87394025
184 99 30841993
54 155 92059900
170 121 41736379
297 298 362853585
345 178 78849941
252 73 84926962
229 156 38286346
100 17 12094915
150 151 362187789
183 20 11167949
302 303 212254723
352 353 182587742
161 57 19471610
240 241 906121049
253 49 85498788
4 202 86483195
242 243 166301992
264 265 777785620
184 177 88554691
206 207 46890879
235 328 911024
264 212 89573133
25 26 18408217
109 110 271877477
64 65 449603423
172 259 43922933
295 296 250867110
252 295 98502173
170 336 29161925
361 362 630251562
248 249 998124676
250 252 13476628
53 54 206583441
14 15 49706481
11 12 72158207
166 167 998380258
243 361 52880229
326 327 436180949
278 279 877969672
87 113 62904805
225 350 97706985
186 187 95798778
