396 553
241 200 57442025
276 277 971746254
345 346 970947788
364 117 61264338
111 369 75342258
25 26 229922567
310 311 415951427
119 120 597716741
274 275 403993979
261 193 53792505
209 210 229838349
70 190 7569288
97 131 14155601
301 302 52372528
115 116 587837955
152 153 9528995
19 20 992770502
385 386 764249934
325 333 32038073
281 71 51695680
135 136 189089374
268 269 607268197
23 24 883043337
255 256 369853098
175 176 10376452
39 40 282812548
36 37 301163277
334 335 981304746
181 125 28577489
295 296 585940339
243 244 78486288
13 14 5136690
260 261 383502065
307 249 91558909
59 60 871629183
374 375 993181937
297 195 80059280
319 320 252027903
65 66 218905006
276 79 64313346
337 268 68508057
305 306 183749459
277 278 179921876
217 218 710756989
331 332 974417413
393 254 98670100
342 343 977772776
356 286 58938236
48 49 352740055
336 337 659908351
260 321 6798780
95 96 298720614
202 203 356162934
144 145 431473001
252 253 567963937
388 389 377353096
229 230 285816689
349 350 771713254
220 54 19301580
208 209 324138654
58 288 78118250
46 107 39888857
160 161 364272310
104 105 58634215
232 233 599581638
362 363 592734498
126 127 951187466
74 228 15070129
233 234 453601891
215 216 615026095
132 133 367019064
24 25 773305404
358 221 50702992
395 396 232348687
337 338 183753993
128 129 799066796
289 290 410722351
297 298 189406534
31 32 343309341
287 288 604528804
338 48 48848972
290 291 152825715
338 339 324533464
249 250 711371077
265 266 431420622
49 50 922037732
266 267 955888936
20 21 999630032
228 229 977437365
232 98 52703351
348 349 673304657
311 325 19332288
88 89 294711147
370 371 93355799
99 100 552280906
352 353 189234966
371 372 203850863
33 34 593787788
148 149 968655951
346 347 843238445
57 58 276573963
109 110 394497282
373 374 791133112
246 247 405690018
7 8 374571988
63 64 122684942
328 329 117608587
293 294 894383758
394 395 240188833
357 295 3375927
101 189 68590401
80 81 833800255
111 112 32308636
252 351 69002471
86 117 99750535
299 300 619308026
134 135 488028958
114 115 779576311
123 318 33614409
350 351 806401019
180 24 33303800
220 221 245223027
222 223 662466683
51 52 197605084
147 148 316920620
291 292 465399233
163 164 780330235
390 391 955077367
133 134 230453598
83 84 400969853
355 97 4556628
264 365 39614431
29 30 847363572
164 165 517337236
17 18 773942373
73 74 539962238
157 158 108380807
307 308 674340573
81 82 6452494
102 46 24441599
16 17 24240503
145 146 661261354
381 240 77782333
108 299 56658894
68 69 846446646
138 139 112273003
300 301 917384766
59 366 76276466
96 97 231308323
154 155 90041585
312 313 171412937
214 215 313159656
313 314 463214371
356 357 289008863
151 152 935371141
330 331 572736881
47 48 785451450
237 238 915435487
211 212 635385375
292 340 57662682
113 114 158559986
130 61 50680375
235 236 449811883
324 325 419357744
329 330 646479131
270 322 53233515
30 237 22593221
28 29 644670733
162 217 42634225
35 110 9112658
298 299 285664939
256 257 374700164
230 231 936825309
367 368 372695682
296 297 816542538
281 316 67325968
187 306 97836906
79 80 327145791
350 207 76866018
10 11 629302001
361 362 423536492
191 192 415072424
169 170 193070017
351 352 937051024
387 388 462964717
130 265 48971880
281 282 767627930
12 13 322955896
27 28 328846813
161 162 379893260
107 108 535778478
1 2 116123003
139 140 799404299
287 130 50118724
203 204 38869372
326 327 328676977
358 359 549591961
4 5 462790953
238 239 144532490
353 354 924775718
366 215 27962290
214 165 51096088
149 150 350640250
30 31 602561586
97 223 10966790
158 159 450483160
327 328 63174870
198 199 301639622
8 9 390294137
251 252 155512604
134 365 50695058
321 34 89939914
146 147 619036172
390 30 91197568
219 220 41639213
178 179 601365659
177 178 614041158
382 383 758595939
181 182 632743514
96 28 28822975
24 242 45191258
33 295 22477904
381 382 48108805
159 160 688518315
353 35 47991036
162 163 447711629
371 320 37386388
15 16 749387737
3 4 174936773
236 85 1831594
229 155 18785551
344 345 341751633
101 102 736133963
308 309 481967806
322 323 473706241
240 60 85856420
117 118 107411998
153 154 156152442
13 276 87602763
342 374 17882148
303 304 27018916
317 318 853451166
375 273 31046685
389 390 284444616
116 74 68336228
79 263 32132890
282 283 625392363
347 348 392450404
212 213 807369256
380 381 26767036
343 13 69696975
218 219 314855566
363 364 451243939
64 132 89656139
368 369 377548886
254 11 5407479
370 67 57811293
165 166 357880615
210 196 62696791
262 263 371037030
333 48 41900255
89 90 715705740
364 274 55010160
269 270 1632354
34 35 158709881
103 104 460787659
376 377 917747391
357 358 2883819
148 53 36881083
224 225 475463830
341 342 622472148
150 151 103859852
21 22 952984434
180 181 523013278
64 65 982184279
264 265 900622495
58 213 10922042
231 2 56740570
46 47 28352062
236 237 316535934
10 9 57893605
213 214 74086805
196 212 61584078
309 141 78952443
393 394 71437560
88 215 9070701
240 88 60447200
38 39 373467680
176 177 193410788
67 191 73124820
243 165 81395471
70 71 816030730
306 307 979157856
86 87 528079288
92 93 215404804
363 246 85218507
259 260 71920715
391 392 16850256
220 17 64502
40 41 688748425
185 186 223940488
92 106 62882702
221 222 983439064
365 366 263343911
250 253 73767296
44 45 854738316
23 292 49884284
143 144 174442021
100 101 530175823
102 103 5380669
241 242 537559610
32 33 929747961
98 99 986721400
280 230 98681959
77 78 976656906
58 59 132963602
284 285 863801331
53 54 909713650
6 315 22312947
182 183 451831817
74 75 448232591
174 175 245262951
242 243 729215584
188 189 712088473
328 96 11506438
121 122 263282549
67 68 458353433
321 322 92272783
223 224 304825111
392 393 87175726
332 92 33739381
383 384 277606536
190 191 781906199
61 62 319565812
65 364 6909017
325 326 761709353
201 202 567474382
283 284 246196358
210 396 36514785
355 316 44465906
273 274 832082428
316 317 153261372
60 61 826625526
37 38 346392918
204 205 280501649
66 375 84976088
338 167 15875261
122 123 933515850
313 327 62557878
84 85 45813615
366 367 596295898
55 56 533377527
141 142 733712446
45 46 995345331
292 293 552168233
257 258 876666171
60 293 74377118
108 109 23818899
124 125 393517476
74 62 79890471
195 196 112784762
184 185 187978998
328 33 3418256
285 286 218708747
216 217 931206726
280 55 82774484
150 250 59871382
42 43 464698471
292 203 40731147
250 251 800150738
283 41 39413041
304 305 546943370
198 183 28074562
62 63 710905149
98 276 84232629
339 340 250309956
315 316 133109395
240 241 130270828
318 319 206509204
113 92 80524860
194 195 924865760
379 380 292114520
78 79 923153958
50 51 598360503
112 237 38545557
195 299 74016436
11 12 99860242
179 180 835789363
177 108 11701382
207 197 81035451
359 360 83178201
91 152 93374161
239 240 148913723
22 23 909183786
142 143 139285863
52 84 41321358
384 385 510352506
199 200 259324791
280 281 668053569
72 73 886737232
354 355 861462207
226 227 85404332
299 244 93389041
14 15 942955473
103 373 29976757
69 70 225990246
288 289 676596138
253 254 864883134
130 131 344842938
168 169 588860473
231 232 594020037
294 295 800556608
369 370 798656304
372 373 325476925
125 126 762437049
166 167 235292579
286 287 633970272
269 90 45032278
94 95 996826584
158 174 79446968
151 366 23102365
35 36 774087062
375 376 183054502
297 257 20589476
26 27 731077045
167 168 385130198
311 312 812407681
254 255 553076442
76 77 226724508
394 351 68491965
79 56 29952318
244 245 962258482
267 268 442567438
173 174 365819562
129 130 108448382
112 189 38072674
66 67 682602813
6 7 987426474
80 269 3236413
82 83 680853272
56 57 299134498
140 284 23371813
302 303 654064639
5 6 520952693
207 208 186348361
91 92 703773015
393 374 15756572
338 212 32459410
210 211 174758758
200 201 952671495
156 157 48852196
205 206 781345939
45 316 35189319
2 3 486104085
120 121 847921364
140 141 676939237
238 26 13957346
320 321 391311410
43 44 7713134
90 91 352783565
225 226 901196760
196 197 129690113
212 385 11760070
116 117 884563411
185 361 10414443
270 271 642435180
110 111 393860727
333 334 490569630
41 42 217258261
360 361 634318664
227 228 882285750
131 132 956864573
193 194 302462735
258 259 470122191
176 130 97966287
234 235 821766882
197 198 293585871
166 220 28846334
36 348 98435820
118 119 77856043
18 19 377590163
100 157 2692095
335 336 753299223
207 72 17013678
287 320 78339774
245 246 499929922
355 356 918097806
332 333 230647940
386 387 165208812
127 128 429815699
309 310 795487376
12 75 91297078
171 172 737155102
272 394 52481841
336 323 49421498
263 264 415033258
137 138 198175989
112 113 911317713
123 124 258855421
272 273 502976570
186 187 235445235
155 156 543774511
139 81 11107850
187 188 849595538
279 280 570600755
336 16 90792590
75 76 979693645
68 101 57463582
213 246 57012030
106 107 704323300
105 106 566385433
172 173 647517028
278 279 168238976
275 276 401221568
364 365 631689298
377 378 140593533
277 216 29904121
248 249 382483235
250 352 38296758
3 356 21169130
323 324 17124259
343 344 662568753
327 207 31284391
9 10 919475931
169 75 9958462
192 193 664582368
54 150 16567308
235 303 42464713
314 315 951039835
340 341 241084580
167 277 43439259
189 190 580101455
87 88 40248096
54 55 771131268
97 98 494271295
52 53 620465980
261 262 698113405
247 248 265452297
227 253 30715222
342 264 54163787
136 137 346185362
109 24 92146707
88 103 50055054
93 94 962924683
206 207 951408159
295 382 67015143
170 171 967219941
378 379 302929553
85 86 48503166
183 184 288901126
271 272 550280758
148 252 86374100
71 72 498591780
