991727239
990056952
1981784191
1975974602
988113708
988113708
2974739588
1988428814
988113708
1989011359
1989011359
1992301964
988113708
3960682615
4929703165
2939299065
3947081555
1994109710
4922981178
1961455268
3887045294
5861362014
1978661501
0
2968544921
2973643272
1993068479
2973643272
3956650916
4891434822
3898926765
4891434822
5810973916
5868726146
5871294832
3959908936
4720081360
1967647270
5851311506
5865420552
6704172053
5804201029
4666666026
7480641216
6542335046
2881902775
4788276410
9604013711
2757115037
8616205930
6725428417
8605658591
6594517388
11217349415
6728455102
11103885799
10301298761
4616672134
12217112955
12055720105
12134292645
10191360234
9320488849
6493523070
13024362792
6519389318
12134292645
5474508907
13022106129
8984193827
10023169462
12021844957
13683529778
15389572427
2687642014
8053347568
13681137368
12866428269
5282877324
8826972335
10713938934
13406490075
5282877324
14610166715
15236555729
13377974641
16112235553
15200862699
16180396261
15218039816
15219435839
20954358037
12292969478
16059719078
6915867062
17791561683
12292969478
17307094936
4312196408
18196069998
13049093070
4290698144
18094491447
3601563969
18928835688
18894127707
18894127707
12897385457
18499333170
15005501003
17583928667
15966000543
11197442102
10439152243
17513371438
16737119665
18911112777
17440066497
7635273700
18906623239
22939701237
16979585011
20270067523
12610689674
9346507647
17785295344
22657526969
19548045800
23335147453
17405727506
15749819614
18944300918
15060886825
10091067826
20434699681
21962313651
21010465452
17800211245
15798812189
20361891342
7990010780
21732429679
21293325230
818458155
17344272382
21030251934
21072668817
21637079692
22624985749
17911313838
17991847346
16141343211
14918079856
21943542363
21350840004
16204498181
20974229762
20075657689
12523612039
14158769049
22038760128
18370105396
19794976514
19946232017
15651938147
18886737494
25909791306
19715563664
15507456491
19946232017
18373396001
18994240663
19423001127
18096921152
22616192560
20211690988
20211690988
20747700667
14018533678
23262865801
22887980168
22253170847
23852428259
19346725350
7913180027
22261914737
17106617459
21296338996
26274681421
23332215563
20537153569
21633977788
21917555748
18413311134
23614319428
20379176567
20154834929
19566723920
24189234218
14773464085
19737260222
20767835255
17305816285
24877973135
20882873740
21582873184
21041668190
20099684496
19273281470
18390223474
21045869889
21088512008
1100283521
21568359497
15551722466
21477819444
22454716772
19083505306
19191429898
22559989372
21722520623
19630537119
818458155
20467371874
24224199477
22317285766
20231040445
20166995695
21755276898
23542357629
20733122303
20476163489
21902675777
25353434972
19000596283
20037697626
21909259221
17243541063
15763762166
19596914771
23894167953
24393762339
22617601117
23810347331
25194498190
24036250945
24393762339
24437730795
8188213173
1100283521
24651896386
21777329645
25175384077
5223470509
13262610616
22274947729
12946512871
24918872539
16706550536
19525936169
22965090508
22460305997
23627080550
25834935705
22455851675
18524754003
23139207423
25798063861
24594462012
15141705188
23943059082
26441069928
26439968171
13209067879
22698769498
23009436962
26855023100
22101838628
28176034820
26081502409
21501866485
27134703226
22904031158
18237874488
20986593370
22904031158
12268713292
20671528502
19454921233
24495335024
15890451050
21871592248
22454874411
23146606474
23451975275
22396687879
26137083768
21981362024
26537740213
21991749876
20603146332
3787925535
25705023992
26179660100
23145087589
21696568030
26676134439
26665949702
11775652327
20957235703
22737064474
25704034724
11828347777
818458155
20747947855
26211899506
23163653835
24747404033
7120195166
22981105718
23328318997
19844946760
22807696376
24247683079
3818247493
23184650956
23548316109
3950151256
25412311186
25289760772
4352308144
25289760772
4383290393
1100283521
20577703110
6186864526
20577703110
5876347031
4551316506
20577703110
22106949985
19903828036
7551775472
7551775472
6494915144
6797826877
7777360439
7556864255
22057096110
5179293231
5179293231
25197754869
5807481257
5465446246
10379495642
5492427451
6779271471
5652171846
