1000 1000
1 498 875 991727239
2 700
1 530 978 990056952
2 944
1 174 630 995666548
1 717 903 985749514
1 410 623 980308054
2 654
1 37 215 988113708
1 828 908 998086708
2 552
1 178 800 999127939
1 202 806 989883420
1 664 944 985728229
2 165
2 101
2 771
1 840 937 985369217
1 788 941 990342106
2 861
1 427 438 992805989
2 169
2 332
2 631
1 412 954 977558643
1 444 752 988105995
1 223 314 993174025
1 100 150 964379225
2 227
1 589 616 992150199
2 85
1 129 336 961177456
1 534 715 962699086
1 526 892 983565261
2 646
1 357 843 966860011
1 275 277 955337396
1 277 985 971398316
1 158 745 973821055
2 777
1 322 921 947746229
1 184 563 978333447
2 931
1 151 415 976446144
2 267
1 225 556 959885440
1 150 849 945985324
1 816 882 356280068
1 310 382 915239407
1 7 298 951939215
1 218 645 967530377
1 517 897 994981771
2 642
2 490
2 969
1 291 593 972250024
1 84 256 921832373
1 635 827 991466826
2 912
1 77 503 945321040
2 375
1 349 356 897406213
1 44 650 979533562
2 198
1 165 356 970528163
1 90 106 945817736
2 990
1 866 935 974611673
2 397
2 580
1 147 164 951272868
1 539 811 941589651
2 841
2 524
1 623 863 973643066
1 306 320 934374850
1 657 874 916871790
1 966 989 998781023
2 449
1 110 885 932215220
2 780
1 116 213 961129275
2 855
2 656
1 105 484 969501165
1 786 830 962347057
1 309 945 919539094
1 92 226 947609249
1 137 400 940140721
2 738
1 475 815 956771580
1 751 922 944086748
1 210 851 959598128
1 425 873 952477102
2 510
2 735
1 422 974 974332400
1 699 752 926501265
1 114 278 941328590
1 715 982 963212084
1 391 414 918070399
2 689
1 398 734 962756000
1 765 838 919626272
1 76 174 917645359
1 168 321 983385933
1 80 583 887179482
2 102
1 177 194 921020658
1 429 810 965314232
1 141 414 872182717
1 512 941 915020969
2 57
1 112 507 920037478
1 23 395 893285448
1 871 998 958558412
1 116 305 972099406
1 211 948 940197384
2 432
1 7 515 914255505
1 357 546 927158085
2 729
1 250 935 901931861
2 297
2 938
1 130 824 923280049
1 234 456 894779198
1 113 378 911952392
1 161 998 878334209
1 370 959 926495227
1 74 106 867117892
2 88
1 101 175 888736938
1 264 682 317437285
1 357 960 911612935
1 73 513 854479890
1 742 784 904111826
2 318
1 103 439 887643535
2 125
2 49
1 204 979 902116562
1 470 681 913865467
2 963
1 558 759 883798522
1 274 487 868697510
1 8 369 890920317
2 492
1 303 724 881024261
1 850 991 899832473
1 363 565 848669597
1 174 532 869664522
1 672 998 850749393
1 290 325 852310876
1 266 443 876093937
2 11
1 838 889 869229505
1 1 250 818458155
1 166 481 828329744
1 289 534 914163681
2 442
1 449 509 894319923
2 297
1 472 752 847205307
2 385
1 530 986 850141398
1 697 867 862193899
1 520 972 897684434
1 337 613 882469379
1 191 548 858809688
1 531 907 865041141
2 967
1 103 432 852728167
1 425 881 848978564
2 719
1 118 269 917190366
1 500 670 892028033
1 441 447 869149672
1 842 845 841193442
1 290 399 857046229
1 294 587 837654377
2 265
2 273
1 5 142 843849042
1 312 458 837002995
1 102 961 817738312
1 154 264 817969764
2 612
1 519 913 875390892
2 75
1 107 636 854951396
1 121 141 850489349
1 280 355 836058051
1 13 308 857236883
2 885
2 358
2 927
1 174 662 850302345
1 15 71 804675959
1 123 637 894723295
1 393 668 820252934
1 736 894 807249837
1 10 12 833642080
1 221 830 826241280
1 239 387 885132710
2 835
1 265 415 854470400
1 306 462 846944345
2 115
1 337 382 837028643
2 91
2 883
1 4 693 844448932
1 373 542 874411256
1 137 251 850487284
2 134
1 429 578 814917838
2 927
1 138 907 834491982
2 61
1 109 316 887857455
1 366 829 814167671
1 80 370 838540200
1 161 394 809203961
1 668 752 880622191
1 743 766 823937265
2 457
1 135 515 796467875
1 153 866 814630877
1 823 993 839665159
1 11 357 807681625
1 325 936 886587786
2 91
1 344 854 799553893
1 193 440 815949590
1 689 757 835075435
1 352 982 809777439
1 716 968 840283239
2 177
1 93 878 834622869
1 32 209 837116830
1 121 822 835748552
1 691 828 798189020
1 68 721 751063470
1 818 819 830431766
1 358 767 813252908
2 586
1 642 726 774334568
1 337 418 792213085
1 121 460 783361016
1 83 689 773063249
1 109 779 787911252
1 154 779 804327583
2 730
1 683 792 825521452
1 590 834 799082959
1 103 961 788755797
1 11 428 824076472
1 229 643 806956391
1 517 693 787613185
1 686 971 794906903
2 767
1 447 663 783382966
1 324 939 787231381
2 995
2 79
2 353
1 213 787 815240769
2 684
2 31
1 25 449 832132242
1 789 981 754138392
1 598 832 792536638
1 378 686 814784309
1 607 744 796481369
1 70 613 792617602
1 178 690 792736667
1 470 660 795324177
2 977
2 189
1 129 471 800735851
2 845
1 875 975 803350386
1 104 599 799636260
1 325 997 763390971
2 13
2 921
1 917 972 759379190
2 412
1 45 132 794849959
1 280 552 791040074
1 821 988 754748233
1 415 909 798906603
1 433 733 740003887
1 69 899 763436289
1 312 563 757684272
1 511 926 779048109
2 222
1 158 722 706892150
1 136 521 786261702
1 298 638 777204319
2 642
1 285 823 775052858
1 237 596 746472806
2 665
2 640
2 796
1 538 635 794983610
2 690
2 323
2 142
2 720
1 242 773 759590589
1 435 598 768947702
1 328 605 787848592
1 856 972 790653390
2 986
1 259 892 774993394
1 660 919 736039170
1 353 857 780287456
1 300 739 754802911
1 319 597 773486136
2 499
2 148
1 144 280 178741641
1 389 900 723232556
1 370 761 616264673
2 615
1 553 649 745751067
1 185 608 704190375
1 235 847 795176502
1 879 925 734819493
1 96 796 752334106
1 176 739 736050175
1 761 908 715926281
1 125 358 713326323
1 123 365 756123592
1 345 453 725628837
1 407 926 789816342
1 427 866 737348643
1 374 805 716873492
2 990
1 404 987 719406638
1 536 748 710614065
2 382
2 151
1 253 850 696354317
1 514 563 700547460
2 993
1 265 639 704605527
1 59 298 739212316
2 612
2 9
2 686
2 588
2 595
2 102
1 518 684 700423237
1 926 977 659309770
1 537 765 704921946
1 209 978 699665273
1 245 729 766511444
1 102 609 699020636
1 343 343 758280845
1 183 866 752305198
1 724 785 752305191
2 752
2 834
2 684
1 408 568 732658907
1 606 637 721289413
2 368
1 326 805 700465345
1 858 925 702964794
2 87
2 962
1 141 497 686854354
1 17 182 710432441
1 114 707 729371408
1 535 820 735882774
2 397
2 794
1 124 493 696338556
1 318 418 707610026
1 40 220 719468735
1 4 661 688430974
1 805 950 706494666
1 164 885 690131313
2 393
1 421 607 718605886
2 868
2 986
1 813 880 709448003
1 151 938 728265202
1 186 569 697474415
1 488 620 683686981
1 111 875 701142047
2 633
1 60 783 693778837
2 461
1 510 661 669665447
2 885
2 615
1 473 741 688099831
2 83
1 269 519 697721271
2 50
1 584 730 735423534
2 298
1 18 42 686261007
1 522 986 725117354
1 696 903 749812810
1 120 137 133153809
1 467 474 687434745
1 225 570 682175251
2 430
2 342
1 294 364 732449920
1 71 367 663906965
1 385 686 677620484
2 438
1 460 667 731661394
2 333
2 821
1 408 561 664632536
2 602
1 240 647 690762503
2 851
2 61
1 844 912 672425807
2 596
1 603 882 692459774
1 230 866 680283655
1 509 615 658521417
2 521
1 194 994 672154003
1 4 633 622009034
1 39 407 688542900
2 690
2 832
1 419 831 695889370
1 202 787 657488328
1 723 895 688015812
2 104
2 555
1 674 818 672688997
1 307 927 635114803
2 18
2 593
1 617 947 671040484
1 501 704 664689784
2 523
2 3
1 394 632 661159136
1 354 400 691078113
2 181
2 557
1 61 353 671238033
1 382 478 638149519
2 736
2 620
1 616 955 657598367
2 636
1 470 549 662134853
1 246 881 679298037
1 169 729 635282474
1 919 974 268152188
2 863
2 145
2 122
2 92
1 5 315 655887909
1 213 296 709529071
2 641
1 15 661 632321929
1 147 177 635704060
2 908
1 255 686 645503435
1 275 310 613235747
2 90
2 657
1 92 346 307532788
2 671
1 276 453 656567579
2 957
1 294 330 674499506
2 949
1 967 972 680546785
2 484
1 410 979 638098101
1 25 189 653424404
1 204 466 648638513
1 57 594 645072358
2 215
1 489 863 695707293
2 129
1 875 960 662914975
2 148
2 842
2 924
1 314 609 608973731
2 429
2 882
2 939
1 392 496 693780433
1 349 902 652684868
2 148
2 231
1 198 476 623002597
1 151 413 630345485
1 54 65 623978001
2 127
1 194 920 636695946
1 10 676 654933746
1 340 410 563179815
2 870
1 859 892 645667246
1 36 238 649855503
1 95 395 619210347
1 151 554 636916075
1 809 812 648973263
1 212 312 627705355
1 527 781 648452289
2 928
2 520
2 715
1 242 513 616526230
2 700
1 679 863 613830663
2 677
1 632 874 632115359
1 63 501 607007761
2 63
2 637
1 12 114 631050074
1 575 807 613887231
2 669
2 602
1 222 970 614883113
1 133 583 606890719
2 542
1 90 869 632626653
2 307
1 522 784 600643698
2 15
1 71 392 619477006
1 872 879 598555376
1 529 910 655596353
2 406
2 834
2 775
2 446
1 405 453 676799395
1 244 481 570951213
2 487
2 310
1 77 772 604741631
1 361 780 621216752
2 692
1 195 249 638491788
1 120 238 609027942
2 764
1 44 801 604460412
1 367 585 597512070
1 236 333 569850192
1 729 856 610804305
2 828
1 757 943 631401489
2 585
2 874
1 771 907 611292796
2 915
1 649 803 610811514
1 281 598 599285530
1 316 350 607618956
1 425 560 593784686
2 247
1 20 299 587302943
1 35 766 560732089
1 5 301 651508165
1 314 746 573141330
1 52 561 596849217
2 589
1 100 740 743275217
1 204 593 529163955
1 852 862 583116327
1 362 936 607792122
1 94 252 578698457
1 547 850 585649320
2 71
2 437
1 983 1000 565596623
1 20 586 587020417
1 447 1000 534686898
1 255 480 582293866
1 168 735 596540525
2 811
2 361
2 772
1 104 732 576025469
1 136 394 599680342
2 718
1 755 969 544239337
1 50 800 583474794
1 343 917 616207454
1 285 818 589511170
1 136 410 572604784
2 896
1 176 366 534751633
1 148 780 538925364
2 494
1 392 474 555642431
1 155 726 573716411
2 414
1 284 586 547568225
2 667
1 473 900 526522114
1 3 216 566979302
1 413 958 582686448
2 673
1 548 644 549392288
1 438 601 599081309
1 847 952 598233507
1 684 718 569680441
1 238 757 533556924
2 479
1 113 826 562645946
1 125 882 576199043
1 549 682 573060682
2 493
1 170 542 565468913
2 1000
1 559 845 548223258
1 682 910 535121190
1 602 864 590288522
2 537
2 146
1 24 250 554900996
2 786
2 455
2 332
1 630 807 545130380
1 598 939 500325489
1 62 83 515604291
2 626
1 261 520 547031813
1 450 793 525504184
2 890
2 593
2 326
1 286 393 549878436
1 476 948 533023604
2 2
2 927
1 9 919 544832636
1 63 493 571489017
2 760
1 511 766 528054210
1 262 656 522741331
1 262 732 551164472
1 217 452 509778701
2 414
2 647
1 403 979 530456281
2 352
2 410
2 464
1 23 811 567977473
1 476 554 507788464
1 358 747 567238449
1 105 605 549957294
1 49 858 552352107
1 277 770 479944510
1 295 802 501001504
1 443 655 518605923
1 242 426 506740201
1 477 959 541815219
2 352
2 934
2 920
1 952 959 550401878
2 746
2 203
2 677
2 648
1 260 543 525285321
2 137
2 100
1 62 646 489947329
1 282 985 490434347
1 736 962 515588870
2 230
1 153 648 546598899
2 481
1 320 577 499594386
1 567 902 507335180
2 491
1 671 948 489138300
2 405
1 183 214 475664604
2 798
2 453
2 737
1 412 426 517431458
2 476
1 252 525 457977084
1 355 608 543562842
2 488
1 225 810 508253174
2 11
2 999
1 233 505 558181699
1 355 884 497761889
2 458
1 204 985 517582095
1 16 451 482565588
1 82 495 503667485
2 369
1 473 716 511813550
2 451
2 994
1 274 606 503588373
1 306 574 540826584
1 186 698 443980842
1 426 646 454557959
1 240 771 516558901
1 319 321 481706150
2 965
1 85 810 458208592
2 801
2 46
2 598
1 95 573 500192310
2 123
1 144 670 495744506
1 534 785 489568489
2 77
1 378 691 496439342
2 918
1 819 919 489854866
1 806 903 498307907
2 661
1 394 457 491859278
1 50 259 462516199
2 892
2 529
1 208 444 454303043
2 616
2 938
1 378 617 507742386
1 123 223 499479261
2 378
1 374 612 484289173
2 421
1 141 969 501628688
1 132 553 477908979
1 706 871 501625010
1 727 808 483278449
1 391 923 496928420
1 215 575 434859514
1 579 628 446851394
1 400 551 453539609
2 401
1 437 885 470441296
2 58
1 583 747 498030177
2 650
1 686 845 448947075
1 287 615 473004730
2 583
2 580
2 979
1 464 780 485556410
1 141 207 477141658
2 357
1 444 960 490440184
1 186 464 433221772
1 422 921 447499291
2 679
1 569 695 483162601
1 240 336 508003444
2 484
1 132 900 447485040
2 228
1 196 893 446304972
2 545
1 12 924 439951024
1 159 724 434660278
1 596 841 449491579
2 790
1 106 688 425431000
1 629 861 503473693
2 170
1 321 525 484985497
1 118 337 444420392
1 78 795 436690810
2 903
1 204 599 456558737
1 24 352 449460522
1 29 223 455645648
1 139 200 468934798
2 662
2 125
2 197
2 661
2 33
1 694 994 410873423
2 836
2 107
1 261 882 527985489
2 566
1 236 525 405960570
2 120
1 269 489 453846630
1 148 644 447045635
1 107 449 437953243
2 198
2 240
1 101 930 441662272
1 282 733 413875605
2 685
1 103 144 483544301
1 555 813 409312579
2 221
2 931
1 27 825 451188659
1 315 683 403669180
1 170 662 389297214
1 71 898 409758354
2 425
1 643 737 360345650
2 240
2 471
1 897 982 400716711
1 674 924 434398375
1 562 981 373233234
1 361 901 427443947
2 245
1 717 942 446974145
1 173 600 400458494
1 341 760 403442058
1 36 169 419707935
1 118 957 388587407
2 841
1 152 731 430316648
1 256 531 458164145
1 539 721 362905650
2 998
1 114 994 481469107
1 132 820 373824244
2 525
2 777
1 299 937 437521384
2 715
1 36 991 381573420
2 78
1 5 439 410992211
1 25 919 432777199
2 778
1 535 750 409562150
1 528 596 375156719
2 752
1 238 954 326659673
1 458 744 432695837
2 18
1 305 598 373645969
2 312
1 116 902 415215378
1 403 648 462825558
1 30 725 337529340
2 208
2 480
2 24
1 426 559 417874200
1 107 322 397373563
1 570 992 398291815
1 208 232 412131456
2 1
1 766 779 381446880
2 73
2 521
2 677
2 380
2 9
1 589 973 423514050
2 91
2 930
1 237 276 444036548
1 536 615 362367406
1 89 606 357132012
2 110
1 89 187 423774846
1 174 461 408161242
1 516 610 419607185
1 78 112 382576639
1 603 741 350356044
2 207
1 87 540 402854965
1 240 524 368660037
2 355
1 74 671 397365686
2 6
1 71 625 376519282
1 732 932 396210487
1 618 982 391611729
1 508 926 383803217
2 252
1 162 241 373568545
1 28 909 374053005
1 327 834 333292310
1 422 816 976507984
2 241
2 545
1 710 874 377909337
2 818
2 925
1 33 846 390223624
2 762
2 925
1 467 878 403456295
1 496 519 382760437
1 118 780 433139137
2 521
1 331 627 418664042
1 553 898 349642096
1 548 807 371433182
2 1000
1 472 826 387163534
2 289
1 322 516 401902447
2 450
1 472 967 343635603
1 568 967 357570165
1 35 259 378995329
1 404 453 135035974
2 296
1 515 671 329658897
2 588
2 996
2 290
2 848
1 249 703 358573854
1 559 617 361773602
1 184 711 402218525
1 274 695 363887921
1 552 758 358226309
1 44 994 361387227
2 151
1 523 723 332878094
1 250 793 320217833
1 734 776 373056807
1 298 732 319101887
1 926 990 348457564
2 449
2 492
1 272 513 340753965
1 377 389 311978258
2 677
1 738 975 293174061
1 270 504 253912993
1 51 452 344566283
1 125 730 302911733
2 683
2 647
1 36 678 303654538
2 482
2 944
1 413 498 361777132
1 369 671 381851049
2 661
2 667
2 386
1 193 695 861908446
1 74 650 340422300
1 778 950 311777535
1 259 426 344962193
1 252 571 296371702
1 128 351 339511137
1 693 823 335687604
1 243 991 312964244
2 702
2 573
1 450 846 322204022
1 262 542 325104699
2 296
1 374 922 680367749
2 532
1 847 981 292314675
1 162 661 303836376
2 463
1 370 865 147811131
2 691
1 299 488 307971229
1 135 168 245983603
1 234 277 334319547
1 304 448 314276867
1 511 587 301423453
1 515 529 351287124
1 113 804 317484499
1 756 857 320687462
