1000
1507787 971399
1955639 6652543
8610022 7593482
3865319 1706534
4795598 68375
2334390 4942818
3421753 7791570
5887225 7135862
6859290 1395233
9685445 3252969
4639143 4919849
6352368 855039
5218005 626510
2148622 9260221
6304345 3998518
8239221 9968872
8705960 9361478
7041209 7722245
3911414 6570658
3840432 4371546
4718906 8619952
1677550 7258602
2155175 1776276
8849992 7383292
4193332 6371124
6349908 8648468
3276692 99381
404454 4686199
886589 6712316
1129235 9960490
131556 2484269
4946097 9712242
5022974 8078125
7852500 2948949
8474176 6235811
5973074 4415126
534558 6225522
3388095 1590588
2551887 4135231
8682992 4853387
3023686 9151601
1619067 6887944
1554490 9864107
2588596 5560952
9316766 4563666
3749553 9809248
9153960 5927436
8143813 27909
4648397 1085502
4242952 6135405
5916738 2263309
8123597 8077276
3183356 4357341
6268841 6800214
9948848 2672723
3538801 4093602
49490 670550
1650875 6390212
5556889 9406217
8580571 9701634
2674808 1098066
2499559 2288223
7384741 2117205
4434483 9107874
3686805 7858552
4016725 1796302
9890301 1337055
5322784 7742762
4517330 9633777
4375340 2142650
8319689 8845904
3759819 1438147
9316695 6673636
5160724 4409034
4556592 8995920
5183324 1173
2363339 9804282
6764087 7233063
4192347 6662406
1637370 3368519
7206231 7045722
4251322 275448
9156850 1799707
2687821 5972737
7598882 9891886
7615688 6542310
7120284 9515063
5739134 7627117
3854933 6869275
5696007 136601
5848321 5470080
3847093 2893616
7692055 9897675
9951135 6714424
6381002 4133665
3372185 7217909
8923409 6008678
8653881 3127020
5030047 7182144
813907 1120482
8102506 1322515
3809149 2416732
3510055 3273990
2797323 1569823
2999883 7020795
4832914 6125745
8310027 8052378
5914472 5471445
1152220 6182470
1050785 7334290
8399731 835236
999186 4839980
4318788 2495515
5948113 4905256
151557 3167054
7206066 8263499
9598764 9567266
8075467 5464986
6334188 8435134
778224 4795995
1902779 7012997
7610550 8141073
5494606 1989660
2924659 3773827
8941594 3050345
3551675 3694773
9689300 9757073
7023460 2328556
5510768 2090616
6066562 8566061
4947237 3300421
4474474 5617213
8204774 9229530
4419762 3514530
9573098 6126431
7889070 7520927
3109540 359095
186867 6493627
9795018 2836103
9301975 1611834
2469585 6354614
927343 5802145
7965166 9588711
869390 3802037
1747605 3237503
8435147 8212731
7010813 6337316
6770427 7888825
1758746 8080827
4266290 7377778
4328864 1277929
837061 7619949
641669 4782738
8341706 6359214
3209471 1145948
4084373 2870266
4314881 9060779
514875 7048150
7329473 6183461
5970962 2911751
5590324 4551855
6420782 1713811
1589262 7509485
1784677 7543741
7991238 2336453
5549259 5858956
5083280 5397212
587701 4921924
633952 7135894
226105 5920490
5121516 3973401
712619 2321859
1111082 4649290
4302881 519764
1344461 3538253
4325103 4105314
9625931 816008
546346 429427
3350105 9782431
8902056 248267
9471596 2807544
7418365 6809966
7938360 6255800
2121342 7239203
4188468 2948291
4749505 3037678
7012883 1813951
176667 9156245
3798988 4657937
7901599 858651
926482 6651229
99236 7349446
4561627 9153929
2139327 6316828
484188 3516346
2127684 2669921
9609098 6895316
5169736 7438234
908698 4213885
8710817 8576780
2568449 3596441
4940259 4934332
9235571 2877519
7473507 8105071
8578919 7826689
2704055 3240619
4920720 1390807
4677043 907444
5603300 7420340
4350829 3469966
8109976 1280446
5491129 4184064
2643746 1686745
9010476 7047822
3586868 5985579
1602972 416510
3005638 4989849
4812829 1914707
1037836 5038151
4254212 1005395
6439547 4571931
2820455 9461636
7307591 1753913
6290203 8784298
2725863 5829256
1266611 9104074
9329422 8702762
6401798 8974633
6079282 226439
2108329 5061964
5036552 6828610
8715376 2166520
6529797 3600705
3211120 6151987
8247134 9133992
668671 4151872
3966600 5391709
821425 582822
1705527 2270085
662363 5139497
8788322 4950020
9940755 7967438
6543804 6666752
4639277 926426
8028603 4093278
119871 3392594
6963605 3786306
8665117 4615804
2453181 5225106
1576028 3629147
118505 862835
8369490 6309174
4796174 2549321
8662803 2255377
9015776 6559161
2459765 4606385
3329750 4685098
2040972 298779
6088739 7839935
3700525 7358740
4495422 1405662
214126 3445154
1124442 27563
5233187 2462216
1644269 9143948
1961698 9061709
3441069 6433190
9787903 9546421
4561677 8299869
6150159 8985669
8123074 5624791
2519400 7563074
7613379 571001
3070878 9191857
1349060 6066279
5672454 8680920
5792185 3160455
8088758 8840762
1346521 7460477
2900098 3518110
4583575 3643695
6236544 1744392
1566889 8243650
25988 4095549
4179460 1730203
4223011 777410
3604957 1828574
8104499 7022684
2756393 412016
3505480 9709073
9081117 1858936
3568312 3712292
4497582 6122201
5677719 7341340
805648 9170744
8866106 6474301
2599866 2867452
5826359 3626124
3557087 5721287
5856482 4180046
5632629 6087297
5404113 8475784
3685042 8288973
7437400 626943
2588809 3576465
575244 800825
7643823 344561
2409539 4903162
6922779 7981780
1421841 6155334
2893441 3301212
6240204 8078948
5722710 3385713
3323655 6334936
4401614 3491382
2348698 9530472
5005535 6449936
9601559 5087127
909247 5285542
6839894 4293419
2397153 304347
7326185 5898410
3213051 851924
3153319 637016
621954 8122616
745636 2036666
866347 7261417
9004086 8684181
5369834 8920847
5396081 1012462
283126 6091789
7727530 1701002
2312642 5186505
6038903 4236783
3040901 9170407
8679212 5059937
3082674 5971021
2506463 700900
9318271 127904
1047908 709951
2955361 6342084
6292048 2218230
3865997 6620639
1422457 5714382
1738744 5059798
7711091 3624141
2127319 9698253
6761748 2158390
3744926 2752938
4181616 8390160
7278980 1254546
4025948 8625567
9280124 4985833
6499566 5569768
3166780 621525
4743162 3917872
9026362 6870714
8462229 8059132
7632425 6577854
9942933 9868561
1722623 1065798
6999310 3811573
9358833 9572727
6685910 9615339
6420723 1180085
8582529 2642426
388156 6642725
1554404 3278054
6042431 3685806
6158869 3607092
4602419 5911539
2123881 2331433
9710219 2617817
2776435 1606602
4122749 5316999
9377930 3806173
2585982 7968479
984259 8477413
2796739 1722889
7696241 352937
3958465 9820136
2854572 7974061
638381 2790818
9593542 4094902
8069884 5551387
5376086 5640393
9921250 7938809
8833072 4133291
9246934 6047521
362474 7469538
5899531 140984
6395096 6839601
4534647 4080290
34320 7230495
4044495 821892
7228134 2578288
7259400 9541445
5113455 4253481
9480151 5695624
9575937 8526479
2504241 3572530
8915760 1610407
4669259 9789033
7295185 8215095
8310937 3924370
6725498 1259586
4265554 5620434
4507519 5538063
1816937 9713549
3106806 5432354
6929556 6820073
7607731 5143488
3062216 180938
7535052 1228910
1515450 7371862
3522964 6730865
5190623 3955186
3419555 1298127
4037228 2330562
8467403 1793611
714710 7713836
4951075 6626540
7202641 9518549
3631616 3084278
559316 9388449
8884341 8175598
4159122 3197878
2640474 3216025
7017985 6895480
3004097 3138940
329942 8105870
747137 785500
4609542 5537626
6538670 1039295
5297990 5997444
718238 3679848
6576651 6718703
8586597 9101406
8523146 5575361
9837913 2959973
613943 4821726
445710 7306626
3989577 4493164
2451801 5001979
3228851 9103824
5155408 6593875
8349355 8477870
3745223 3648848
1968166 3435628
9932499 2194040
2955226 8520111
707018 3669903
3837497 1881179
9668544 1284890
8312827 6529558
503051 6106078
3510420 9332548
8601919 4965856
1473849 9204108
1830705 5185125
9837790 2398672
5905271 2543987
3893049 6774328
2926693 4334286
208704 3850919
209937 4009210
4281766 1944515
825423 3873982
5535201 1528816
7871412 5627294
1045158 5491284
1712662 843103
577514 1749844
5020681 919175
7537633 9480596
4208611 4198233
5858050 4004858
9985464 6114652
2692737 6944298
9248733 8789460
681810 3537162
4627432 1265862
4501163 8647359
9579821 2982903
6256641 7513518
8533441 7173356
8814089 4024315
843386 3264874
7086648 8456972
3537517 1871095
5306307 1926021
9035885 1796310
577439 7991628
223505 2013070
8148353 4647046
2490926 3828067
8176733 9073175
9844312 2186202
2835690 1747109
3426148 6205240
9449627 8261141
9844199 5970434
6134182 4527243
8110647 9772670
6404992 5338861
3109737 4087599
7205598 6084959
5575633 5784924
7969589 4799816
9770500 4076169
7637818 4073546
7803223 1422459
2932065 7271373
6800096 3954231
1283553 7967220
2944500 8149890
5128621 5784869
3792294 3441634
1316476 4780932
5045326 3596954
112577 998775
7324286 1573681
3700914 9875107
5277069 3376747
6458948 2233708
19471 6631501
4125228 1890040
6208346 7175964
1799903 9047980
1155458 2275805
277393 1821100
1638621 218070
9912121 7670494
6554878 3570058
5770378 3178470
996925 33728
7560187 2941866
7508652 1140476
5039167 7906639
2274850 3401987
8438476 3137081
3047988 2063834
8536279 8997647
606134 9472070
819285 8973619
5986621 8584908
1749883 2757709
8878238 3375154
7909053 2835392
3796847 4150396
1515986 8836913
5239429 81135
4359341 2189446
9934196 7689103
3831813 2087652
1686161 1091108
2260301 7588784
6498929 9652784
6521019 4700686
8874602 5501561
5171652 576612
6380561 7991813
3521565 548438
208057 7456791
6401595 3228746
5927673 9261494
8996818 1754469
5230118 8227878
909913 9223436
2816468 6120812
3687939 8070627
3349336 8240077
2559175 1651151
9757128 1033167
9044696 576503
1331704 1464885
2710316 4380990
3279357 8356742
4437624 9844553
392621 3944838
1401777 5516798
3340189 6061370
8547212 9332354
8964512 4407911
8113150 3782458
403533 4504850
686139 1012426
3389561 8572544
8034106 3183128
4819511 4354871
4411566 5292744
5685855 826106
1545485 5857728
5936771 6757072
5743629 4159269
7098234 5780093
3052577 1745499
8039641 9322758
8931711 8953992
3328755 2649648
8006811 2598289
8167775 6516993
4645804 3927450
3361138 2351676
8642342 3488905
6256576 8407016
8651325 5563523
6136222 8244553
5932264 3940844
1206178 8885091
9590746 813162
8637216 822782
9891721 768225
5039150 3074076
5897130 6633975
9174943 789891
1378738 8789393
9687819 8233400
1364182 2579028
7849668 123649
3719563 946468
5048929 6339554
9229317 6653350
1954231 564128
3538235 5903041
5689690 2706112
4824160 650136
6450463 4215943
4093803 7105168
5402524 5031930
8183567 2071375
9540773 7593311
8306370 1571130
8065871 8622137
4862777 9836918
5683952 6273103
5772137 4906471
2025244 9545381
5766 8374707
3105193 7419648
110215 8360126
449579 2087269
6989856 4143790
8825847 8424985
9068101 8504424
5222179 3474722
545964 6738449
8544771 741187
6860363 7214989
484524 50307
2436309 8252673
3466100 7183654
3619264 8367187
6062192 2545969
6227648 1683368
1433075 3631721
6436044 5377125
8313364 2760403
5471384 8943918
4042920 6357941
1594392 5012073
705475 1441554
1054979 9407931
739770 2892977
9780684 8169992
8844963 6603542
138921 1939189
9105362 8966790
2372624 221545
3866972 6435206
4675764 7335815
3128599 19547
5069962 1675061
8665879 5102090
4870729 5565207
8333490 5940569
6887909 1004691
4875004 7791308
9247122 3673678
8238666 683431
1450823 4320940
1588018 8183025
2565815 835923
2324104 2990959
8729817 9700007
6396770 8283684
8717280 4272847
2375828 8459734
646722 1260205
4150067 38155
6154676 1690217
3072917 4339206
3623210 8946406
2841166 765390
5339099 2098122
5899059 3359399
9691323 834041
5420890 1584790
9286270 3464345
8959383 8228448
3592091 1405967
7148544 7959819
939205 9749503
8921577 3159642
373618 839887
4521064 596820
9609687 2485156
6639056 397629
3838057 9562082
9865785 6592922
7835997 5564719
5445877 427312
3362471 3352431
3236635 4402692
9943294 6427848
4499712 4887771
3715797 5319967
5934648 8114747
9718115 4707993
6481304 3503975
440091 7734682
5574837 8768102
9427891 8311751
3512421 8702844
5836704 4526215
2956605 5668142
6823447 5491069
7617809 8061633
1832717 688398
3443318 8304315
4010423 7142625
9435201 3118815
5218057 8568537
5954056 9035060
6430650 8886939
4721183 4522366
4442685 9561613
5841052 1751105
5936841 6972756
3666643 1735364
487633 633557
7013466 4535820
7824139 7544756
759941 2783708
9575532 3685847
5886057 6011962
4887593 2501730
8925148 7684844
8088886 4302907
2664050 2146422
9823690 6468999
5784320 9744413
9529945 4157738
1704476 4746086
7480343 507338
623130 1001494
7198842 9914956
2589328 2332082
6729911 7851092
2699858 8382720
2943172 8132552
7762549 7693187
1581267 9655116
4312143 8278018
8971228 172870
811508 4809217
1459603 3121755
6330042 9635653
8862573 9238384
461109 3829203
8540190 6475305
5807674 3652464
5243037 7464300
2578399 2810658
6708253 7359069
5297656 426668
1723284 2194786
4709018 7232789
1216567 5899936
4377115 6087841
353787 4451323
2871312 1569365
7407637 3858457
5597004 7289846
5324026 5808734
8124262 8909961
1267551 7053681
9167923 2288980
2416312 6755253
3905223 6051674
6981436 2946639
6446455 1841250
4623198 1145381
5608921 6167280
6849108 3272796
7608769 2145225
1081747 2860504
1250244 4778866
7618256 772927
7381304 7180592
8363392 9560822
3167537 5147528
715352 3528993
5718533 7280832
7077581 9365158
6598088 4509660
3322259 2714538
2772815 9463584
7019425 6247441
3983664 4866451
9354154 4545153
7982015 3729914
2095908 8390367
6971026 3992024
2483012 6379727
5485693 8159987
8284799 4426039
3651989 4588113
2542986 2713659
8069680 4721845
3660762 8881089
2019810 6966950
8614180 8588526
5684864 7290344
7030492 2280743
6049952 6343424
3930809 3086736
540183 4330419
2110382 7345166
5676664 3246599
4000113 6764616
5692570 8984383
4940408 7757728
5439122 3292770
2296438 7645502
3920436 6689460
6453729 791685
9585429 5322042
871789 6437019
9325579 6899129
6661393 4871781
9456426 522806
4101761 5805575
7904327 1139062
3156145 527719
6686456 5378303
8279896 9207081
5755665 3384212
2594665 8866995
5131048 7460412
1045018 773546
534033 7214651
6686944 3965426
171489 8558102
3366512 3918129
2040046 4288018
3152191 9042124
2105548 7733301
5541506 3892583
4061904 9966786
3020973 4630248
3046416 7368896
3690615 3059316
5640289 7380978
3583315 9123567
6837974 3847519
6005367 5643775
1416774 317515
5399512 7247368
5792582 2736188
2514604 5038128
4106666 3141109
1532390 8998876
9607559 996348
1199035 2821296
8454963 5770903
451746 3802643
4568898 3183818
1584463 5077543
4464905 5699546
2523446 7435476
6839582 6016460
7600782 27709
4396245 4392421
9410762 8409031
6864964 2007466
3233696 7173784
9079615 7042657
1887749 6643349
1281755 4002829
8957870 3654115
3483502 7460725
2808720 7260262
6992652 3642269
3458272 250564
2872587 9657930
9342098 8421217
1681791 632193
2378461 7035491
348989 928007
2580916 3575727
4160091 2038242
9803342 2144233
3845037 6201173
5547038 9222263
9182281 5362919
5962330 6613374
3347715 2758620
7759479 9807330
7009776 1436473
7117482 9632457
5804134 8634051
9648232 6690968
5958521 5975679
4560741 2737779
2288254 7550899
9610264 7488704
6184331 1584866
8220468 8898595
9551476 3330771
5459248 2854147
1363407 5091210
3201087 1261442
5220848 2073932
462039 4401032
3906796 7280542
292653 6777528
555545 2616517
2762422 3073528
1329163 923462
871207 5486572
9631640 1057127
486260 926330
4151764 7345068
2797396 5217735
8447124 2832729
9065274 9157431
1152622 2957813
6776157 4571888
3110582 2235460
6067632 9168086
795266 116556
7480681 6731791
9736998 9748432
803069 3251584
9548727 62551
9533473 4069710
1650571 1757732
103114 7990621
6568758 8696766
7322028 1323987
6610830 2672361
9233470 6791444
8314407 7324330
9782708 1913286
1689942 4940870
9646850 5766478
4316848 2472899
381790 5692880
353676 1551204
9211069 858546
4873596 2702768
5633236 4710809
7141079 5417323
6424984 8664681
7392561 9217434
873150 4077640
8144480 6306946
2582331 5688858
2168056 5970344
3612483 4112901
8699086 5156945
9525837 8178030
6486136 6799875
3895948 7280634
2517066 5281153
6476407 918541
687322 1835346
2305217 7229132
4511228 9226682
6022496 5379870
6926021 1372478
1140233 9541030
5480843 5177251
6657840 6290505
5606626 4433647
7182988 9410862
950304 6081381
7753233 6810808
7097817 1360780
7391603 9210380
5465826 3305383
3829545 1781008
6955217 7899837
9401574 5203433
7751034 352146
7304992 9948540
4780786 3981228
984844 5671405
9021071 9127246
