6918710373414
6998897177799
12876999571064
10319235746907
4120114571986
1552031131188
1425228313303
5238443736119
6494655718153
10595632942777
165411306102
50947762254
1018995844971
1548986695076
14015143336153
3929993736962
7426931077794
4034066846814
9645527110800
5267666465970
5039783249994
2004981623511
1355708501855
1727103944469
9297068362215
5649796012103
27727485336
6644275643072
18405145965439
13361666216744
7478295950812
12417206517877
3873154770397
12821970536411
6646244428169
1883558282390
1028969384615
2179953709785
9784581905522
10066217887668
7093994836666
620783874695
8688344198081
7412058705392
2784489197677
4711822035289
812547065378
6704440687616
136056825206
4572021705136
4871387923002
1616608444701
11797571526896
12632073877974
377263634384
6623892244286
4837018353739
10578103050368
666133537313
14931508125375
4923780757837
2100810973129
7543434010556
17243891466469
9187920506601
4812603866531
7951039569221
12941160149917
6473549885376
3089565722082
6765257965584
8360931219099
4922871151738
6923009010207
3121481739578
4664533483859
3901446727216
12437557001214
9243636125577
18485129790681
12731820486989
771055904855
18676271421519
12147300782349
1400318592111
1283069311823
5086748601311
2451984336228
1825426892658
10548255529234
18925902861383
5787261760625
7952952013091
15592538685292
4397549314031
6038641097309
8623398559645
18198925672559
754610219492
13875953835631
3071670968778
10044757764613
17304101840643
8824892947259
1971511951280
11895980376404
403834758035
416804277861
19828749272582
3330869822270
8558699745774
1477889116361
787339135035
9414967480463
22316870795874
2325351663359
5246770444988
13196847794250
9607683826285
22982785061446
1441412515992
7405760204576
1178203861367
11543525110365
362668849209
3255211177545
1225131130670
673649722557
9951554413360
8516868352577
8072322278923
14569558710338
3397196061365
3583116171172
3340275968109
1467059316916
24567317622849
476262092956
6246843821213
7567953377341
6952764750773
20616677697779
2208366718707
12457073536
2569975152995
457129937285
16430231450902
12090242824394
3814868395469
13614305728198
6641957087047
6129185192445
456385495531
24250242599531
1994269636696
2459313708757
556239540943
5788224949134
11595403853411
4443634109279
1865895580232
8572446165233
684767661637
1946716103093
6792101933166
4084351613846
8198947312626
1546943125405
12790733184895
6580658219812
5544209179912
3432905196124
3257359710449
404967817425
2723540637239
1005032504554
19158284029130
904179303517
10687568286358
6492073913156
12738716503734
547201108347
5915343767338
845564339305
4296977488418
18796489532528
7126270817511
4394414498917
18452825378386
1335862344802
623879046388
4915674931130
8609253688197
8320468328611
732004979569
10068248922785
8730505004001
14562179116611
16353057458101
8370902181507
2034004443803
2920707030830
1096640471549
1432255920114
8318255958430
2347770858502
113075227074
984372483091
6927605726917
11016068879079
1747996666162
14317397759108
12612420128190
21026253091370
13459130156829
4027843793626
18813188805259
5110297746807
11705553570192
886385180021
11423421396299
405205650354
2583065982074
1702168453318
3661722781609
11806727536361
690519547539
1643569815409
17856352920846
4570445654354
1199925079495
2055580660863
9332422206771
4568527110867
146775780891
3171340808565
2010459044058
409544462217
4309342507831
15772958656458
15803117420467
16345583407530
17691259086787
157919293125
639923148499
8209973056760
7622293780574
1318761544191
13836272876227
2633723506368
8626213592297
4149716479220
10986894732063
15330164017600
4637253702495
21918724130770
1778665444630
2696354738757
5105348851785
5596282394145
2313967569488
8180926959003
13085722549720
6517699665018
18912747288688
3712645373360
257481901352
1199322968884
15477741698663
527954699711
2064051314262
245585307789
513247785729
5065904910889
3570036511873
9834269489055
13048208725752
3211305954865
3405708977500
11389274083916
17368421193700
2854362494421
158402597821
1064072348541
3161457960374
231655283308
2175441995687
6038176087168
411662717681
21278636313829
3410304205222
38498670609
5843701699747
10149618333256
10716592255174
13713440263600
7214270631513
8898676884
4323026949222
2639404617974
11017683382039
10088198943278
4791798057817
2653040083666
5163840425777
3194126519961
4093358207428
5456018033856
869841282220
3083079953660
9863779879367
4167801302433
2207420302858
930555994649
130916591906
5702404575350
4018287165
1501983167276
750596967465
2975760903183
1843702870302
7857219422785
7406667829833
1650122100229
21612785777853
5642926300485
1700145596932
13195742802334
5173355109461
11456297663420
2736122850003
8737815265268
3143084597777
10617634688850
907325956109
2523400939003
1804473255267
3321580014086
2133828003851
2549999925919
1444312946313
9322765792089
6694851502551
4405568536655
19398213889184
5047710000280
11401440063066
7135686768167
18439922272242
13690937659004
363010392566
10308601901639
2404093076977
18960909227117
15958028843535
8615794148761
15643277121532
6040137117204
14055924405538
7663486084611
8946057614926
22234495221199
8898529904233
47488051894
19697036569467
2301417491903
7518584121239
11252698949053
7430977390933
2102620625235
5885769617784
5012924684278
15593777889580
3734683985210
3252740433631
7155674845929
2712204001130
600776828819
6358107544293
5054333040842
28290337455
1247309924488
1321955493156
2665217555294
12008459218335
9806172652592
2469816581678
2008693309097
16446368545537
5224642147377
6679327108830
15802216829040
7448026956626
9917896370256
1273777051300
786238431990
15219466361839
3325059287203
7212461630488
3144668893179
12615361587651
1630928414667
1317256311868
14602492197041
12886199136518
9498557522054
599657174763
437661863216
8349471805539
1968192274937
14605144449924
913888015365
15200828762801
6840427308921
637044152428
10859749071124
102811424845
3851603270611
2848142336255
5235171831523
5425953474545
3355764236324
4427562815816
11740091583162
2584539971622
20540246852110
12340480941763
478373941802
5561154525921
5527273912314
554880770195
11941713765613
2976903523666
10418979174094
20087485060520
1507523715613
1298752150363
9866924690177
20224630556296
18001028442287
3798262119064
14026767012000
604434468983
3518528823454
11041136993697
9468068742065
24225415827746
7139358019323
5644963557602
18570585622974
7376518095730
6385812994537
1843010615770
1052350805024
1321495292594
15246530214381
6647223498068
3550849485884
4320096180532
6958353193117
1199639733533
14222489337448
6103545901349
1225356478252
12969156974633
14758310054363
4688209028944
9740531541254
342335141312
3520947699827
7506763203434
11025161094230
6381220358634
367286490290
17551353228479
8977498572535
3538492991284
18467158244574
10766602950729
4251432555492
25146166449795
3864046849310
23228840524157
6604669149779
6906342740357
3229756292759
5945485439545
19507798804
299404604338
4604989531763
9847396361478
8580935200195
531055215134
3920822644457
1061943026317
3033687190292
14978254485113
7759644531036
20962547433366
2123911794722
2395121788859
5450318205335
21975850168262
2602533025680
8677625426671
215448364293
2495296358149
811871849962
26536439681052
18339436306439
18332268968559
1452754500280
2750210643798
4713278949371
25729418608061
4865828808559
7859274425956
13596401583845
14487768495
10563612981533
2151463925236
869798074587
1530229426192
244163627276
3795249895655
18117349742567
12825257990340
14601083124042
8242967747847
6885784329246
15098747298425
9531627352908
346608932383
3215366781000
3874078167378
11400060779146
9023441024243
4320649511746
3632835717607
3526001800417
5982352251749
12213595151008
3436347650780
15012172772921
13577300211572
9570893861639
1912086907550
21163186033296
7591388422323
5883145234479
18528139399358
467090961518
8098868772052
7719961456257
10325757028842
4721885742645
7144171358758
9044523876405
6036816993330
6443466093872
4118576633501
24773773627447
4827631146781
66292240017
3379760215112
16006783634600
8768264858013
10693192437578
9369071125164
6352107703866
9874795874687
6500067736017
611981548083
85730077609
24641287253939
2771625797385
23143195575477
17367069104956
1230430847655
4918853425810
1723876601073
18179664464749
2068046539733
5224204284614
21925833702148
4705848762686
1107376745139
4183111226989
9562110953142
4387953502452
7468363179477
3972757589542
9535876573227
7023038330249
1698026615713
1742806842859
19350387501045
14976842259001
4330094223235
7253564521323
6408074147789
4960457227353
2881421049337
2797274251414
1550503263377
4041979092289
9066617327561
848305041988
6024989672366
397190796578
17121635177987
3897691479203
14695044287027
8329103122212
4212792383222
2859973303842
1279578526776
394880509373
384878186309
6381019730843
24659106863922
463330454690
14389549444139
10413429317871
3538759096791
1832824397845
242386691001
24809103458513
13881426878313
9639118136502
6667779209766
8002411745716
4410110712569
2294480336747
945818982901
364861114480
5420997195465
6151752766097
1548725583702
8123637991318
1305749754780
16201948851314
13077027916634
6153208168554
11157453108189
236046031038
4033929371486
2504072955399
2299335292552
781720211855
889643677675
4401873764552
7043676297555
529262189805
652257923514
1473056856717
88698946771
10984220862443
5096250848867
4755558015338
5804706621799
2277588221022
8451101769223
12371158524526
7638390454817
133925965349
1500902902008
6067115152400
4106314730858
17362494539794
3880173142397
1644123396929
6084826258239
7752767203498
8635524844240
33692524591
672043410243
9389006807828
1510680332958
620468050766
3548701514523
10349039588647
12355222423720
3662809141298
3247493384216
17203019120757
620277856437
1436427134609
4256770947743
1660261639048
4330488016633
1002752565432
18664882821966
9452498129864
8068010076995
456792079309
3232643038531
25125216384735
4422296441172
14913092860949
10081001337174
1007455180350
12891648978099
307352238978
2304309806856
13763217887023
21904194775513
8246920215669
21658273725762
7686967604865
4564478829140
15646881931786
12292092248374
9461696734615
1348602342633
9809445062894
17425517011909
377706865885
937466772157
750765401866
4639202785941
7887897783631
597728862776
12230321807349
6025352507565
14865843372930
7137537766802
4523579536004
6561737609129
9677263674829
1058213622503
11962480055310
21594248781702
46029892660
3676275575096
982736004707
112250855126
10315528176795
11190559852557
15084890802006
2298431205438
1066362812450
3872717222094
11459356622386
17458858218756
858715780864
1698541113818
2606178936888
139203678035
1272728054468
15795139949200
612582379655
6720440491808
1763005500847
2025903049749
3622342835774
5441167239
10974852676984
9135191462479
7496820892968
19586574700439
9709061988150
128629708456
2603912105169
2757305507804
1183183219411
16884037285897
1281234133444
6869701313170
6420794703577
8378046316748
16554698739901
4654762552673
4968682262699
4616616365673
16100969177474
1518724209338
4281745212945
251285197608
23713514265815
15259539633963
226136557745
6664890069944
15937320092258
11404727227118
6132857239612
21041746618242
17325500027059
18001322375406
295991946976
3394171236187
15267456463090
3547184872400
6162050127028
3236579585460
3276444781461
15739459429314
2757736363456
8550945848571
4474865111877
4506360168727
11866719099607
3004049869401
1186491987979
7724139900900
245322280190
5821526997586
501026111994
2612566599846
1646324343949
2388535127835
20252357541402
7276755363602
10290776487345
1410970568986
8116563867132
618732938982
109461435278
696980110220
5381697960061
13563068852337
3307767538350
14706487236049
7143048369902
2093089522900
12718646492190
2935743448667
9806896467453
3597420130057
1052489491519
4335371439070
1024754369896
12327710479988
683476876560
9480955535352
41751408717
347937471034
12303035602163
3569383300157
8220976626016
472203424775
15429396712059
1081953371747
1343198346992
3623046531355
2685529688635
228838781628
1328876098040
2187637835642
6210832970858
3851320505897
9513873268997
2769688698400
17119837384404
3591281740222
3561966249194
14111574786344
15726035592823
13650738561616
3393924086404
582058971035
5448398684114
24934836480388
2466021666751
4827500605933
20654021028304
1431917510297
5079432662485
8748022134451
1674757300537
9741097569215
7930044908
13292504580364
7036675405612
5166936368400
1956192334822
25226034578117
9928966662063
1030868613338
10112296413296
881339527345
136762463525
10011295101181
1989741101344
1349901378033
6461368042746
3991041540090
10889689507146
18444493449402
15842569249850
2830412193178
508392072979
9966072863180
5694756784121
7196780776248
4816934707101
3086513147052
5236841763001
4800137782619
7733120242236
15444194444936
4184748610812
813593110790
4023588888317
2490378813183
10994815509580
4668610268881
2140350001213
1080167585907
7008777178800
12485551165774
5733015660040
115667433218
4175266043083
27264237543
4221449979229
4111424695120
9468255520145
8473973875155
529525191726
3647871708724
6473561929253
13378797736498
1493316116871
2880230240627
3710785282220
2797791066915
20351315525582
466126582586
3525109706930
16269578155535
8833994586381
7322309295068
7258399914246
9562558398216
408084709583
508587437031
4607333440695
10043384627729
21480611052495
2518610137125
400336107498
6137184658111
25079855559337
4071302361843
1096537580975
9253553844813
637956400426
12967125956083
12754596623665
1534165486876
12460403183981
23366445364518
12034855354568
253585010668
2820300331468
14503885556490
1663249656439
4772358294275
327649850738
4530092306953
535271025999
14343301146004
16983106060252
4915008831253
4734404078164
12326211731928
9197169241246
183984155480
6148657915075
3756903850892
6446207842463
2192768423781
14335155285917
4770871136620
1510957150483
4839446216178
8587169631214
11927594178387
394702363059
12403888537658
3255040520369
5138297240452
2297437598570
3888537388384
12753435562199
724478041448
21165062383027
12223781406852
11081070775429
1442516268826
9565655427991
4789794354012
3860827890330
1589411451166
10436363457465
7472889229276
868204957651
5511312819936
16487071927731
