1000
3537670 505891
555735 9857024
9119694 4763061
7943237 7830978
6183595 1426685
1661829 8226190
5173479 6915827
1678463 6795261
7684107 9501008
5496798 1464551
7278303 3859726
9311113 2312678
5281516 2317412
1036971 2541522
5617276 1509453
4556203 7234758
6318487 3512833
1655347 1558297
2813959 5912569
2114349 3154020
7495892 8503279
7979712 2183426
347591 2417882
7723350 2009226
6613611 1522293
2677784 2426198
7919238 8763960
8220015 509950
7780771 7435101
7464452 9566940
2966794 5547739
1395136 1619081
1555013 5698925
2095820 2065374
5390493 2626315
1116689 9681267
825241 1274222
566456 7303842
3231621 8966543
7099946 8962308
7225319 9953959
136464 6933106
3275402 6471728
5502034 6499076
9016567 8616290
1799835 6592020
8987638 2202550
8520275 7725114
991120 8471909
6252066 1317456
4765071 2682089
1639283 9626351
9165436 3831673
7795821 1332720
6241439 3283728
2118907 1287659
9475969 2614886
9755844 9521338
8044012 7566965
6402355 193270
7878888 1767412
2127087 8927352
9273151 284638
8941794 684504
4027513 8100203
8279093 4882032
5618783 4905748
4692433 6153816
5593467 9711762
979680 3629803
9331222 9573471
1928393 4077376
471480 1944242
289334 7500336
7253034 659590
5998096 5097174
8418934 9633427
4773248 3027209
11236 5410643
6744942 5645539
5875326 8499581
8666501 4826684
9744396 9719948
6435117 3339438
6750744 2014776
3241615 9382930
8593130 9025018
9564564 9859329
7499275 3170699
2281188 624595
3372997 3710565
8985194 4712866
1011617 5952832
4756685 3726791
4834919 1607189
1875832 6653786
8442272 770461
1449106 7688885
7064854 7475025
1918470 2646897
4196561 8849259
5471739 8322151
9701147 6489954
1256155 6934831
3191164 4483441
5468368 348451
3754302 2684945
4657985 755292
7233897 2574457
5226968 5932466
7239366 2087972
2983806 2155199
9497951 8826057
2742236 6672732
4826493 1198947
3757915 3854113
6151464 2452139
6424484 1465960
5173673 7494936
4749600 4009290
5163786 8540132
9821432 9788576
3449363 7189897
8641301 2718338
4137038 5302207
4340384 2315722
2333187 4518911
7991682 2330769
8956987 8970115
1938531 2628655
1871424 1314370
2264110 681662
7789595 7238007
8248203 3374871
3337876 4115610
1482722 8595538
3792052 2439781
4667486 1981002
9727941 1116751
3511014 6026006
8014032 9146259
7342117 1043599
79900 6579496
1902722 3450191
218805 4753865
4169767 9100847
4387553 293231
5820158 5423816
2565035 9364433
82734 762739
1389660 4017898
5508001 8146504
2296572 8170610
3945600 4638240
4979925 6992098
5842740 456214
9765614 1456883
6736742 3723393
1861395 2950686
4172543 3725819
753995 8099997
1334056 7027165
8589791 7509096
1485386 5930943
1441497 1987896
1368590 3527675
5486721 9761158
8248157 521898
9794017 9316620
4521184 2353572
8725185 2652481
7253247 5769219
7119274 1561312
1292773 7374752
5915878 8782049
5626746 550292
5557758 5174397
798182 7904055
3738426 748078
368404 92963
4366371 7539244
8382379 4197553
5583235 7445744
2344598 361849
6812258 2639283
8351100 3362773
4402698 412782
4359240 2550238
7329667 719578
6111777 3147244
9020055 2876017
2535153 8442010
4521294 8115691
6566753 1509438
8152306 6618689
8569434 4414580
5818379 1682988
8643718 1017491
974818 3405606
3348300 3840309
9959937 2633831
17878 7106227
1959856 9343336
2833421 7834021
1956089 7420002
2195738 6510054
8453029 8169038
6795877 5678860
1139771 5928550
4818073 6136307
1164039 3495841
1195806 5688754
7422351 8035898
108189 8645283
1397150 6347433
3198463 9298143
1926077 3990568
7243500 9805758
9126708 213678
5646415 5432666
8001932 407798
1904591 8952844
6547471 6272248
4107607 1650796
9529926 6713325
8590862 8595284
13176 1195726
9697247 1790301
512305 9431893
7384305 526816
2757815 8707834
6076078 8085621
8148501 7525878
4676032 5922550
5235860 8203586
4875278 1257979
6108476 1082391
7370050 7340895
8155095 5389935
1141701 1951289
3339885 6522498
6217792 800995
4073415 8038601
9832860 3416693
2785519 9673469
4426242 8714569
8987821 1088407
4961115 4884984
2776715 2703313
37456 4929755
9089873 8914595
6653002 1671178
6537225 4753094
6829042 2443999
358395 9097779
23089 7550962
7041585 4648995
185775 1458846
8517363 1341968
1429591 5885306
8914762 9045426
5908049 1381344
7283072 7936514
7557893 5860840
6338590 4083641
7500446 4450924
1563500 7550928
2392963 4230277
6492403 4737537
4850527 6757260
880637 7713348
9263257 8300057
2702482 5298386
838235 4297734
904444 6584612
2684815 1627244
862403 8899315
8091228 2788643
5092273 2206265
3305388 6628549
4845646 8323246
9464488 3400619
7893859 1309899
8816953 4875758
8656250 5346377
5493768 6543590
199259 1757602
664702 4532525
3778192 788109
5428548 7619996
1908706 6391429
7738435 5759051
1182168 9286466
7018788 6931604
5208382 7176893
4683728 9207824
2970650 3247792
9020400 3275287
6875191 2146963
138732 2803523
7354526 2025630
7691119 1079533
810775 4628812
4334689 1059118
7054763 3799254
5394538 4759646
5347748 8515763
5409397 6026007
6570123 2604958
7332009 3112754
9070504 4092303
7816561 9700295
1088516 3523135
2261620 9617968
4083177 6831911
7619741 9960966
5291359 2692481
9653523 8134817
1984816 9442372
7729984 5963675
5558756 3594539
9612365 2114893
4499396 1775150
9248803 7705936
8868442 3948167
4276076 8698748
4690159 4940717
6861455 326507
9072779 7320795
3931958 9747446
529399 4116745
9625418 1553589
1762365 8113904
1652084 350722
2168741 8727433
6828060 249590
2778553 3692430
7866861 9488106
6301505 8593655
1817423 1012598
7580359 6947964
1822827 7143796
2256531 225433
4789034 9548924
5242286 4540164
5399476 6101609
2306018 2313399
9732852 5826514
1930808 7835628
1747473 3076240
2114552 204571
4835702 9492670
1797931 9903613
3233738 7221555
5154843 8425484
5440888 7497097
952400 4115839
9321255 9830936
1628052 9199825
2038465 5388539
5769839 6153146
6481776 1160456
8828843 8158899
4631067 8379995
5582800 6311798
9578348 4929483
7029159 3715962
4675660 6278003
2459194 7626234
5072868 4092969
2803282 5234286
8598045 679177
7252983 5165455
7703584 9344234
4405106 9682774
8371158 6024934
5328205 6661757
9295464 9145941
4705104 5163388
2024383 5524818
4779013 231564
2448516 1839924
1971764 3942566
8381344 9430164
9378918 4291203
5805627 1750733
7097061 7069
3721152 2506230
6373306 5970476
2650839 3510632
341037 4636713
4339688 4487358
4098247 1320653
908190 6148815
8220882 630801
5562208 1779381
3490007 3872815
7077209 2239945
3817373 194975
9911024 6688675
6165680 7128602
6024143 9916573
5887958 6385049
586720 8094800
9760794 2535510
358986 1501588
7680837 1839432
745207 213635
6938463 9335338
4500752 7254390
9751090 9562996
2958206 7059462
7993670 3174623
4865258 753035
9656804 782565
6677821 4675871
3128854 9609021
7974944 2618394
5146404 2491874
1908476 3262615
9805336 7975948
33402 8047213
9057850 1180981
2228995 8215221
8844052 8627220
1940032 1377226
4443886 7303588
7739033 4343875
1342545 7584413
4169785 1374330
5785607 9611768
6831240 267911
4893337 2743918
2677678 7213509
8125775 3501560
5229462 295627
2898226 546512
6960359 1933554
7507980 8343534
1277964 6811093
1762277 7845771
9954604 5101131
6891399 8217760
6198962 7741165
8571386 1709287
3696325 7213718
7674376 6340184
6647887 4274141
3962425 6844076
3691769 9367708
1796695 2529500
4772780 6027884
7695850 5984033
7861650 978213
6307899 4749940
3573138 3335137
2995668 688399
2129878 9978745
3251326 2858218
5495623 4940421
1184832 2844862
7150478 7006815
9084646 9551749
8527251 7697952
1775222 8638198
3569665 8237344
4696508 3031180
6629312 9834234
4137278 912127
3505657 7523332
4123463 8701256
9578133 1193690
5062624 5949216
8307900 6464211
767441 9478145
187097 711305
7959459 1323811
2728083 88917
8164640 4958846
303189 4421072
8279121 8557262
7366 5011538
6674301 5945737
2810577 443509
2564656 1610090
3380765 3185553
5869232 6345704
94100 834112
1951369 4477374
5757152 7359963
9945729 9500388
697448 2718459
4084515 2762772
5554134 3746040
2241336 8760133
875283 3521900
7952840 5879090
9734984 8846640
7943708 6510163
4296670 302941
5997758 3040225
7885054 3573451
4604534 8640086
9214609 7486356
6245838 1414121
4893376 1137936
1586062 654869
1715828 9747929
5153344 335890
7116886 5810888
9059884 9707609
1995471 4808566
1357020 4301092
1530375 1795131
1644696 1285098
9767145 12849
5472618 7842534
434333 85169
7551257 5836432
6869131 9789268
9345585 9384353
187230 5502322
2402169 798995
4100605 3753893
1628282 1617565
5112339 4901445
5268478 9329210
4281863 4849773
8615309 1971362
7485699 6787956
1403505 3305294
4953457 6012403
4403762 5876856
2594936 4184389
446362 9125144
1876610 9885313
4881073 7528038
8521784 416769
5405504 1389405
7644931 1540189
1149393 3975734
6931724 2174064
210604 3815272
9519164 446800
4062939 9781166
4740924 5892697
9552807 8882816
4010613 9998882
3375255 5371927
9984912 5245957
358775 6629868
1933046 8075675
3672397 2083384
2263760 9771325
5301604 1120885
4417542 6648451
5374277 8734939
626243 9938119
170936 7200739
6138351 5071521
5953222 4079558
3720114 9025131
2410041 398078
4096247 5426494
7278234 3653570
1897061 1571187
4242609 6176269
5881831 7371938
3512583 8891287
2432804 5690789
2465382 9402330
2236167 1043733
1895126 8537741
1539383 5440075
2855073 7230635
6643998 1921247
7240399 395756
3216229 3703723
295465 5161801
8261622 3122247
2922169 6257787
2553464 8727566
2827976 1147516
7315157 2463127
1671390 1795203
2555574 9010491
1342788 4518667
1878532 6599573
618244 2136140
2092520 4020732
7072358 2730816
9739083 708362
6718708 1289118
6152021 9061527
25334 1468257
2050929 1017149
180598 4679745
7432775 4622677
2359996 3732663
6558784 1013880
7974481 829820
7120388 7554814
6752767 3255818
3275646 1755137
6757327 6727449
8459733 9507162
2205833 6302754
3268340 7687457
1101878 6045790
507522 9021360
3934880 4360390
3386986 8387744
2631887 3633172
2288339 8453962
4833805 6370880
7704743 3463238
1257186 9524483
5661968 706926
6835224 4253910
495093 3610715
976951 734450
2063744 5604837
6436488 328401
3903130 9038246
6667797 5088426
1294316 247671
3123111 4301944
4152799 3424496
5980230 2338676
2277916 2200043
2237755 476693
6990092 8162945
4626704 2889366
5806552 3463179
8925453 3428718
7219049 5282977
7191612 5911768
5472104 1631389
4574949 4674381
1018430 7240728
5346065 1460100
1047187 2075754
8861067 8523000
4835410 2953133
2035033 4864992
1968931 5847994
6372934 3722807
9008238 3332138
8296666 3468726
4814302 1567445
1800031 8742612
8393562 6089557
5575390 213580
7462669 3154306
5615134 1900053
6545118 9033206
1213867 8132586
617719 1379211
5352907 6872516
9373890 24791
8171145 3747034
3300582 9241270
7339694 1967783
4084941 5676351
6504002 7040483
4214560 6952012
8986895 4013191
7635272 7526901
4952733 1868620
9466478 653716
844341 3010091
6744699 3231938
9871329 844254
2113176 16472
5095145 1903069
4077614 8627822
7916503 3094625
3090406 2753374
2835315 9698531
6916137 328769
4302663 8655901
9540640 579183
344475 4213638
625203 1991811
8400632 2269529
4511373 4027731
8378025 7111694
3523606 1728123
2257716 6766431
4747254 5209554
4153956 2859715
3539992 9724530
3233473 8506741
8496035 3565236
4226581 3702509
9942402 8188720
7926888 7577700
749532 5541184
2191748 974419
2955420 6796285
1060465 9337715
1536489 2531007
760569 7926718
886445 1421345
3118116 7420268
8983569 5323770
4696636 7561334
2198911 8989027
7602121 6825493
8318750 8382390
1419796 4198979
7295320 9766540
4060199 4284728
2408662 8367166
2635851 768749
9903873 5442404
5369991 4810139
2843010 7690201
3051175 1555515
6762818 6193331
7988657 8912903
3542761 5919822
3216881 3809142
9639522 6762049
2066797 8741315
7158741 8240998
8095856 5450726
1938731 695254
3615875 8658713
3304204 8542825
599534 9985235
5442403 3595961
7051066 1966031
7910999 2427935
5262769 4299269
7278931 8571955
298972 6974382
7872126 7403983
1903874 9389251
9824323 7653516
8509231 1192062
4390985 7683907
7516329 9831383
101370 6978188
4879996 8470663
1350656 6895169
4837486 9394951
7314882 5888762
5396746 4129808
219242 1958034
744345 2751388
7581665 3254560
5466147 4534371
4491344 8731902
3060081 2449758
4684192 9553348
54285 2358598
2583034 3344332
5636671 6845588
1069255 748463
1921425 941314
7261744 2338758
5812043 4274440
114718 3309097
1395191 3991903
264122 5655346
573021 7423488
3731693 66938
7322887 2026404
1597791 9640409
9302205 2946245
940923 4262761
4930825 7423259
7795561 9403139
8476723 1972127
4806161 6081855
8904772 5863434
2661022 2102391
777862 6452181
1143159 5020100
9598977 9675962
9330503 9054591
9347711 8511409
7337461 6262336
3259144 3564531
5387435 528993
1495654 4439289
8017363 8036347
7715873 4065532
3612436 4138214
8579331 6270326
5314136 3820476
8775956 9008159
9915208 7554006
486941 2726640
5098701 7430861
1937704 6936482
5768720 5313529
4202877 7196207
9160570 9523060
989862 3258574
7414068 7021335
2176492 2060794
2061607 2908922
3041110 9055211
3132796 6899959
8441008 8389658
5130524 3895207
8200832 6475841
8399280 5429346
233617 8725336
2136480 4946370
439276 397207
663959 9999648
5615961 5232506
6131965 7721365
2452962 9280055
8493946 7025017
7074894 9813960
9262841 4949350
4966057 6436583
1410337 9561909
3798714 7849868
4072925 4697342
2949130 6026608
672468 8241179
3545827 5958540
1736561 3313061
5511373 6198042
1526491 4116340
6068370 8954257
9948924 2774434
8047802 1528364
1146749 3994248
7991950 7146211
1536840 4055743
3955608 4043632
2479876 8934687
8099745 4887882
1523099 6931138
2298801 3431596
4489526 4315265
8709649 7816206
5943230 9218804
3874507 7940649
5272156 6885493
5368103 4387958
9195385 853661
809263 2153007
515133 3594821
3375019 7077196
6152083 1780741
286373 3162374
3232803 9610551
7992293 3789910
4243926 1068403
1921268 4161269
9626964 847636
792604 5440861
9186056 5289777
4217830 3232197
4790937 1947043
4559514 6796584
8721650 6100357
6459201 5019326
2762298 4128046
1904933 7828865
6249820 2586552
5558734 7021608
8631295 4069499
7698182 4784558
8858893 8079762
4337493 6163019
7581360 5625684
4500229 1624312
1461583 4325850
9860254 6368239
6819732 7055615
7155433 1336487
9708648 2476890
7453040 2679899
5617012 3863492
7270908 7161347
5260961 7977944
1163925 8601432
219800 5813613
9696260 9835603
3137858 5752605
929363 851374
879176 2103616
650058 3331425
4111891 6388977
7698547 4390565
3984844 6302087
8238486 1422067
7054556 6399131
7261500 9774596
3786091 5304584
7726256 3950930
2922468 570213
9467384 2388757
6776175 6952588
4305247 8890310
7544436 9128597
5362669 2189982
4137246 1309274
794604 1806103
914900 4900596
5689573 6280552
8038209 7408316
7732639 9097740
8699852 8482378
178726 2436539
8707359 1971064
8185536 8602606
6198052 2665951
5246968 2589151
8118018 3037783
2512279 6524549
823715 3906298
5236389 4907675
4077360 2658593
4687212 2287897
9333010 9704165
7884532 9717688
5354738 4482846
7019782 616818
5888313 7239654
7385772 119935
4352656 7601173
6289966 6693463
1752288 8413254
4071574 5342517
1128402 9266384
5255084 4766098
7592527 1097420
5288826 9862949
8831360 604437
2822984 9293929
5257421 8229314
7730720 5616662
6728801 4222893
4385994 3176613
9310372 4536174
8353103 8353999
3289534 7576672
7357177 6009614
4032410 9897370
4783312 6160409
5463647 3294709
2289566 9682539
1434744 1470220
9603948 9044028
4912012 8716982
818689 8587014
7910150 3424653
594792 7651456
3736077 2760297
6584554 7061925
678411 6569316
9319055 3472685
1739945 5603031
6197793 7021585
8872401 3692763
6675240 966922
4199466 3489608
3076845 2834578
7990302 1682360
2104442 7574496
3337814 4264580
8532760 7800303
1906491 9808580
1358542 7559031
1944182 7502802
7337448 3382514
584560 5875271
7439980 2018967
9561041 8989691
7185446 9015521
5420420 7586825
1799708 8974344
6824241 176712
9049241 6628613
5013953 253649
7125542 30225
7483612 8719230
5323787 5904294
6152813 8812008
8977489 9584508
8042139 1259624
7743554 2270220
6589521 4465431
5807975 8593167
9693238 6877901
8872583 7655934
1689269 9364388
1095982 3210643
6655477 1747316
540578 9398469
2903776 6986455
