402685017925
3576877671671
17975166915229
1813543422683
90150661280
3172311755517
7329953675426
11550071643948
2631198209315
8662179357980
6275050368482
1493308649957
898794885135
5470274612354
6930535152423
22581865192329
22407257852458
14949217852879
7065948100434
4615757536563
11183401193327
3347775805423
1052497057880
17964725051865
7345189732038
15098516456758
89529529843
521096223112
1636147460180
3092380367500
89854460069
13207171435097
11155759442754
6366530939687
14528408763968
7250512835535
914953026263
1481633909270
2901275618438
11586225694725
7607843225402
3066072806476
4215738420684
3957684345533
11689790388994
10112134621397
14917757808172
62488779825
1387272505384
7157130965654
3681745608254
18040181169553
3813593645846
11720266163445
7310622347870
3982808689738
9123921762
2900395404597
14370579593145
22886991839530
807512346311
1572495648192
4298588060608
11104211073880
7965633615101
1983714356604
3635687540033
11330848483008
11964816593849
2577452895001
20233775100726
1486612792702
17094328254080
6255784108809
11269727519459
1671470310
6370441343442
13451139297195
7679201413581
1516399792340
13959226968931
321952952324
4530809010943
4413684555427
20666001997448
13698338986431
18626728745170
12034675373543
7280401477846
213920486388
8795336678963
3060561791329
20931639489466
18369994748469
7251899446986
6691914056561
14741354014845
7439937621432
9932390735530
250730733303
2946101143927
2530953313186
3159504630392
1207316225286
5790529699431
8139462169438
18397308284555
8897040953264
1958508544958
2118847618688
1928867456990
1329590358626
2963123354711
8021738524673
131965299820
16371554092200
25248222007345
12133452472484
14689621323192
1026150448158
3668763209062
17034341066775
3005683365871
3034483701501
7498797099398
3607851769095
25991990106314
4496406530437
3167481981044
14287343730468
4489103177776
6910198806743
20819670175434
4270649271242
16124553403787
16312661410639
306996590208
333618101880
7637564986193
4122144852330
4314603134333
1479300746509
20998233361779
908779702461
1555540154252
19046182639290
12215221046926
14684394666105
3907390398804
8653735649160
1520926306314
1753624295510
843753419744
14584313779361
1011174361207
3223111234884
10748850517349
997711650277
12460399087813
4779981684539
6996053629234
3025369441617
3281205769164
3701467481206
5133323939061
8938876658196
7542947608839
795277136967
1243749085602
368039976479
5594851381460
454905404851
1420236018294
614884023937
1307870094643
4881694219327
2159556403665
64503858005
9010167617790
607626307289
7311010118568
13889314924607
13653414901541
4222107067023
3395105329326
3966595169108
3497434830085
444736004724
4865071515496
1865346679476
1694208175222
200517546535
11480345960790
3715386797282
468095149660
1561827715786
18216479087818
10572213346774
1052762366063
20540487784192
2539636742120
6702021837440
7306505496076
16653630318172
18460277356871
2409190763457
1881582387973
1166860735200
11431290381671
4150735084399
2855017741621
6316661174374
1226017764586
17459441986066
5902680113481
183560648276
4123365496498
2533555218196
1437566026257
1175936012710
8094362775416
7336908445634
3523788132211
15191455257689
4368626102307
3170346282819
22322330029273
15795970148452
378470565479
2934168539354
9455692262797
5191306353819
6464201056315
5431249481447
20710535060714
763280376885
5879934498952
131623005111
1064458084158
935931951088
11960256317083
21775380163098
11994225341684
1181649826519
9035225003885
111808656540
7248991520701
10996371509717
3524133818871
1572519812596
28112052160
14517744962095
3361607972846
5371618909221
16258446047759
3115168750515
4289019725910
167654805048
13124037386859
7486768505732
1737318349313
202819192664
8521089891
3542583095959
4133655813182
4887312513403
6086217374057
25689628954140
10409345208637
15193731195316
12561874492281
5238695158894
1195204028322
7760567203915
2249993853869
13538308962626
5032917147144
19660710707330
2761895217815
2805110882185
4591705256242
2990995526458
3551283386604
29262405800
1988130880355
902610051417
1812343066860
15647930309629
312236285412
9357351695509
4641213275867
3641938361252
7570322477270
11459797157473
2031317530256
15781687738790
2049627802516
5808548453902
5595203226921
6730473161246
9426779327534
12593079261725
8397903498087
1281968320272
2545550063042
126653621171
724110732116
3248164598480
15191754049484
2406192327714
2626126286201
13860575157711
5326961799512
5788764730694
4225100154400
6154170042969
8876332857542
13428949892691
1321292888560
8073842783193
200582963892
11880658774762
752568823973
552262814164
1388935336927
417517662516
1729581133841
21497906545141
13170266764459
1502053143870
474190970984
3613875585935
3297698753477
7034316561955
7666877288059
12074050857696
5060622043993
482998300026
327677794213
204540482034
5153118287793
3837305548978
7037024085197
2234786095380
2418781606985
7683313496298
5672228108769
4012516456491
2834441369871
9645884889239
2510643627173
9547364340605
12720936924727
9952890545288
541133704005
5109117375789
17050702111526
18749974589656
13803028627598
26977140921525
504769390313
7334779495689
24631169157382
17674729374197
2083171522007
6235135261300
708893282662
1400901533247
6123108061786
6107813832745
7480221104722
1361383835446
6988692661610
1226376233050
6026721891289
9813481701703
5665374580528
2294035803758
1324758585168
746798761019
10687396201498
6258181665786
489822948061
10800657831218
12316759393622
8336873627086
21654562105628
10037727132278
15374561987997
744386830569
228672588127
12025565348689
5087005280778
68224755886
913917774242
5123720320723
19043315488972
5979798982926
14845135870991
22448051018163
2459686227091
3947495972435
12566531696145
16476940214043
8967010284888
2329057366801
6591329215908
6863143403924
4852275127998
4640128584532
12993378360991
10758221512967
152333129993
2545857336909
3071472767331
6519388259211
5644351839763
1220434941801
2586852871923
4175476021714
1515752518825
9020152763231
18849076549084
3079506660248
1443705750994
19969740055023
3656717424846
2334688710406
13304684839882
2592534531089
735301408411
161352174179
7017932170071
1868340404050
8735846539371
726652020209
12148366295145
21486082266709
13064734409611
8006049819109
813875937275
895359087680
4928409708632
3371744791209
8081640015956
9346121902892
19461096916804
3757172414476
1859070074384
5991432630051
6922511385318
713367007128
1984750175222
3415503362311
14923140155770
844505195739
9007143214240
11744029228572
3729601350315
2609788793207
6487780902388
4130306793404
7250764734911
3487565487719
220964536511
231407245178
2289085751173
879148592613
2326572207044
12178111083800
1577915303675
396990616505
277837007803
1268786431335
19647089349664
4857724940754
6450122706752
16786789356014
5141027708053
22349719520897
663050111769
1610476249009
10701283959854
7856411613137
12924453880942
16829614938513
9752073411883
757043362606
16477197968738
1819793046495
2809836542221
4462514458058
1268730097725
123701385489
10410570052936
2621609924695
20397019591512
5917026370367
1362092294443
5845106990485
21462599370916
16158979146323
7635160277118
21791963839010
9401449692513
3494778940500
12054670523781
8867872667441
10516909692608
10949558849507
8554009178501
3051697342852
5861619637168
7392728085639
2811564427843
6597676303022
8156836123306
3588346491325
1730427295340
4989440210733
30913236445
3168906870684
10047972704371
4899129640384
3966578332644
35499071562
2143615318995
12248525543364
4477424857866
722964944391
138885382627
98243445101
20903430630824
6433802045669
5042549577076
9244389550
6114812707049
2354375850040
10954139864559
2127713743711
7278089643643
1729480977041
21116655498803
1578488066162
2021297970714
14130092498602
1326737496050
8238498237685
6165455645860
4332517648724
3683185177077
116875090850
2624115449761
21000809025689
2199327782273
505818106336
4715916622735
17247333089313
8427610866415
13423398351348
819862762010
14019474645704
530996188665
426540907520
5682636910232
15093602256735
4339726375630
11831151583224
2307383957313
4739597540926
8183116808788
7587831632597
1161754533773
2771536610452
1433584805877
536338786637
3264524390857
7534481426241
12010858978345
425824190329
2126149488113
5566336655303
21930235810243
10863933791323
8437065498177
499789282796
190987037323
7988787045439
7031036760666
5770400312460
6419502835621
1291396032773
2488981914934
11029008486745
6567968183410
11280095180133
1464920681421
20606711679891
21987659552656
2424922493729
5719718035159
14634526129638
5016481626141
2173159896206
8289880307638
14461263451713
13233056274531
13908998063512
6427429490447
2946465419596
2144161493889
1953827820873
2089237819886
4258921160830
10755787935661
1992500995327
3331719357783
21929708262916
967289428372
266851042149
967889930490
8800058698846
16882533492443
303096883417
5742354887964
4233134521702
862291340062
7476756141437
7997035131613
7474101682689
4660462630897
19917845400667
3587990349166
19120261353397
13151371514022
9803031867471
7786341188104
5314939480384
13279311291
6334312937349
253327706972
257995389205
7963311817191
20443403214767
21202587127273
4988838497759
1011467168147
1741228808166
13608503314228
6701630971
5527829722692
6845641438130
8325828305580
4243364863041
2882245571659
1430899794997
9514735890227
6309237832988
13454036408373
7067069086100
2197051471063
279601912645
2728761959051
588396232114
21969413994982
16058339399414
74065455574
22447185036951
144516906115
6841653998610
9430367256544
16813937919
2334871548273
12155935344377
7452516332718
13610766254726
1902601428155
10442705275672
9339754349937
1548030414164
1723536474349
3572706406873
589684658205
1911145495710
23281170022974
14568401680954
10240613445567
5525854693517
224071697554
43534596220
2860061144760
3665969077084
8911889875557
597870796600
3079828773167
5448438361187
2222275988555
2361947266511
8844842999778
20268596986603
1388514120908
15644023702155
2517504588717
7750099483909
86273644701
741842993125
6565846321498
725791790944
10090008598296
17882869963885
11988507339768
639794967152
3099175216256
3917776499166
17572095300490
6046767523906
5434862628240
13240292842257
12578982039400
6243829156619
935864726808
13438953593219
21544415322123
8404180373101
7263241438959
4607461760048
10301212098739
16884207927825
346867091218
7861558994325
7875455217205
8090370816528
12292581708456
14790117592890
15712119799739
5870082986774
11678963970146
2812101429715
11381186232267
1749391000072
84938740627
8746135938200
16229656977606
581609306549
9703488661206
9729004424427
3361732216644
18857239529485
9569261218823
1572118822328
17471870913142
15496570536544
10893693760214
2224099541270
1043391576156
171575517453
19623710283565
1660193268129
14526700992763
6222338654617
6580671895894
16418679130164
4197499371682
9814027183833
426385145177
1072988128399
1252741262683
16769317715872
22510413126871
485444803936
15203914845072
5831977835349
10759688266592
1992442379693
13572502584842
621442837684
1039864773878
9364051638746
1973381520199
7326201690147
432972048851
1238888324755
7858161306642
11217642756984
8502554073469
19901572412485
2458152661942
5769533851817
4487684237130
6497541376436
5655870134085
3263333512430
1455861812222
9510439239598
6162836651020
4487607506762
850738341304
1642658325049
1618905920046
14572059691841
21983930235019
4482786835952
694061824788
11447040665232
18223325216493
8180683373448
2479460315982
7214467789348
12056779202988
5329944072119
11689088664427
8185384100702
4834826544499
7650988008667
4355204575793
12306896622849
10081491622346
4606713636476
1897261542698
10476004460949
8938515780498
3868841950144
20340437431067
11394511290441
4408488266097
10551234355748
3335870148527
643130369658
4261774557769
5066983601516
7439487222176
14061263601047
10537194853215
4923998946556
4827125277062
7210296960533
1404723435248
14025472733230
1542850123590
17688771265048
8922372942131
1359238033531
6547013839181
2475370851482
457917105891
9887098331733
20959191439160
5355260736968
6325362578551
10524382358565
222248229477
1059279521554
7290298026047
403498348447
3626489925425
2405052095730
7836291844272
4476698950372
5930528076196
11130443609407
3845729449830
6171906392049
3104208590465
11445714022940
8988293713433
7233289829549
9318304469325
123678213325
10758766584384
4357585037890
3483104821480
3546500353765
3791275077958
2631794264265
930054390728
13414766586993
472289873589
3999332501620
2211888656563
6996489718232
5158584998676
11313532663535
57903198613
5309008612546
21756967154284
3788909731151
6377861713067
17580514137933
3447934286663
1410586608312
8999421814350
7145371848341
5606457233577
7002313907778
238235346089
7627549861672
21629523337985
292313910788
4600637097676
89041187968
2537266059888
2331236947200
5779280026053
6555442477676
14064564723756
13538776464812
10840936651477
2539032104176
20922378268760
2768401000856
18849122343840
13777794731454
17748610202494
9789339900313
3432903208046
4750405895020
19786527935415
2694716939264
20111553802132
8746675371697
4283875855764
1908421748033
1110178042738
2976892790235
559064311267
7820098698602
545320305432
399641759010
2334291595149
337462316731
1314165781665
2799336553899
123840322878
8384094834454
4012949707055
6578721937613
22823501782852
937315334605
8517392444864
1911773340794
15294157526099
25484548018
13845203657798
26096816582575
717919148289
164211932869
10666998877058
797653723976
226530923594
15706113769709
2665282260225
4857118986004
17240691629678
16742753288028
5145965222450
2295636150264
15294097578982
2934951406178
597564921144
150835352602
2174210818878
3621479215336
7295936861898
10635948017637
15305667156688
18734088773269
978871952051
14122453375938
4038915522372
3558751050831
4084903092075
12333711584767
21418028199250
12125918195469
7798482316443
3654694105738
1635536433692
346821737503
4581688256143
11443740801631
8907912629042
2613466638986
2990999915793
7801429595836
11514538377928
6834242004443
18584986131214
1588884724847
14518077348559
2655465598994
18717324669261
4967126814388
1875171515352
15106241957752
13449871462005
750431692700
19980518361022
5232919650620
1535628317355
22637347758687
