1000
3783456 5628480
9971715 165289
3857385 8671767
5866114 1019303
9673346 878908
8895140 2656253
400290 4211668
4069566 7956592
5089468 4158275
3533286 3314693
6310151 5944495
5058800 2721281
6894838 8945405
3509234 7776617
9975615 822993
8940480 1940995
7115991 1451281
5217775 4005586
8340083 4541665
6254165 5845661
9468040 814247
6198278 1644008
8805451 2302984
5336920 3811192
8540081 4921065
4134879 3058258
8466414 4967790
1598192 8194235
4884217 1551869
6807073 2628025
2481413 9180730
5534534 1375887
2699912 8083595
5670388 7881796
6330039 1736725
1343361 8559388
8239751 6093756
42242 8502428
2644397 7695526
5422538 4614537
3353118 5609271
9409392 7209192
3821711 8512790
7273673 3718271
1042292 722341
5240425 6564305
1209732 818956
2082597 2367269
8322994 6321454
5140627 9564159
9356852 987441
8503559 5221540
9380095 681593
4504470 1351193
213064 8137388
4186646 8815651
576004 3357743
9878171 2033479
2680168 2221094
8284283 3540299
8753897 5269111
9218762 4000307
110779 969415
1849181 3824451
7917781 807802
5320650 946946
3925610 8000950
8440677 3216948
7129072 8712544
2074948 9042399
8823836 5094044
7813179 2541126
6834019 131792
708831 3624944
9717626 9178400
4603654 5795104
6410710 5608562
3868612 5499869
1769004 5201387
4951406 759403
7902064 1959023
1820698 2066639
4276313 500900
8701981 4454990
8210266 2127471
8919946 4161646
223657 4828660
2483512 6175858
3035196 5959833
3752124 7754977
5776582 7634179
3261418 8883839
7027260 8326294
9549015 316625
6554069 3366904
6757720 897052
5353093 9570958
8129412 1018469
2801921 6847612
5235245 7754993
7676605 6714152
1713898 8077382
9248111 3983030
9623439 1208487
1162637 8977932
4764466 1001115
5129802 7470671
6948391 5433190
8827164 8800227
5654147 3611277
3326264 1755118
9202076 7862741
792467 6770389
3156230 6799172
8482913 8892988
2216214 292637
2284441 737161
415330 3287783
7847535 5564769
229695 2653541
9978327 9674792
7793088 6402462
7387527 638084
8121788 9770582
2879732 881113
6269768 5904019
7090643 2208589
7225272 57624
1404057 9700293
2478625 3382507
9913211 1909861
3722329 935122
8168558 8636051
4310772 9200977
954663 4722420
1438535 8894509
3626522 7346412
3711976 8600683
5209086 5899809
4447915 2353232
9416774 3422328
9053862 2128737
2119976 3064213
6719021 1874659
7434777 6163422
5433557 1653212
2857294 5684728
6388468 7527568
6801340 8861127
4906654 6145668
7066264 5108593
2689449 905085
7240790 272474
9843113 763392
6259501 3293608
4860659 3162962
2096272 5920704
5085341 6935417
3273142 5868102
4270331 2721976
2656018 9593888
4550563 3180566
6716378 4352371
9035113 3987543
6986883 134691
6740706 1796352
6494786 4340310
641764 3216086
9084300 9354097
3384195 9387486
9013653 9906456
2889748 382429
199252 9124401
2007085 5524313
6000508 5585632
8272162 9461142
6791428 29452
9746057 2946329
1752479 7169239
6892854 2407591
167363 5051945
9721022 3102021
616869 4391205
478199 3564984
6938042 5588145
6890741 3316741
6823607 3041265
3007374 9815794
1415184 4466123
5557846 1915523
7282556 5374819
5213218 8628604
8217582 1386400
2404744 3101796
5367965 4107557
9806812 2568703
7298684 5626071
4651828 2963923
9429313 3137884
292580 3442979
1282529 1907353
8544001 6226934
4404753 1438003
5252705 9056911
5880262 886670
6614168 9156469
6117428 274896
5187324 92780
7770194 5725789
258464 4385529
4671827 1262427
1265628 8153441
8773934 6717359
6345538 6378922
3277334 5659133
3349417 3758231
736129 931371
4028070 7914159
1600932 8254685
2686861 699702
8405492 3464826
8657907 4017201
74406 5031333
6942638 1151077
3350447 265667
1093714 3626327
5864387 9573498
2267572 7780300
6042073 1597231
2387818 3989962
2560804 5040646
4678472 8088212
8441882 5052006
1655268 4625201
3022449 3772401
8597650 8291429
125724 2575887
1194087 5247285
4498769 8263907
8243769 154214
979716 5363666
8562972 5441406
5699436 3193219
7792998 2648256
5205117 1602648
5340970 2359475
3447275 3618041
470464 3100442
1631533 2089673
9212091 2381564
6851830 4188782
3144432 1634973
3006396 4992717
6559732 8487042
7459636 969482
8933277 7906289
6954067 1511050
9235583 3805549
6112206 1465460
6323824 2795197
5221658 9899947
6170500 8217957
9522411 1356757
4802832 9760297
2826552 9274966
6116138 5406737
3628340 7873492
6590503 7607007
7286102 7914164
49434 6808345
2261329 501402
6734682 607748
9972507 107756
5721724 7143334
195305 4531918
4486611 7379139
9498416 5155238
453879 1941984
1098660 6085529
3359674 5234114
8700092 6477580
2041907 5651182
82348 6710179
2965430 3753513
1938536 2199235
855513 3650808
9530406 8734995
7404400 1415329
2161756 3086326
2026513 5161896
9269181 6793745
5802768 1327186
2227519 3142731
801282 6110372
1358615 4987079
1234749 59747
2800825 1370730
2229333 8247060
8582364 8479707
7451935 1676540
1986420 428028
9538865 8578081
2482229 7563253
1238495 6385863
237077 6678697
7003199 6244723
4871754 2708158
7543845 949097
2181831 3114776
646695 3663921
1598274 2590941
7780120 1822733
4438448 4009842
232592 1902851
6408005 2057339
483937 9002713
7361016 8250462
8331426 7633554
6178045 7492544
9281576 3263605
4881224 6986757
487558 809478
2154255 3740627
9660052 9065482
5404616 7465743
487012 9793543
3322790 2096221
5485773 530880
5249183 3585827
4862819 7664571
791016 1472773
9291900 3149630
4826997 3970665
6851628 3801677
3656829 8422772
2418505 5709229
2026740 1928202
7178599 1854179
4153102 1315537
9163355 1118516
2032066 3717038
101819 5907238
4812995 1145925
5323995 1235708
5390983 5232124
7626448 5408957
6978371 7653112
1527024 1717933
4688492 9463965
6911695 7053392
8447031 600721
4591427 3444974
1913752 9200697
9993824 5101321
9560518 6963897
5109371 5620071
9182517 543095
1520810 8665742
5419673 7389847
5011521 9065153
1683176 4729727
9253846 4341767
2581463 8350676
3621949 4649892
9482075 3141114
7378955 322717
9418281 9920791
5320470 7510071
5474742 9109776
1961586 7580407
4108215 4214025
5631477 7375651
1949984 4555496
9347251 1814591
246184 5673297
7576705 1846671
1858882 720299
1371637 7155226
2781733 7686681
4106339 7669028
7449028 9513984
3905760 5098290
2245077 7000070
5394754 7674634
2086477 530704
6193437 2572463
8252257 9095490
8001223 2469736
9138565 492930
8698324 8682553
822128 7880949
9308570 981478
8962838 3710207
6971180 3564790
3779499 5406534
9800802 8417070
1052069 7435951
4795086 8669201
2996665 4553950
2681415 6655333
4850909 203577
3508706 4477232
1780292 2736229
2724851 3377078
221795 1868614
7257999 8154492
1136241 1718786
5694603 6353095
4444002 4107517
2168317 5131420
6007402 4694237
5879738 1586112
1960192 6250887
971349 5063864
631639 9750047
1155366 5133514
7661029 3754891
2252479 4349050
1932383 5914608
7985143 5449869
9163962 7470386
8748514 6509960
7388843 5523703
3492438 1000624
3486375 5926820
3808103 5272842
809315 87645
631019 648539
3484371 4343560
9134965 2554921
3783470 1463625
5530717 5197496
9490535 9512198
1235893 3054988
5432116 2878820
7763796 5604204
4180362 4030024
9168079 4576477
5802142 7034454
8432506 1460514
5360101 8043379
4783594 6646977
6594580 1438790
3866996 8142080
300448 5008690
9661102 1001442
7280957 1620444
2434029 407086
7981026 7312427
1957061 3666920
9606978 4819650
2169739 1281109
3745875 4062086
8054484 4328955
2552010 8209565
2980342 7941405
9878812 4519660
9237766 7905089
3642878 204824
8600919 1806765
800101 2084613
3951104 6652773
3926918 1129944
3371734 1551278
994133 4886008
6259949 7601165
994825 5001736
855578 8075591
8041877 3787630
1453811 456930
635312 1698894
9584844 4295329
3876941 2039566
9642938 1673867
5071266 6867666
1701267 5808867
9432356 2172033
3656043 8295472
8543367 8245821
2944536 240438
5849026 8464878
4698670 1573115
9690761 8920503
7027075 162242
7139024 7197822
1387434 2240018
9412174 258791
1307131 6195374
2918134 7873240
2183048 377629
8573310 9077110
4367016 5766819
404443 2397478
3136239 483781
9214530 9257228
2497587 479560
6366376 1619469
1819272 9046833
9489474 3970383
5698884 8820550
9333252 7829303
9263483 6306187
1953317 328810
1775234 5093188
1176856 7051596
7911023 9748216
1435411 5653763
6168726 3066731
6142092 4928627
9775117 1633954
8132662 5516227
1496359 6395363
4243847 5677397
4263420 2714545
2550451 7212369
9262686 8257875
9581745 3027098
2362852 14285
3255477 60118
219491 444771
8947891 619369
2744431 6315292
7210466 5941497
2692189 6534717
2319797 561514
6531267 421705
3883362 8004579
9197173 5638918
3400414 4926407
3489672 8033402
1386846 8692539
2160594 9278313
9437527 7845541
9972071 1645272
719998 7176362
9170973 2988684
5100871 3212719
9915015 9705482
8365289 413912
4733309 1902615
3112023 2816138
8579090 940984
7601480 2339436
804635 5529523
4242735 6961633
4179373 9725708
561090 7586702
4912798 8806408
6117238 128474
2557826 6276652
2529408 3804136
5391535 9111101
1027541 5601693
4426553 7988032
8477225 6786335
3918710 6862586
3460851 5345107
6229754 4770417
9961446 8390494
5165210 4461545
8326393 1142052
5113452 3950822
8772191 2842443
4985924 3871663
1084942 7017527
3617079 8026825
7528891 7078286
749595 2679159
6783451 5623349
5729412 4330559
6367011 3854928
36296 3934695
1297671 7459525
6361083 8430322
42046 2429241
961522 8430503
3373627 3724048
1385667 4835466
5517109 2652016
2771778 6472416
7886751 7874238
9896581 2006062
8222255 6923166
3155935 3659578
9388634 2170614
6902376 1117831
8749909 4697066
8179827 416348
4798229 8560480
1881237 5686461
5953487 4194301
1843491 3676399
7052023 8728997
5574963 2675575
7543876 9043710
4340889 4493338
2642345 2090349
8111851 5405149
1858908 9424534
6541821 4572422
3453394 6530015
7659493 8266137
1718592 4391533
7145334 9230682
9080987 7821220
3125832 493392
3483672 6248106
2865325 7422783
8269740 1316323
1726012 8403757
6156811 266998
7497418 7124061
6863660 5204933
2325227 6077525
4636610 9814136
2486004 560731
3791428 1870450
7385594 3555059
8941925 8080089
172883 7110754
9417371 4265745
9069844 7431341
6532379 8427584
7694608 2852377
9524826 321739
700255 9855787
1828108 3116630
9447379 7048489
8404008 464967
1332739 7036310
9464801 17730
7638467 8856377
5309486 4840494
9126697 8385814
3342914 4575021
6848009 8222834
1894291 205223
8402681 7439698
9856086 1269311
1352781 4358140
4330624 7597147
8203674 7393139
7547846 2017055
6560438 7054462
1703069 4964209
9211829 2778528
9009593 8362870
1796460 4005280
71313 43538
4323697 4763522
4429400 7463403
6684056 8152588
8492293 6660966
992887 8356801
2258891 9690791
3279330 5042151
4216736 1060244
6759022 5690244
1103801 4474578
3236465 6655196
5615371 6853
4283135 3866483
1502923 2532115
9674094 5843088
6387949 6847904
2974674 4735416
4075304 2386834
82176 8890030
8579823 7187278
2621326 4653688
1471352 9488120
7449168 3272796
6817977 8441462
5718363 7615582
8203237 5905517
2634885 4131650
5394674 7880769
689635 9579791
6151957 8273688
5817416 4907658
7256258 5146711
7907147 5369526
2610736 6560802
999617 6609625
4615379 4741343
3518526 6877561
7830367 6771506
3247127 403418
3123018 8964481
1708258 2568960
4948170 1574385
2816755 8285490
1272786 8204391
3976031 4392052
6219928 7502471
627580 2600204
3643025 2556982
8505950 7107965
4685553 9314075
7273307 2196110
5481135 3440281
9528327 9492674
324735 6674389
5387319 2082656
2485205 530358
4636801 1556844
1101799 9187166
1304889 8907051
2142763 3104309
3479285 5735970
1938644 9605982
1891081 7151255
2681688 5415743
6759690 7302797
5498860 4280060
9890638 873163
5168389 5896956
2907113 4143189
710743 6623969
899376 5632368
1595353 9813651
1832761 4399777
4203326 6524725
9418457 3297965
550525 7085612
6495395 2891161
2168393 2837919
6849262 4777387
3773464 2495729
7279951 6330599
7984543 4892871
4915354 5596689
3045587 3365128
8031460 929968
4227049 6720854
4580611 8210568
1369814 1391769
881803 2045471
2297422 4559476
163921 7683128
5693896 1082189
6085483 8242393
4616311 6574920
5296813 6321224
6794961 5236427
1660589 1793545
976907 5915643
4336063 3607905
7471642 8446780
6043128 7851093
2871859 8075316
3475758 7605162
2854475 5142728
8096373 4750309
5308567 1434268
8174754 7648204
9120140 5041814
9344715 7569378
9795678 8573403
1457349 2386158
8484867 4071887
2140323 3770228
3870385 8619800
5054012 3774009
4018523 5302682
2367781 6275010
8109239 960124
1880754 7901781
2467002 2490912
4466424 9310325
5808665 4122798
7070669 9448297
7633481 8681225
4746693 9748660
8018942 5491286
6102325 7921181
1857711 6699772
8750003 7233064
2854415 7229086
324243 2254362
3714452 7347745
4043371 5561977
5511156 1766956
9550735 6397832
4582690 4941345
4867220 8932686
6761812 5871912
7557584 2267279
1995775 5239076
989143 2809935
1799255 9833787
6011263 8592597
8780627 2006225
3486556 8962982
4597926 442381
5942723 8328581
1041223 5524177
4122698 6136440
217961 2235845
8404549 2299077
3668226 6048332
9385802 589680
9108807 1993995
311341 4093885
1535917 9139817
8425347 9557299
8932713 6276617
8924322 5390231
5647984 7132880
6096798 3601644
2588279 8748388
5624908 9856888
609138 2876586
6192706 8876353
8495512 8629959
7896788 8264970
5413212 3494431
7882392 2134746
8443508 4905304
787682 901749
7373653 7704022
229831 8068320
4489908 4115775
4218013 8707297
5851398 5150328
2853624 4050299
9436928 7775141
1053486 852597
1924503 7226924
6412883 6704850
5919999 7205682
7211452 2445401
7590319 1930907
9580543 5564686
6829658 386829
6825072 4873398
778998 6566508
4021029 8832982
8354233 4267487
267634 4136244
6081686 136136
8842476 838483
7084866 3197007
9596777 9636218
8823092 4159575
4142077 8596781
6602912 9410822
2766078 2177329
3632251 6556736
4977151 2902283
940409 4991403
2032344 1990784
6395024 8224172
788891 139029
9935222 4027879
8821408 2151952
4167710 935362
6642297 2181621
609470 3252578
4850045 3962888
7124043 8236843
3516480 5394768
3621754 235203
3727000 4579217
430655 7579150
5513113 683985
604497 8209075
3003288 1250643
7284131 6255764
7240619 1863197
9537004 3168345
1458086 6767733
4678687 5875557
3370143 8987871
9477490 5165662
4010986 1088928
7761370 2086696
3781532 5009469
1999244 5468137
6840971 4833659
8282877 5083782
5202891 8383455
5779170 6658211
3801778 7087023
8451375 6311206
5373139 9582830
5536155 1089971
1746950 4190819
6540441 6816945
4701790 8988946
789599 3618754
3771696 7188800
8958691 3382350
3792017 5017074
4352600 4346872
428631 914286
8096948 6721958
4946454 9102775
7285036 5988732
7600804 1108756
2047924 3388640
5522069 4827656
2396803 9741943
6831038 6958938
6871308 3193381
2263861 8505486
8205318 6876432
2943311 3630953
9042148 1016733
342559 6400625
4599260 1522672
6391164 2342505
1410787 837359
7862139 9380952
4610734 1868222
3156847 4008066
9450418 1856452
3951984 47979
9125412 1170211
9909328 9608666
852729 4799683
4150182 5768020
5689957 4718407
2040390 6694940
6721631 9512597
6227910 5269048
1760794 9107025
5273338 2809198
9084556 6653665
5375736 5012802
2761322 9495658
5007636 3355512
1058729 9727952
8361955 5160087
195454 5194041
623547 7300707
5178078 9972746
5528368 6927586
9023101 858727
5970967 9362647
9920210 5664694
528134 6403401
6060688 3580443
6202961 6546171
7253038 475132
2048398 7286132
25951 9747710
6247057 5074296
6160665 5435781
7031536 4216844
4990481 553400
8020990 4709494
6012348 3298297
4184915 6078137
65103 1392496
6950465 6783900
6861502 1841408
3506527 3219874
8012224 3883726
9805442 2671762
3712329 8451520
8870077 2005104
6804493 9257851
4606952 5969793
6311810 7277284
8804629 2346186
1734109 6672799
9687323 2549137
5386515 9419282
6336526 6709721
6167897 9252449
4145220 3626345
8413988 1146098
747345 4595013
9983913 926314
5216907 2763570
4194140 6766894
5620358 4279989
4046068 2259170
7858711 4248083
9168868 8700139
8365140 9891921
5126626 9219824
8749201 4092341
6256355 9768404
8592099 4110019
2885788 6089788
9594272 6934591
2987010 5083790
194140 3525808
9949258 5672303
7747053 222682
9073897 8465860
2272871 270147
9054740 659761
4798367 4084782
1996351 8645148
8080299 3189793
6640416 4409769
8695263 1714530
