1000
3807771 2736433
9386570 4806251
5913423 5526488
4187628 7360739
685432 7825350
5904480 7638165
722082 2045107
6488400 2173659
4495379 8004633
7541414 147662
4528343 9946799
2717577 4742342
7571636 66544
7862755 2005341
2783413 1615124
1052254 99052
2403235 7093652
9066977 6460044
2916998 1058345
7734166 9085077
7594407 5414861
1966438 2664353
4225680 330295
6672250 2933129
2528522 5885538
47547 1179621
5178397 3232774
5228114 2603151
631954 8082845
355880 8133408
4366451 9858782
8873190 245361
129288 8722500
8891124 7687962
2636890 3429127
9765245 9487477
9140532 985120
1705449 6968986
5765020 3507912
4535136 7831908
1260125 7326585
1086413 1219050
3578496 3960427
6636760 5211909
4506700 5174423
2826217 5077200
931533 429494
2255275 2279842
4724298 7555137
4572805 9404437
9133644 4221426
1882529 6765185
2543133 281281
9141225 2466689
3303749 6865383
3065348 472939
9409549 589277
7588956 9575259
4031103 6551132
6931738 8999592
7708772 2214878
3357735 5833197
2286660 5733658
5822125 980480
7732456 263051
7212307 8927229
47322 7933034
3234179 421563
8750819 4227374
3648742 6604756
3490058 317202
2298980 4873248
7441691 7201549
6051688 2526266
1014940 6767706
5945754 2712697
361817 3346802
8914147 7113718
7840856 6863372
4093292 2963852
1567076 2020259
2837533 7107794
5840262 8056430
3823521 5443618
4411782 4793960
8811871 9555860
1980269 7220554
1399298 8861314
3116805 6877067
1645937 2486533
7026518 5056230
6216151 5071734
6164394 911058
9103899 8842861
7434889 379274
6371432 2756676
4499133 8927111
6039333 9028884
5993806 7242496
5589756 4932917
6900870 8168816
2795222 6065217
5488109 1257743
880348 4866705
979148 2270934
2126456 3041342
9423021 7944574
3358417 854688
4368473 725120
8744657 8168785
4531160 3655062
571041 2501417
9193203 6663224
9355050 3106243
5485492 2695327
1480084 8213878
2800739 5236420
4529610 2234459
4340618 6037217
3186932 1167309
4146801 2122605
2810747 362083
6289697 9743395
2448135 3976055
4954212 7415291
5944835 336545
8538691 9040943
9614871 9877820
3668998 943542
9529899 2835167
9513910 3620427
400874 4065763
6673309 4748774
5987003 7944035
9604035 6577472
3387848 8243254
4483826 1055826
9057275 6348277
7072562 1696597
9781115 6455547
4061645 2838723
9168178 8808671
7830987 8097620
3933770 8986107
89717 1003777
4292650 2710632
516822 3165955
8968828 4490622
3795252 3057492
3243177 3626199
8412826 100268
5696858 2185292
5147856 7291012
5094904 7858421
5365088 5454869
7181612 9837484
6848274 2659928
2288223 8211210
1079536 1698695
4910906 2281831
3058370 4259737
9824165 6527070
4224402 3836617
5026123 5743045
9783336 1068943
7285012 5945400
7930126 3408165
8826280 2442126
8489228 7155330
4492402 5160929
7887787 4350945
7912602 2366986
7768373 2061242
2301448 9555874
918706 9163078
9887079 1276545
1238124 1972990
8571806 2368321
4712299 1264156
5317975 4931642
8076537 84248
9681404 704262
3483038 4777771
3723444 1476094
8738084 1982670
3519593 7172923
8055187 6816954
3726020 47381
568373 3560937
2500911 3610918
222098 7808275
771281 8384711
7406963 985649
6321684 1237777
3789922 3201916
3807905 4671708
4017063 8962029
1669345 1228482
66764 883134
8723580 96539
1912729 5389799
9711197 6822785
8597400 3774369
1465388 7261901
1355537 1211621
3415762 1412504
7897358 25580
9121528 2989498
4262103 4245040
8157702 6687949
7914101 33001
4088103 3709738
1019442 2359824
1671490 8052842
2297879 7977566
6764546 6171493
5937260 9742028
9950286 9841845
4396218 6550292
1964625 8311474
4739659 89006
620402 8601975
9681447 1560147
8723932 1295067
1476376 7415676
140534 2786295
1498022 99554
3427050 9782694
4111642 3909503
2135201 5190143
4744062 6345867
5760836 4332764
4241307 963455
7708861 9684309
1810169 3559188
9363635 9079365
1117537 2817988
3537680 8657986
7939805 3841606
316797 3700904
2303029 5653909
2844643 3569038
9279987 9541481
5894890 5466318
9168479 3324731
854781 4232577
4828035 6927173
4926148 2792704
5765287 169471
8666408 6950499
8569301 9885089
5619281 996484
9276629 8168231
341546 3633019
8935216 3528903
4031835 2702114
3617072 2528635
5516492 8967058
391774 5113469
3978536 1635492
9096321 7294661
5526230 7489520
9529765 2331276
369024 3080528
2438800 1228107
5924624 7087709
4902350 7516220
4668077 4791536
8542757 2691030
4777153 1206817
6638240 3785300
8954358 8698186
9413512 43182
8039219 1475459
2829797 5011486
3954594 4962983
4793344 9595803
387756 1771597
9433315 8673632
8972538 8617678
4000087 6439141
7098869 7946309
7248484 9962723
8249542 3219209
8305747 3366355
4420310 8683060
4722990 9034735
1522126 8296350
2825533 2176303
4980246 3549793
5331081 4570828
9214425 7501270
7288797 5619519
854015 613654
703167 2602305
2207280 4642425
8944378 7799116
9032663 2577433
5313175 5592727
6584348 8588879
7368157 7157917
2379495 1249587
5627224 5078550
5916131 6299039
2662479 9899900
9471479 1983020
9221323 8600838
8100045 1237299
4818326 6442799
1758799 8617292
4706104 8743599
2834724 529617
8041338 6279935
7252534 8179675
2759655 5209
1134766 5129282
9305797 8881972
8537846 7620128
6620703 5411787
2632757 1855822
733757 4120342
275669 4409572
859049 2016078
9558911 1230396
1911084 5108716
2324124 889711
6614733 1833130
6294100 2458966
2254680 9133568
3447570 8730505
1432659 5188391
7010686 8353250
4518026 3084184
9518849 7103994
1844611 9320588
392644 1766441
1834889 4671485
3516463 6056841
9474341 3989283
5360621 2679283
7980319 3507191
6689893 3733376
1504896 9495730
2774338 7548424
1457938 7196622
1985899 8517413
793309 4137474
375307 884399
176299 3340233
2722057 8125249
7809284 3599195
2746896 1262386
4161970 1033521
4851463 2010139
1916221 9105669
9250328 2771671
2482927 9457102
7844396 7885309
1502800 9558599
2214764 7832807
1856681 7300328
8529346 3075117
9515652 7290218
1798869 6637225
9398698 8870727
6190351 4694132
7690019 3331639
4838169 5256807
8670392 8742450
3234908 6973594
3625075 8400115
9392640 1922151
6075164 1139315
2491760 4438887
4697917 7645161
7174612 1557234
8583966 4458960
8842133 2803107
6086600 2999648
5564763 5664336
372997 178962
114321 9807125
7125470 2126367
184799 6351433
4064411 8211585
558125 1193734
9910341 4288367
8259366 4699557
4114342 129636
4151857 5243198
2152262 6831256
4771960 298795
3046127 697732
2306021 7058565
9195305 4121570
8669471 1396516
6176190 3463594
9318288 2304931
2321206 5615125
1870818 266713
9873243 5631260
7727356 3585119
6314933 5127672
3232392 7349135
6951949 2166435
7054575 7043330
9013997 6943956
306650 8052625
5585309 5353222
1802674 8951380
1264423 2249457
6746144 7434150
6134099 7476623
5484557 2660893
3643819 8358679
9215010 2611221
2204151 6722180
9721415 6159141
682305 204174
8711079 5462823
4316881 1614894
1420586 7626676
4519985 3091741
4444537 3619876
4616105 5136469
7223548 2838673
3418946 4580622
3748958 5796948
1814342 3109313
9366406 5853701
975165 6610343
2115615 9026302
1884017 1270329
7230736 5008088
2338282 9417265
529411 8432108
4615410 4261254
7100258 528082
2795281 3075827
9938900 7400036
6335761 7826800
1716675 2619962
2701818 4044727
2230360 9383087
9172246 7212095
9329277 6620250
7272045 6978627
5067737 3594517
7318088 8609723
8419926 490360
7447345 7349600
6448925 3510237
4118640 996780
4710167 8356061
1101327 3577046
7043181 9759825
6313174 4830425
6174727 6830033
3851343 8517869
4710032 1898039
5638850 5877003
8385904 6334236
3552825 6813805
1245392 9901144
3101052 1284618
4751256 7351173
1142548 6030493
3594483 3715580
1409099 8089886
9730504 9678165
3474218 4550982
6656834 1742186
2849529 9223183
4534216 9642964
4516929 7316400
6280197 7330156
7814476 5760420
627296 1162826
676130 1199907
989444 393416
6363277 1200038
7494488 9537791
3338517 8874343
9267334 9294663
1894531 2642142
5727479 8821435
3997921 2097987
1452501 7891505
1601144 4968721
8863879 2021061
4715728 6744065
8919607 8704590
9815858 6842378
3268302 1566950
4370600 3559
441205 3372646
9729786 5208976
493077 7497574
6457906 5932478
5987158 4033600
8367896 7260778
4174243 6006413
1006390 2898893
3150884 3808037
2942932 1634657
6410306 4847522
9920892 7964126
9858213 5890781
6307446 7279293
3577400 7398383
5987915 945335
4822435 4559280
9890885 5249222
7668430 5967418
8326509 9620641
1500388 3419238
9769610 7570755
6556492 9083468
9124520 7973476
9263409 2608454
5797646 8378622
9191802 8415213
7079749 6820040
3285329 6713113
9720214 1316285
5559199 1152228
7015051 1924757
4401678 8515367
7735405 3646537
6766981 7169275
5577412 5570578
7753006 6882616
3271130 4463338
7903474 1572344
3339190 5009544
2117242 7158164
6750500 5097447
6986415 7011620
7380139 4798656
2049850 8860674
3582100 4530442
4441220 6838727
6850153 25727
5425334 6130892
1526002 1525785
8243000 9040937
2916152 5793936
3055797 5854648
7747334 5698653
3499925 2880657
1033570 8149690
497025 1236495
1520791 5377694
8677089 1936585
9882670 5854276
4633184 3805464
6735214 5222820
7954789 8133143
7335395 3114999
5622171 4674205
3314004 6051510
3979497 4683972
4418378 8471579
5129209 4838628
2969231 3927582
6220725 219544
7355819 3025656
2794180 1442359
4242919 9043874
5138832 1566298
1671374 6257877
2835138 5582172
1174694 2099083
9633348 1182420
1700730 3082491
1319229 9344027
9248786 6509856
1376023 5343564
9845752 3075379
8187003 8702526
2139765 4094763
9658066 8603019
3075601 2011075
7350725 6489483
2515861 4462578
9381820 2540761
951690 8496499
2402274 2058828
5186619 4096959
6741151 5797245
9086254 6730765
582812 352583
1761326 2339928
6434497 1587265
709700 6342359
1918265 3374789
6046264 6648837
3259244 6500459
1212691 6263579
9581314 2680333
1110687 3597584
297318 6290884
6799332 6653983
9548223 4140521
7588652 8512063
9135351 1875732
4657791 3860908
7716664 9300383
5531175 8617436
9184233 7959459
2191148 66697
4132404 6159096
828760 3004333
4672386 8360504
6117427 658048
6441341 7210940
8215174 4088827
873612 3787293
6217691 5330647
8735321 5726643
8780155 7201549
7141709 4034584
530670 8549975
5610769 5553956
8837629 5184557
1538446 6358130
8777138 4888520
7462508 3695449
7523285 9970593
6966422 507507
11632 8979314
4998452 6939800
7913291 4900018
7241135 8639714
8162287 9054492
5790767 3328810
2289062 8387368
7054495 2673288
2724729 688016
8855975 3036119
5804208 4666187
9590575 932910
1488596 9448980
16994 5519974
7036335 5802339
506663 6929818
9188297 6771697
3199913 452129
8556652 9962039
8284367 133013
838560 1466735
1522499 3846478
2722607 1589264
2352494 5528806
7622945 174421
3764218 9677878
3024448 6743222
9602126 2646103
3327636 5718637
2282900 5627809
9734502 8187377
8870197 5929774
9329728 9765245
5501274 9274583
1010666 964105
4401388 9142068
8934382 7117262
2758932 6837663
5682452 9794117
5620923 5111345
2195942 2027688
8500106 3160002
6798124 8305646
954857 3397229
5718256 9403090
5288195 6433417
129274 4969036
7705280 1083311
8155092 881302
277321 9153593
5763654 2707239
2797702 331456
3720793 7028410
1888674 4186781
3792087 6505287
9208836 3894121
8537160 477831
6581975 1735932
9017846 1188724
8725890 9390448
4953449 4110789
7649455 5304989
2498667 8060661
4797896 8546717
7096708 2083644
5755636 8268745
7366654 8526867
2782749 6067770
2773473 362035
4021612 8436808
6966135 7808022
5814859 3428237
4003784 2133364
9611489 4224482
4831773 8507846
2296984 8969184
2319360 9127877
9345561 7275871
765369 1136234
7368653 7662073
9213906 8118767
4392925 9777798
3492499 1804620
2731313 668704
3457798 2479418
2314100 2551456
1168243 4301362
1957390 1411103
6220772 1675245
3240 7426933
1557537 3751269
9349034 5587645
1449011 3239122
6476735 7028301
5860324 8675885
4744655 1981889
8575549 1908015
7821058 4983152
7266054 890961
3566275 1186676
1181512 6777293
1769401 5445286
4289741 8376603
4486734 5030430
2449565 9929204
4428588 9645622
1028994 6325329
862138 1806471
4272004 2174571
103714 5332073
3520492 1084604
4170957 8364662
8240964 3359100
9423077 9548039
4812245 7144228
7105105 6536244
488871 10349
1843131 4774616
5615363 3609425
5802380 5234954
8862963 5778311
7627117 2729635
4323263 6120074
5742663 4394173
8559473 5187602
4213442 2754738
4153553 9334296
9239753 111640
2729961 685654
4871684 832331
843393 5286468
7586012 4454370
8503459 6237979
8094585 9947063
6697623 5657556
3786054 9833954
1182822 7023784
1439723 6047038
6427226 4454288
6324560 2549217
1653500 9048006
5503264 2251687
1165715 622274
6615618 5064871
7812267 3309117
4606049 7556540
6726283 3029936
8971492 6356860
4180796 4229845
8285301 836291
9934727 3813923
1829117 6516520
2904311 782293
3144230 8519173
1538258 3920099
3071447 5242354
2250019 6258951
8588474 2109130
9285939 1637688
8851000 3737252
9015689 2129073
1113082 2780121
158193 7580266
338537 972548
6210034 319900
1928110 7728380
9548501 8001344
1587890 6736987
9142820 9678736
567710 981369
4691111 3770884
6389722 9646192
2370152 7146325
1779857 3773081
2655407 827772
997035 9582989
4198789 3375410
73809 1137444
5408820 3610097
4310763 5715960
9844421 6310640
4952612 3345250
4670720 6030378
1098467 7951994
8790894 1313495
8656211 4888987
9479257 7220337
1371611 780507
5007689 142255
4396197 4514454
9293832 533388
1364507 8791139
7445534 8453312
2968164 5025308
4239700 961604
3674218 2558938
1764917 9092050
5822550 7318645
5353863 1299297
6750866 6027015
84181 4657068
6421189 7446377
5300840 7658411
4255193 3850803
5361223 2829463
7399927 5706944
4107582 1678570
8770824 7598630
2807124 7109211
3202613 1738049
8693842 8945381
8747878 149672
1838274 3619648
129990 724277
1867756 7416549
9872061 2587009
9696857 2770190
1028596 2834404
2892755 6057010
9672403 3593976
4779875 1526796
3827205 6773270
5785809 7291284
6332786 9993815
9618726 4242563
6570050 2772115
6614700 6910547
453088 5346660
5640171 3026491
435699 2341410
481965 9095862
9416293 4215784
4962682 3212156
2876512 5000333
8179228 4927622
7351883 1876778
1098779 278542
3995472 3902490
9461569 2011403
1658968 4891252
8270358 6282936
890765 3234706
4133987 31117
6584150 3758476
9997746 6638275
8605021 8308668
6828364 5154772
4008459 8844347
416569 3897592
9660937 730338
6138818 3571495
9967808 9541321
4740721 1055260
7868504 8961354
2371854 5319120
5300412 4149374
3386915 3185914
1545108 2936509
643064 197013
6387529 2082338
5783190 2151129
4085251 591107
7572807 6887615
4240685 1492476
8071316 7355648
8799087 511332
3428037 5549206
3539761 8212565
1765091 5787960
4110750 9244200
648376 8943073
3834269 391797
9560524 1632329
8141657 8703254
4314601 7952618
2954041 191908
9066775 7408379
9831911 8659320
5774624 5207543
8770636 4171562
9300492 2774166
7332626 4476436
9502245 3903825
1788448 7594574
5296755 7060449
6983840 5713330
8425535 3394880
7263867 7664089
4536339 5385125
6773850 1780124
933431 922763
3013798 5841812
2029365 3752234
4751368 3782937
8622933 3354236
9036137 9369924
7189409 6011704
1555826 5910384
5220065 9559385
3967115 4433972
2088991 9385623
9410527 3018218
3511459 7444203
559702 2080427
6681079 2494094
6856217 3849295
9206371 101242
1175312 5236208
9164784 6016615
6509414 6965351
1887464 4757198
6678402 5362892
3297363 951272
7126287 923129
7890811 9833390
9845492 9289991
8750440 5878874
9128923 5604943
4177124 7941475
1121326 6775145
4200183 3931140
9673620 6218927
3812971 7364406
4127607 4605242
6663496 8051760
2930560 5032290
4846168 8194412
337433 4689217
9836835 4297124
1192297 2524720
5680370 6576208
1025242 9190599
5220175 8979369
4512789 2913888
5973762 5100201
1838723 7210644
6975509 9636743
5238733 5684540
9305808 3763262
6930139 3733616
6520637 4546950
4277592 2366858
3711396 1484760
3162796 8753827
8014479 8303854
4740736 2614675
6501958 1235135
9500220 8719732
3920850 8520966
2283915 9027615
8404605 2560571
6361301 3544620
2769872 4185239
5466306 8805494
7163539 4817684
9538365 8214803
5940431 3279977
667245 1690975
5624398 5977233
7447356 6939889
7559192 5700292
3945684 8027043
9570551 9522556
8686236 3268622
630515 1895024
2146494 6281482
1216213 7108507
8167843 1706546
5754663 3709748
3899125 1391196
