492041319540
1506057863485
11942467526963
17101774519120
2425475375373
3758485902739
9836813899169
3135779830640
20072005290727
2213309298239
7723504849915
5920309569797
3365034153019
724583368827
2331164915005
9062638946481
6102365470906
709197012859
4574267600002
1833449373175
17524165699165
4790198861884
231063413373
4266407405223
2767989547406
1786197150298
19081453425619
1152467256365
15905124893689
19633538022989
4525130840352
621030499514
2436433167510
1190091639138
3892270472556
2972297192337
289103511440
1137483686776
7966601066933
17494543378821
19773359977000
260120524562
5827905579254
9831109519490
21359405743046
3261963919568
5442509346641
18096148930385
2308530141798
2264579114210
3513744881429
4338536035226
9655376202806
2856462099405
5634813821665
750137016413
6812462083513
25538212894020
16734861200405
340199498226
3828516428066
5220783747344
725687126690
1682783289018
8969338815284
11112480510281
7578359250713
7939079595054
14935054867475
977676106117
24560408229757
2161742181054
252023945037
596634813877
1315292291948
8405635835963
22297981707601
3972683523809
16715692464
10469146432448
13729577395184
11500593488860
26040332068428
5908232441183
3739436551081
8362336537993
21321960684587
25926275555715
6537353926148
391730560769
3440991282890
11642340327166
1655645330898
4873792853462
2136405747778
3431551646843
1788287913038
3063314288835
14519227409810
1396110702681
10210054840352
12519547241903
17309810702179
2395006915245
3933581950821
523873981659
2771356140282
967254350544
5120184359929
8525361230374
4155783966309
1768014415224
23047523833994
5030790486072
1590961120076
3981979232582
4147164501954
2589335001553
10660916560523
5235428120988
12124406889459
26431505744928
6818504801675
6458182203069
6030785432681
2763390957428
2898751653783
5121122233858
22089587587656
1400987202136
676266520367
424321209470
15501066211490
7653220349317
3776871675229
3503972417073
2543622800303
2542118463838
2986789659219
5816876862167
20152189301206
2106601417776
144535238225
1804871523915
285978043977
10433289759564
353720156271
8678954608795
6603931959567
17349625516
1535095085726
12336526225459
5158962255398
5031459300839
9573219275488
732848293383
3911577280937
6896304788976
1510043847748
4274154435729
1679118451126
2577402663185
17733641279500
2422093713861
787835038295
1327363236307
14724545688619
1183506326460
25086891764294
2925550072601
6362890304586
11504751584452
3055998218133
2621182105648
14283766768062
851290725479
7906550872787
1734521569281
768889763073
9415907026
9050574275069
9673663811604
11429352768076
233250745720
4943161068437
7720914803001
499652784828
3056464746851
1450074005026
5288415865286
7132278347624
5884068574216
10088251434400
2725170863699
14834746791519
10400857796155
2692221183653
2418013916874
912738130053
3535233790203
7212272755095
34931477023
5034472780225
6102720140202
3990435009220
3930003064325
18985014085664
10610462913701
1857778273815
8128455230347
1118786499758
1870277444871
16398479088973
257152360487
2438198280914
8176458297459
2113178111934
19527979653885
536170074981
8433609214286
897157306192
4688030848474
11290794227284
1864275949818
17589554471035
20301334561692
4331738422
4773118117896
1328479893876
1069539774448
6602418473054
13507170198327
16860192902177
7614018124603
11809170799673
1686166077621
1817794769049
14874663935835
12084821560006
612493844970
5989259585964
1369284964172
9002576821986
9236627080358
7408255468804
10604952624626
2689510885034
6663003770027
2063741418911
50767318598
22278558868265
3056809217774
8542746702486
4588686887476
896450127349
47931423036
9000304261624
74511995336
3142498089966
2313174673008
22170039275484
2243745532567
15891759988350
12178345664638
7116523793891
9178357178597
3245830560106
2783123074454
8456403092826
9011294933431
1867529411093
21138412556054
3936716943227
990451633833
1637343026541
1201143132463
2110058176007
6203474419625
3088851530830
6023771365043
11088484399579
8848767304235
2842857344823
11819205876221
12723804533655
9883576188105
96286924783
828314631077
818649797603
11372764415330
3354013743933
12252697231690
3018266359369
13375915202403
10277014154674
11857040335229
2652573432373
8122745216374
4058232774151
106932378834
4095836216558
2282721852632
1031804859531
1262206279978
7368996978389
7059219851568
12520512807446
8962025384216
4705459415250
6274736909059
10205326510290
20846265670774
1054367186034
5980406492666
7669517973614
20867447477242
3916945447667
21590426306496
5152632636710
12674191311614
5493491554457
5589155382610
2195922691706
19594697303885
9626547412147
10226565082581
6370963522622
615937569936
18261070470087
10537252303729
599190046511
4111340259227
3931455751831
159303027369
5203814048824
468546460532
2820710246149
20521480356656
14888463305133
505965704904
14480211687108
3580159410735
139857510416
12572741804883
6543648369107
9057819392591
1466699963938
15591094038433
4159494063513
1477945686839
118929531434
12620472994182
4895468160383
6420417660884
11940924104873
11214775219944
1077718825041
25193986322710
4117897519145
3019965563771
9760870885796
2067999193989
19804460704379
10669707995005
9687972074250
12981343617569
7181289508147
8070346518853
5156211472079
5708469377074
4034150216081
1605499600070
10300369987842
19790837814461
11726917266908
13866457703352
9758820573691
23373680220724
6679311267464
3074951741659
304254425080
1238598544523
2137280888725
21730039595211
11065206421978
2794452011864
13792113799
2564047648813
10461680212768
2558564318008
434750552437
5353982175752
1488039242789
1535309998090
1425733637165
2721096164495
3716043341544
4358399212254
204631811504
18225784560299
12084063839298
16424209736174
10336097812076
1305765507619
6804217922735
148203199680
3884364755451
43770109102
17808241758909
8976635189826
25637450492992
5741532356841
6976957022832
1007276940858
2077694497743
8584695474289
8265938669891
5741036693219
3525799902776
1711907302113
21501684653957
73901978591
2941002728287
5034496220518
20977311642793
734585038705
8923329061867
9242546575051
2799487805366
1575551073336
15289026091905
503173857278
3691509980481
5310467665995
7822651363987
425039257356
435471531780
3700118234685
17222682497057
2393111666085
3801346780462
13961051605136
15569997883116
13193284082390
4028039860306
7330893977837
13377427003136
7811961726510
7455958234439
9508140033389
1249501154542
7909770558643
12661298043080
2114340054401
8237597544545
3276356644694
566971955183
5843302998009
2554957945344
7464634472276
926714241731
13774740782092
23857147896006
18047284558387
4216030048318
8084297789432
3913943617200
17924069643478
1037522762016
7251156298759
9864422013370
3143404225299
8280625526884
14765032872824
1999843840843
36588958931
2896923861688
66691656502
11131285543659
368526226177
19478104066745
10151080216
10910360276246
342708622370
1135291229549
2960925089230
10239733752472
21579446743
2402096432250
11649597829630
25977992799176
521269673258
3102511207057
5720269637320
5398154659933
847526718120
12854641707942
23677792352697
14218139129076
357863679942
5013283878418
7746761191492
10937835762196
18965968323400
2428314263136
1530926761818
285563291805
4598473768246
475899834359
11369991741070
24180347679052
2638085536991
1604695862751
755304410305
581098728268
34504161940
11799923833754
10170259762
12116978169791
18487561810859
24112289880981
283236969705
527685977861
4232114540921
724134199659
6889242120392
13513186232840
5709285462483
4669441549222
13970085357687
1275415758462
8188117212996
7115355333665
2985289132086
1119838256507
5100257453288
10102403461948
976459128960
2064870022912
3237241535396
1256358317710
4143250639658
220912563040
1169338699511
10925935311475
7680769333381
23329708873134
11025284468146
4984992461827
14401130219556
653966544447
4291892831744
2103519870884
6081509893450
1633788792985
8074745598823
12906470596419
1711097085404
338406934460
8558893248913
6677177784935
9230758872010
263767240678
6111294204026
7310904710544
819477812367
7204217318181
11921251122285
8586553825880
3806336720850
6373051869716
641684298463
4448451140387
2302391721793
5675725328792
3509460706415
787802766667
3275013001780
419309196664
7091863741670
5027519281284
6127036837303
892199917659
4953795964241
824934188197
6330887347065
1668190340645
3408490898398
363092887007
2313142881531
5309876345682
1896710092287
2381257181060
15326636028818
10227026862
573538958301
232362551094
9446525974572
2421909362478
1828258262444
1819339765981
14789554112070
6044628236287
1580650054150
12498358825751
22112364272309
3822350831369
6907764184350
1831532413181
1258795140517
4717202980870
7810635200843
2628941387688
5318734550212
8466738332213
7336149593122
3292069149702
1100447503166
7994084681326
491482382211
197270722578
3180141466123
581139741350
9698954165852
9328107762793
88134121553
3693855856452
3909895754401
3845170087709
1377833060986
293277607776
15687631113596
3675377892570
5528674293747
8413752246723
10485431672690
11688837646129
2454366177749
5879468089382
2027408341398
2146073422205
597623747184
20763767895760
3925942526954
2721956768500
3165665600318
6522854440626
8252595120269
7912275029953
2074691000081
4326620574492
14052695658904
327390353761
6471809773490
2933279711354
16255002674407
2714110549790
234233561897
10114237208451
63892662617
8417793290131
8385905636209
3970843855274
6375036320544
12589566543999
8055463110627
9915785562115
15800408629632
2544449045061
1701396089951
698755651012
5993124809944
2291270510186
9569990069
2665868599980
9672415249235
6735487765854
2339422150157
7560230507983
625147969458
10239465258205
1519223116232
399064639656
342371087730
5241737258784
4995705763940
16381072582156
1674132418684
4200071244872
6799401409197
3265971155763
9464520659363
7562405874481
8327837706187
4302420680193
22383864037780
16514589376021
1141880541835
587169991230
5522280328265
2722478939261
1069179090572
1657523388300
346401067091
6361207927003
13149095317923
9763667936975
5434353548749
14265807413515
19171389078932
1639069557060
19589021443184
4782976790478
5540922488516
557100018300
14819154172592
7101643931121
6010959498025
1304875482860
11515416843885
19575847054255
5766046395589
3368913521466
17920968082373
4967090730053
16219749005840
12132345173547
370586209946
8607844869460
7760613321871
1645886837949
5380631251220
3811297860989
5280756031416
6220660864920
17154382331375
573277340916
16024523898058
4914698219394
20672417822568
2788798563561
9276234898359
20316460586921
194483250840
11364873024422
2560455734064
12495164279575
11842926851225
6127588223024
118024587573
563059308085
6783980953180
6814375948044
10782333810911
2061027527824
12303196490865
35201961262
2375020275645
10608672890273
220028778690
497262989877
4669323103032
6830237419234
104369254816
1531233387882
410669733444
1169516310175
68677016655
4079772265350
4234900532155
7534985596746
1102739305646
10063332013649
20153374932236
4596111024998
8036409496638
14354977974826
1538118430985
1379866513532
1577781605184
25535639008695
23227451628152
21874307989059
12633096619638
3193990555703
783536981347
1825459996080
17714048698430
8624424209672
4109991262512
14790103443100
5581845538882
21734923688637
20592395312488
365033229267
10416607107528
3695340350504
8427331590577
8315301777960
23984282074133
886809612294
14312118322535
1233160048396
1648791515866
7571091837098
5943007978882
19470012331455
5494395309858
14600969265927
12537682804073
560420224522
2905448647181
47971486857
1825382164018
8079072645839
13017313649375
6258484192384
16405313504726
19089382272398
12604339589414
8788093802582
3707618989777
8198353140996
5260006245726
4886463966135
1523663091207
5808781309704
1581783684702
9391651291654
1727559775676
14939265927634
7588890009923
3381672908458
1259305678776
15702045019644
1713668122184
4397567504957
6091680468423
10884782075544
2902421672631
2168828403905
5326422851708
18716485712314
15063461577693
8458632385550
9980467939518
6476062491521
2158157599145
479030436243
509124536894
6566969826892
3011968923580
248984606986
8541915273914
8327755757591
1246610049757
2198068986912
2243502888344
1185636945030
13359618072465
3748129652796
2564623689487
8519947749299
14627883598612
8913573826457
3135038100174
4100209757517
4444434974632
10730997869708
9657052057501
10126460356619
19679119156815
7349535630870
11726005167102
2009702253071
1738291868373
17263745887149
13229086119927
2629227687913
6611397042115
5491354902348
5966409490309
14315649666942
11539411658930
2752475629029
351318676241
26220009689887
4962786882373
217537312537
508475362191
595402027552
7222716819612
9293017787786
6904359569079
3221033014006
12411329842134
19514291858589
5521663406921
8392591100639
458157027032
6217697441860
12952654511491
10523074746263
18934701150022
3228860289624
1489257876496
394567137483
1232679114547
9824378687120
16372176815628
19341442932114
20288836325909
119726904577
4718617787515
19359977576220
4542919484800
3735024640909
6780074289970
4506568844429
884648146348
7065377306970
2980289840980
2948347603996
24900471883927
21065245994226
6599633617222
1190442922094
11720234656552
243540133484
9096255618775
11575156104614
4053191569549
5980478759993
2874762249381
6886052659602
2290797704584
14341472088704
1467595685744
7213322532962
11894988463490
11937842291014
7812236005297
3830539523498
11611394750125
19185355208566
6852367530673
12155851485818
10972665506788
8101508990780
4949112083051
6094951201303
579942158163
23880275727601
11772080266423
1932806318867
7447815351122
1251229954128
2835302067296
12784304304314
1225295907956
8897437364359
2680317616508
11964645341267
9007831187555
1774542073759
4029011439987
2397849093624
3695811765954
4382464254389
3913506101486
18299057230363
5141249382161
2823365473021
4010404082260
6823580884154
944246071338
4129799050851
23630754654633
17810341314797
11306303469867
4440506772639
331550482121
16491584500741
349655878013
59212673495
17939777297228
8642041318129
14906518240918
23656597693508
2785096119265
4833215042989
8089931153073
13721628473630
18329578803917
18675655333635
4349164681603
967438342830
3197261436055
1396830132876
5577604367324
