10
15 628424 20 20
11 4 10 187 44 103 112 272 926
5 13 6 84 33 169 423 693 718
14 11 4 35 26 53 755 626 486
5 3 11 15 38 56 214 304 950
3 9 10 158 180 9 58 433 796
6 9 14 103 118 179 995 741 505
3 1 8 79 128 12 34 486 40
9 5 13 71 101 122 501 605 914
11 7 8 104 10 33 211 221 866
13 14 3 5 156 99 161 929 643
4 11 5 152 35 12 157 587 951
1 1 7 165 45 149 134 271 523
5 11 15 5 7 151 185 46 653
4 4 14 182 14 192 36 475 425
5 5 4 51 197 90 765 337 849
11 14 11 93 180 162 38 373 58
1 3 14 188 195 18 372 382 995
15 4 5 175 196 44 400 70 177
13 10 15 73 2 28 132 261 735
11 14 6 100 117 198 859 552 45
5 7 0
4 2 1
11 4 0
11 6 0
6 14 0
6 2 2
11 15 0
11 5 1
11 2 0
6 2 2
14 1 1
7 15 1
5 8 0
4 7 0
8 8 1
6 14 2
11 1 0
5 14 0
6 1 0
12 14 0
15 628424 20 20
5 8 6 199 18 198 871 521 281
15 10 9 190 4 198 43 993 100
1 6 10 173 167 135 982 29 8
4 8 13 117 99 141 76 175 408
14 12 3 137 37 22 852 184 110
13 1 4 56 80 10 610 321 673
6 14 15 113 178 32 779 828 802
12 14 8 76 60 112 772 523 899
4 3 3 98 76 101 669 514 359
15 13 7 114 27 97 195 198 222
4 13 13 10 47 110 143 522 10
15 13 6 164 85 109 568 172 943
11 12 10 200 115 1 681 959 707
6 4 5 40 58 180 220 929 295
11 8 10 130 193 80 517 546 73
2 8 10 116 144 193 584 691 153
8 1 5 31 126 98 838 6 194
4 5 8 98 64 81 981 541 937
1 2 10 94 127 65 170 494 443
8 7 7 20 42 195 830 519 914
11 2 0
4 1 1
2 2 1
6 3 0
14 4 1
10 15 2
11 3 0
14 9 0
4 12 2
14 3 0
10 15 0
6 13 0
6 7 0
4 7 0
11 8 0
1 13 0
11 5 0
10 14 1
4 10 0
4 9 0
15 628424 20 20
2 12 13 13 11 94 891 774 981
11 5 3 80 117 81 469 207 486
2 14 7 105 67 34 12 952 770
10 2 12 190 163 56 583 103 173
14 4 7 64 26 79 645 171 8
15 14 14 102 82 102 433 518 818
3 9 1 113 142 199 641 846 152
7 8 15 29 58 194 811 480 955
10 10 3 64 128 132 57 956 847
3 9 12 194 121 166 82 406 359
13 14 12 34 126 196 717 579 687
5 14 6 197 116 193 949 387 250
12 7 11 159 114 125 224 488 595
6 14 14 60 188 85 321 296 788
14 4 11 24 74 34 924 942 391
13 12 1 87 4 43 244 51 736
3 13 15 170 161 102 626 856 304
9 6 13 28 161 196 593 293 675
7 4 8 106 166 63 886 644 81
9 8 6 70 130 179 824 874 970
7 3 0
6 9 1
2 12 0
13 9 0
4 13 2
7 6 0
1 15 0
4 11 0
4 15 2
4 2 0
13 15 1
4 13 0
3 11 1
5 15 0
13 11 0
4 15 0
2 6 2
1 6 2
2 1 1
1 8 1
15 628424 20 20
10 9 3 145 181 166 474 407 942
12 2 12 5 176 104 506 767 406
12 10 4 183 150 10 576 318 685
3 5 1 66 21 128 830 953 509
5 6 14 13 58 10 944 688 522
3 5 13 162 59 64 555 163 397
15 15 15 28 155 62 722 830 6
3 2 3 77 1 132 805 436 471
13 5 6 98 11 96 650 37 507
1 3 12 89 25 86 317 257 458
7 2 9 198 200 168 11 239 143
3 1 9 131 170 38 814 719 809
1 7 10 106 81 17 582 999 590
11 12 15 93 166 169 858 526 536
2 6 6 133 191 77 771 489 708
12 8 13 112 54 134 701 609 988
13 4 11 176 134 158 214 586 74
11 6 1 194 84 94 681 285 802
5 2 8 18 108 118 12 629 328
3 12 7 58 96 82 3 855 791
11 13 1
7 15 2
5 12 0
8 2 0
8 1 0
14 13 0
10 5 0
8 9 0
13 4 0
11 2 0
11 12 0
13 15 0
8 14 0
10 14 0
10 6 1
7 11 1
3 3 0
11 13 1
3 5 1
6 3 0
15 628424 20 20
1 11 13 148 16 143 160 811 441
8 8 7 182 107 77 264 312 528
1 5 6 98 89 48 945 595 686
12 10 7 65 120 189 486 89 132
14 10 8 61 191 173 575 267 802
13 7 4 95 168 97 996 725 132
2 7 3 119 43 174 244 164 954
11 10 10 31 109 107 285 854 881
14 11 5 75 135 175 331 697 842
15 7 14 11 18 125 259 609 711
11 5 3 69 100 75 583 21 161
3 11 5 10 86 58 764 865 27
15 10 3 180 19 19 979 160 186
7 15 15 103 42 92 168 813 845
8 8 14 28 47 135 268 818 203
3 9 8 9 87 167 922 175 503
6 13 3 118 97 68 389 832 778
13 7 12 83 82 45 831 189 261
10 14 5 169 37 149 218 638 221
15 3 1 109 115 155 444 388 278
1 1 0
1 5 0
15 3 0
5 6 1
1 2 0
10 1 0
7 7 0
11 6 0
11 1 0
12 15 0
7 3 0
12 2 2
15 1 0
7 10 0
6 1 1
1 5 0
5 5 0
6 3 0
11 1 0
3 2 0
15 628424 20 20
2 5 8 59 52 177 520 355 632
2 6 2 103 32 177 498 289 34
3 4 2 8 191 77 904 312 781
8 14 1 185 124 178 581 590 841
10 11 10 83 58 15 476 670 1000
8 12 5 127 174 102 749 929 421
12 10 15 96 34 82 994 619 144
2 11 13 134 152 165 324 980 997
13 11 14 102 140 17 446 393 975
14 7 4 70 28 76 279 89 615
2 12 7 87 148 79 11 288 427
6 7 1 39 118 120 370 702 824
12 13 1 180 169 135 17 139 761
2 1 14 170 142 18 737 546 158
15 2 2 16 92 174 25 120 178
10 8 2 120 153 171 465 314 425
1 13 7 181 17 159 741 421 306
5 6 9 182 105 25 456 631 558
4 2 7 29 46 134 893 216 277
4 10 9 141 155 138 505 409 717
8 1 0
7 5 0
9 6 0
11 15 0
8 9 1
9 4 0
7 6 2
14 10 0
5 4 0
13 13 0
9 4 0
12 5 0
3 4 0
14 3 1
3 4 0
8 2 0
4 10 1
11 5 0
9 13 1
6 5 1
15 628424 20 20
1 7 13 105 115 148 477 614 233
2 8 9 3 43 172 18 197 433
12 11 1 39 24 198 218 618 669
6 4 11 100 78 1 456 548 122
15 11 1 23 199 173 283 758 604
4 12 3 99 71 125 311 618 117
2 11 1 62 56 128 163 313 932
8 1 5 142 14 154 934 583 626
12 1 14 137 151 51 992 630 292
2 6 15 148 166 14 146 998 382
14 10 6 52 135 193 7 833 697
14 4 8 153 21 114 441 727 948
5 11 9 70 92 66 604 880 245
1 10 1 200 140 22 552 520 997
13 14 3 160 128 31 333 660 924
9 9 2 99 37 148 101 343 579
14 10 11 119 18 11 824 849 215
1 11 14 165 12 195 561 634 394
1 10 9 175 115 36 220 747 150
14 1 3 155 111 6 28 777 143
4 6 1
15 10 1
2 3 1
9 1 0
10 5 2
8 12 1
7 2 0
9 15 1
9 8 0
8 1 1
2 2 1
7 15 0
15 6 1
15 2 2
15 3 2
9 5 0
5 2 1
4 1 0
4 2 0
15 12 0
15 628424 20 20
1 8 1 180 185 143 37 270 515
2 13 15 124 70 67 168 652 832
8 3 10 76 68 109 368 272 883
7 13 1 139 157 187 374 516 310
6 6 1 174 141 79 165 24 796
10 7 4 161 29 124 447 296 901
2 13 10 53 166 164 787 266 865
5 15 4 158 104 9 352 992 484
2 12 11 21 16 143 437 110 769
14 3 1 72 188 76 957 633 850
6 13 8 31 64 182 743 57 417
2 12 10 42 75 107 815 991 479
3 7 9 168 196 5 247 85 32
5 14 13 6 75 126 641 641 524
3 10 4 163 142 187 447 590 638
3 2 11 150 111 32 92 610 783
11 4 2 188 33 28 89 741 805
13 6 5 102 182 91 822 30 194
7 3 4 159 122 119 794 690 620
2 4 10 157 36 8 381 178 677
12 1 1
2 2 0
5 14 0
6 11 0
13 1 0
13 13 0
15 12 0
13 12 0
4 12 2
13 9 0
15 5 2
7 10 1
7 5 2
7 1 0
9 9 1
6 5 0
10 3 0
4 2 1
7 6 1
3 11 1
15 628424 20 20
14 7 8 85 18 147 843 486 709
12 15 3 80 92 26 143 853 359
5 6 9 186 71 141 747 906 238
10 2 14 49 61 1 302 146 210
11 12 6 174 44 180 387 75 346
6 13 5 29 81 100 955 305 305
2 3 6 84 53 157 655 952 233
2 15 7 15 163 193 783 786 760
8 6 7 13 174 84 223 747 121
5 5 14 18 173 29 277 149 944
2 5 1 22 5 13 649 729 878
11 10 1 115 174 118 729 448 7
1 8 6 157 46 63 237 879 750
2 15 3 175 60 99 597 780 235
14 10 8 20 160 49 488 422 819
2 15 10 66 107 122 601 770 846
9 11 8 38 47 112 52 640 253
6 12 7 73 125 177 66 193 653
15 5 14 121 19 8 886 60 463
10 13 3 161 115 33 269 746 53
3 1 2
5 14 0
2 12 0
7 14 0
1 15 1
4 12 0
4 8 0
8 14 0
8 15 0
5 11 0
3 8 0
14 15 0
7 12 0
13 2 0
10 7 1
5 15 2
10 13 0
3 6 0
9 2 0
5 14 0
15 628424 20 20
6 5 11 60 34 8 1000 375 84
7 3 6 117 125 82 59 598 973
9 1 4 194 27 143 154 501 884
5 3 4 167 4 24 157 686 426
12 15 14 8 11 110 458 574 307
10 15 5 47 33 183 373 861 31
6 5 15 21 63 157 416 685 462
6 1 8 30 50 165 976 93 988
5 1 3 92 51 73 630 184 880
13 1 3 31 76 160 583 911 962
3 6 9 35 155 49 153 168 741
15 15 10 137 142 196 888 99 763
4 12 2 191 14 108 134 790 891
15 2 11 130 92 41 173 62 177
11 8 13 29 99 170 470 795 634
6 12 15 126 152 176 588 3 414
4 12 10 10 32 178 740 8 805
4 5 1 47 77 30 104 277 587
1 11 12 158 175 27 909 815 832
8 6 12 174 29 80 183 378 860
3 4 0
2 14 1
2 2 1
1 13 0
3 1 0
10 10 0
11 7 1
12 2 0
12 3 0
13 13 1
13 4 0
10 4 0
3 7 1
13 3 1
8 3 0
14 5 1
15 6 0
3 11 0
10 9 0
4 1 0
