10
15 940218 20 20
12 10 2 17 10 85 781 249 710
3 12 13 3 87 6 208 6 845
6 11 14 61 92 14 627 500 918
10 6 8 25 19 79 139 773 694
6 4 15 8 12 34 43 731 110
5 9 5 76 41 81 889 631 506
10 11 3 40 84 25 77 911 381
15 14 8 94 37 57 981 829 378
2 3 6 58 66 23 288 126 230
12 5 11 14 75 47 462 495 446
2 1 11 63 20 73 22 888 418
1 10 10 72 29 38 509 382 925
4 1 15 52 53 79 780 21 227
4 3 11 35 53 41 100 972 466
3 13 2 98 78 71 109 658 371
11 12 3 12 39 64 785 874 322
8 8 6 80 29 13 441 973 837
2 15 12 62 99 87 74 513 789
2 13 13 89 70 81 128 550 556
6 15 9 34 74 26 2 253 315
14 10 0
15 10 1
8 3 0
1 9 0
14 15 0
8 10 0
12 10 0
6 6 0
5 9 0
14 2 0
13 2 1
12 2 0
1 13 0
10 9 0
2 15 1
4 8 2
12 3 0
6 15 0
6 3 0
14 9 0
15 940218 20 20
6 2 8 53 95 24 529 184 190
9 8 14 34 45 46 790 945 950
4 5 11 1 70 43 419 871 624
1 12 14 65 37 39 917 634 172
15 10 15 81 65 9 747 167 324
12 10 1 92 31 3 49 958 883
7 2 14 95 61 95 306 480 39
4 1 14 63 49 25 36 154 925
12 11 8 70 42 21 399 149 851
6 8 5 86 71 85 132 115 605
6 15 3 70 28 50 951 87 362
15 4 4 36 4 81 763 777 123
6 5 8 19 26 15 886 848 635
7 10 9 89 63 67 947 319 830
12 6 14 14 83 4 998 107 826
8 8 5 30 72 77 501 139 182
12 9 2 45 81 73 974 249 958
3 11 14 67 76 46 523 770 216
12 9 6 68 25 9 134 893 367
13 5 7 13 73 95 286 999 102
6 13 1
3 9 0
5 12 0
7 9 1
2 2 1
11 10 0
9 9 1
10 7 2
15 2 0
12 11 0
15 15 1
2 7 0
15 8 0
11 1 0
9 14 0
12 4 0
9 8 0
3 14 0
5 4 1
10 4 0
15 940218 20 20
15 5 7 9 44 97 619 162 816
7 5 10 1 69 6 878 329 285
14 14 7 65 71 34 720 513 613
4 3 8 30 95 74 517 309 671
3 15 8 11 55 67 664 60 644
2 5 10 36 78 48 147 437 771
14 4 4 48 5 65 299 664 675
13 15 7 97 61 86 729 289 390
15 14 5 4 41 15 164 855 818
6 4 5 27 52 12 144 748 492
14 8 6 84 94 7 724 171 399
11 5 9 10 98 64 109 225 575
4 5 10 12 61 79 918 251 677
2 3 7 81 11 82 565 60 831
13 3 9 87 62 94 810 780 31
2 8 11 84 94 81 235 110 954
10 3 15 92 50 83 117 419 610
5 11 12 8 65 12 536 60 127
13 10 6 29 94 78 375 161 491
11 11 1 79 72 84 580 481 399
1 12 0
9 12 0
1 7 0
15 15 1
9 14 0
5 13 0
1 12 0
1 8 0
6 14 0
1 12 0
6 1 1
3 4 0
2 13 0
2 5 0
2 10 0
11 9 0
1 9 1
8 6 1
15 12 0
4 12 1
15 940218 20 20
14 9 11 28 77 42 174 824 219
3 14 1 56 95 2 564 253 544
8 2 1 10 81 96 114 376 707
11 5 15 30 34 77 231 677 192
4 12 15 69 75 92 452 702 104
13 2 12 5 11 52 790 40 28
2 7 10 91 33 62 569 885 569
2 8 11 65 89 17 796 796 608
6 9 10 5 40 91 372 398 677
2 15 12 99 37 49 164 317 761
15 12 7 35 62 1 941 199 826
15 11 11 90 69 69 823 877 731
4 2 11 12 24 59 60 427 498
15 13 5 34 61 14 98 428 682
9 14 14 49 58 70 254 757 39
15 15 7 10 20 23 838 272 68
12 9 5 75 24 36 984 403 903
11 11 15 89 89 81 952 776 125
12 9 5 79 74 45 211 392 969
7 4 8 48 41 100 243 837 548
7 1 0
10 14 1
8 13 0
2 14 0
12 2 1
6 14 0
3 11 2
12 11 1
12 15 0
10 1 1
9 2 1
5 10 0
15 14 1
8 15 0
5 4 0
11 15 1
11 10 1
6 15 0
6 14 0
8 6 0
15 940218 20 20
14 11 6 77 36 70 383 445 275
10 2 10 39 59 23 854 432 850
2 15 14 36 25 19 892 152 73
7 11 6 91 57 12 938 428 847
10 15 7 48 49 100 256 458 812
13 13 10 53 93 68 853 750 766
6 3 1 52 81 94 670 2 975
3 9 10 92 45 80 490 483 458
6 6 10 100 23 44 418 840 154
4 1 1 38 46 12 310 397 337
5 11 14 42 11 34 456 200 447
1 11 15 70 9 85 379 164 314
15 6 8 28 81 8 913 364 373
7 15 15 88 55 35 577 897 704
7 7 14 78 29 4 884 560 985
11 15 14 11 16 78 119 483 511
6 12 9 73 60 97 707 169 81
3 10 13 23 3 48 954 638 165
9 14 2 23 59 85 756 495 796
10 3 6 86 77 73 716 793 987
12 13 2
2 4 1
14 3 1
6 11 2
6 13 0
4 7 0
14 11 0
10 5 0
10 8 0
9 11 0
15 2 1
13 7 0
3 6 1
10 6 1
7 13 1
4 6 1
4 1 0
9 7 0
8 12 1
6 10 1
15 940218 20 20
2 8 4 51 86 71 254 81 767
12 14 12 99 94 62 704 344 344
9 9 5 86 60 56 117 569 973
4 5 7 80 45 8 8 376 913
9 8 8 6 5 34 308 913 708
2 11 7 37 69 57 976 661 998
14 8 9 76 32 16 163 658 968
3 12 11 17 39 11 701 584 397
8 13 5 58 72 70 706 181 468
15 12 5 71 87 95 722 776 571
15 14 5 96 64 36 221 60 7
5 3 7 53 3 57 716 220 648
10 7 15 42 73 43 903 142 137
15 1 10 64 81 66 687 687 121
10 6 7 37 29 70 290 920 87
15 14 4 88 30 49 482 853 949
11 2 4 80 62 88 204 41 36
15 13 11 4 92 59 551 260 20
7 4 5 9 59 65 909 494 490
4 4 10 94 79 18 399 381 692
1 11 0
6 15 1
1 6 0
13 13 0
10 6 0
13 14 0
2 10 0
15 8 0
3 7 2
3 5 0
7 8 1
13 7 0
1 8 0
10 7 0
15 10 1
2 6 0
12 4 0
8 5 0
14 15 0
13 13 1
15 940218 20 20
6 13 7 5 54 12 816 393 801
8 15 6 66 2 28 126 871 178
4 7 9 37 3 26 282 72 846
7 7 12 63 33 64 962 818 826
12 4 7 33 63 78 773 890 133
14 4 6 39 66 75 291 75 208
5 5 3 89 14 48 677 779 147
15 3 8 31 29 64 269 816 394
2 6 4 13 98 8 319 422 760
8 13 1 63 72 19 103 775 899
6 4 12 17 8 14 601 74 915
12 7 11 24 11 93 542 581 867
6 7 3 22 78 61 623 504 962
4 4 1 67 7 70 238 419 980
3 14 8 31 25 51 135 346 966
12 2 15 14 99 21 939 981 530
13 13 7 30 44 31 120 879 182
2 5 10 8 40 72 667 36 308
3 4 4 13 70 95 831 141 322
1 11 4 50 24 4 552 286 578
8 4 0
8 6 0
7 13 1
11 4 0
2 1 1
14 8 1
15 5 0
14 2 1
15 10 0
15 5 0
6 6 1
14 9 0
15 4 0
8 3 1
3 1 0
12 11 1
9 15 1
2 4 2
3 7 1
14 14 1
15 940218 20 20
14 3 15 58 42 38 346 897 758
8 9 4 51 44 64 758 464 659
6 10 8 23 79 42 874 430 810
5 10 2 35 88 3 771 761 898
6 12 13 97 8 70 664 494 853
15 5 12 98 77 58 448 211 321
7 3 4 4 74 32 334 969 529
6 12 12 75 38 7 403 689 752
8 12 3 22 82 30 472 892 241
8 13 5 49 35 5 162 297 974
13 3 6 12 20 94 37 583 396
5 1 7 41 22 48 99 939 564
3 10 13 64 44 48 766 224 531
10 9 8 76 69 89 485 759 250
1 2 4 83 21 58 238 984 256
14 9 7 65 44 37 717 474 152
11 11 15 81 50 56 353 118 584
7 13 2 26 69 15 716 691 910
6 13 11 50 25 65 521 578 611
5 1 3 75 33 66 816 290 175
15 2 0
5 4 2
9 12 1
13 10 1
14 3 0
6 2 0
15 3 2
7 9 0
13 11 1
7 3 0
15 4 2
4 4 0
8 9 1
3 7 0
2 3 1
7 9 1
12 7 1
15 2 0
1 12 0
2 2 1
15 940218 20 20
11 15 15 52 32 72 104 346 955
8 3 8 44 51 1 254 11 656
13 9 6 44 43 9 197 485 256
1 11 7 97 36 60 768 698 629
10 6 15 90 71 42 384 889 168
14 4 4 27 28 93 461 267 460
12 9 13 35 55 33 390 63 275
8 14 14 32 29 46 449 230 402
1 8 12 93 13 10 543 437 130
5 2 15 92 20 6 272 259 330
9 1 15 21 15 96 675 343 661
15 14 8 34 70 100 738 49 876
4 3 15 2 17 56 190 287 702
3 11 8 20 88 90 146 384 995
7 9 8 91 62 81 842 231 52
6 1 7 87 55 57 234 346 297
4 3 7 80 3 20 646 989 52
7 5 3 66 6 20 10 399 325
7 9 7 7 30 85 442 303 676
10 10 12 90 56 66 971 96 543
8 3 0
4 5 0
6 11 1
8 12 2
13 13 0
10 10 1
2 4 0
8 1 1
1 10 0
14 14 0
4 7 0
15 12 0
4 15 0
3 7 0
14 9 0
5 14 0
8 7 0
4 12 0
14 1 0
2 9 1
15 940218 20 20
6 9 1 91 41 19 749 677 333
3 7 10 57 32 72 595 824 694
5 2 1 60 40 49 855 672 565
11 3 8 26 53 23 986 684 413
11 6 5 7 20 41 469 897 871
1 15 14 67 27 15 213 213 134
6 14 7 5 44 60 150 766 844
1 11 2 2 18 24 84 549 600
2 6 15 32 20 75 801 129 360
13 12 10 23 89 78 79 547 110
5 11 12 88 16 58 170 346 634
15 5 13 8 58 6 317 900 489
9 14 5 74 11 48 187 315 122
7 6 2 55 76 64 823 836 828
12 8 7 73 89 33 942 339 617
10 14 9 85 1 10 797 981 967
1 14 12 38 99 54 625 351 101
10 12 1 41 96 33 720 918 174
12 2 15 28 65 15 234 669 894
7 6 7 91 80 43 576 735 348
14 11 1
9 10 0
11 1 0
5 2 0
4 7 0
5 12 0
8 9 0
5 7 2
5 3 0
9 7 0
7 15 0
12 6 0
5 1 2
3 12 0
3 12 0
5 1 0
14 7 0
11 1 2
15 12 0
3 15 0
