10
15 109359 20 20
11 13 9 87 73 79 814 10 248
3 8 2 11 24 36 487 571 239
2 10 13 52 14 47 351 889 245
14 10 14 91 41 43 240 827 385
7 10 14 52 91 31 664 26 788
10 7 12 82 19 86 410 741 653
15 9 1 35 64 71 356 339 812
9 1 4 100 20 97 44 603 555
7 11 12 4 3 45 595 632 436
5 13 15 88 95 56 709 553 871
9 11 10 3 70 88 434 855 581
1 10 7 35 46 99 773 770 297
9 8 11 62 61 22 741 51 352
9 11 6 20 38 98 657 733 187
13 15 3 66 10 26 836 647 311
13 1 12 34 45 35 223 327 525
9 13 5 91 38 54 954 621 502
12 13 3 41 56 63 74 811 949
6 6 10 6 83 45 301 741 692
5 1 14 81 68 54 551 585 618
3 13 0
2 2 1
12 1 2
5 5 0
11 5 0
4 7 0
4 6 1
4 3 2
13 13 0
7 3 0
11 5 0
9 7 1
11 7 1
1 5 0
12 1 0
5 5 1
13 10 0
1 5 1
14 2 0
10 13 1
15 109359 20 20
6 10 15 17 36 1 807 883 494
7 13 12 79 47 7 16 426 436
14 13 7 95 12 53 159 204 999
6 8 1 94 67 96 519 790 615
2 12 2 99 98 42 236 34 493
6 6 4 74 36 19 474 757 444
1 4 9 25 70 85 146 275 840
13 4 4 17 48 24 147 1 327
10 7 11 69 69 100 552 694 64
15 9 5 32 10 23 269 140 877
15 7 14 73 43 94 792 220 180
8 11 7 53 53 3 740 248 418
2 13 8 79 8 6 792 108 897
8 12 7 85 86 57 776 790 460
4 15 12 100 63 23 73 36 256
10 9 1 29 93 54 797 525 157
15 14 12 60 96 54 878 222 539
2 9 2 44 27 59 478 173 211
5 6 2 13 7 63 689 176 871
9 7 2 33 38 83 426 403 291
8 15 0
12 5 1
3 2 1
12 11 0
2 11 1
6 3 0
13 12 0
7 1 1
12 12 0
13 7 0
8 13 1
14 5 0
2 1 0
8 9 0
13 4 0
6 4 0
1 11 0
9 3 1
15 11 0
3 5 0
15 109359 20 20
1 3 8 90 56 44 70 528 541
3 5 14 58 79 65 206 730 496
2 9 4 9 26 54 860 41 72
7 9 5 18 51 47 411 673 631
13 9 14 32 16 6 145 184 53
5 14 11 62 44 3 86 445 110
12 12 9 76 41 30 978 119 536
2 6 1 91 1 66 999 545 860
12 6 13 85 89 51 656 988 435
15 7 8 31 54 57 210 545 699
8 12 13 47 6 69 586 424 102
15 8 1 27 13 55 920 322 913
15 7 14 45 66 20 241 703 507
10 12 12 3 56 75 777 907 713
6 14 12 12 22 59 274 57 110
9 2 8 58 5 71 350 573 933
8 9 14 67 98 16 334 658 732
7 2 10 31 64 20 357 814 408
15 8 11 69 70 80 605 158 434
14 15 15 59 48 67 773 578 67
15 12 0
14 7 0
12 5 1
8 1 0
5 3 1
6 9 1
7 1 1
10 11 0
4 12 0
3 1 0
7 5 1
2 12 1
15 11 0
11 9 1
9 6 1
6 11 0
11 3 0
13 4 0
14 2 0
5 5 0
15 109359 20 20
12 4 15 15 16 50 290 915 524
7 3 6 27 95 85 24 768 343
11 10 6 88 84 28 59 992 512
8 11 6 27 75 72 347 264 477
9 14 8 86 96 19 948 218 71
6 12 15 73 95 54 582 304 64
2 3 6 78 41 14 134 388 798
14 5 11 30 17 1 163 713 458
7 12 10 31 90 90 273 127 96
14 5 13 32 28 48 189 798 168
2 11 5 98 10 72 980 932 117
9 3 1 31 57 79 115 308 256
15 10 9 31 1 22 269 814 928
6 7 14 12 86 80 179 493 675
11 15 11 89 57 67 859 712 959
5 6 8 85 64 94 837 285 54
11 15 9 74 38 47 641 750 405
2 6 13 48 74 10 80 62 470
7 12 3 68 31 10 733 511 462
15 5 7 32 48 27 842 305 636
13 9 0
11 10 2
11 15 1
5 14 1
6 15 0
8 7 1
8 14 0
6 2 0
11 4 1
8 5 0
3 14 1
11 1 0
2 12 0
13 6 1
6 12 0
15 6 1
13 7 1
11 14 0
8 1 0
6 9 0
15 109359 20 20
6 3 12 37 93 60 40 566 627
1 3 7 96 56 41 697 615 391
14 3 15 70 68 53 369 959 562
13 2 10 95 93 26 616 664 983
9 14 10 82 89 35 854 406 956
3 4 8 52 63 11 842 823 529
5 3 1 17 13 49 823 783 697
11 13 5 12 99 76 455 504 886
3 11 3 41 71 57 251 404 530
6 15 5 84 2 45 649 415 790
10 9 6 47 99 80 835 47 992
14 3 12 72 43 12 574 834 896
4 3 5 53 31 47 986 889 838
9 7 1 9 87 70 65 648 665
1 1 7 79 81 64 874 74 369
2 12 8 54 11 65 557 283 639
2 9 6 64 51 100 769 907 6
1 2 4 69 30 11 740 307 103
4 13 10 43 27 96 756 434 83
4 6 10 93 9 61 750 548 77
1 2 0
12 12 1
4 12 1
14 12 0
6 11 0
7 5 1
15 14 0
14 3 0
8 12 0
5 7 0
6 13 0
12 9 0
7 13 0
5 15 0
5 2 0
12 13 0
14 5 1
9 12 0
1 6 0
8 12 0
15 109359 20 20
10 8 5 44 50 58 439 837 362
11 14 9 51 39 37 847 95 243
2 11 7 56 26 81 510 284 837
10 15 6 86 20 76 451 428 239
15 5 3 92 27 31 501 641 246
5 13 4 83 88 4 207 166 53
2 2 11 52 56 78 271 427 701
12 3 11 33 98 76 110 677 322
15 1 11 33 14 15 112 130 943
15 7 9 87 45 16 13 697 329
2 4 1 9 25 86 584 481 344
4 15 14 34 29 5 699 376 244
8 2 10 24 53 53 410 530 835
15 15 2 78 10 58 822 337 256
6 7 14 75 62 12 197 297 550
8 5 11 56 73 73 703 416 120
13 1 14 47 67 44 658 301 392
2 13 4 42 94 97 944 724 957
1 7 6 88 26 38 702 675 286
9 2 5 7 48 51 491 759 909
2 11 1
1 9 0
13 8 2
7 9 0
9 1 1
10 3 0
13 4 2
3 1 1
15 8 0
12 8 0
3 8 0
15 7 0
3 9 0
15 4 0
14 4 0
3 3 1
6 2 0
14 13 1
12 11 0
13 13 1
15 109359 20 20
8 14 14 16 51 85 903 373 632
13 3 3 5 90 55 783 575 387
7 8 1 84 81 65 359 571 690
12 1 15 18 64 97 962 276 677
15 12 2 94 32 36 22 426 697
3 2 15 88 86 30 364 597 127
15 8 4 23 54 96 709 249 275
10 6 8 51 74 28 596 606 957
13 3 2 39 55 28 795 388 618
7 9 7 54 43 44 619 916 121
14 5 9 89 20 54 178 401 425
8 8 8 42 92 8 448 263 549
10 8 7 3 8 48 605 554 651
4 1 5 69 34 92 601 566 129
10 14 6 51 54 20 50 612 942
13 1 1 37 45 55 58 891 543
14 9 1 23 66 32 579 864 791
6 3 11 85 87 37 465 823 108
2 7 1 21 19 26 282 137 639
6 2 8 88 24 75 770 560 233
12 10 0
6 12 0
7 1 0
11 10 0
7 11 0
5 6 0
7 7 0
5 11 0
5 9 2
15 3 0
8 12 1
12 5 0
8 2 0
3 11 1
2 6 0
15 7 1
5 15 1
15 10 0
13 3 0
4 10 0
15 109359 20 20
13 3 6 37 18 57 632 112 401
3 6 5 39 55 87 452 229 882
6 2 13 77 88 85 210 289 214
6 10 9 9 68 80 642 2 282
4 11 1 61 55 43 190 752 833
10 6 8 48 1 97 469 425 823
13 11 7 85 92 7 397 69 650
5 8 5 83 10 67 242 455 325
14 12 12 27 40 3 945 993 801
3 3 7 14 51 26 199 269 436
10 14 5 27 100 43 802 742 398
15 4 9 95 5 32 59 212 106
8 12 6 36 69 97 185 746 455
4 11 3 3 26 44 764 246 289
4 12 5 80 19 74 954 967 850
2 6 8 97 88 91 869 636 754
4 14 10 53 15 54 184 181 398
14 14 5 64 22 66 120 219 193
8 13 10 60 14 22 493 882 356
1 9 14 74 23 1 202 491 514
6 1 0
3 8 0
14 11 0
14 15 0
11 13 0
8 6 0
4 8 0
6 6 1
13 1 0
5 4 1
2 6 1
11 13 0
10 10 1
14 8 0
12 10 0
13 8 0
9 7 0
5 1 2
3 15 0
5 9 1
15 109359 20 20
1 12 5 24 3 18 528 415 841
7 14 14 75 75 32 590 581 752
12 12 6 15 40 84 288 46 757
13 14 5 7 25 27 327 123 476
11 10 12 65 29 99 992 677 354
3 14 1 89 66 8 812 841 138
8 14 13 24 21 57 103 403 722
7 12 3 4 66 19 529 346 368
6 8 4 84 88 67 752 186 749
11 8 4 89 16 38 617 621 178
11 5 2 85 92 67 436 768 800
13 8 15 14 16 90 556 970 110
9 15 7 74 73 23 416 613 69
7 7 11 24 24 74 796 362 63
8 13 8 18 30 53 567 670 549
12 14 12 88 81 88 696 437 456
6 10 12 61 93 44 346 713 917
12 15 15 63 83 54 393 937 251
15 15 13 15 30 20 366 649 230
12 3 2 2 27 68 997 680 920
2 7 0
8 5 0
11 3 0
13 15 1
5 15 2
7 9 2
8 4 0
6 15 2
1 6 0
4 14 0
11 3 0
5 12 2
6 2 1
6 13 2
12 14 1
5 14 0
11 6 0
8 3 0
3 14 1
2 14 0
15 109359 20 20
12 5 11 5 17 49 590 466 938
7 6 1 48 33 55 192 973 45
12 15 11 11 95 79 22 451 924
12 12 2 31 40 96 52 650 315
1 8 8 34 7 95 320 486 285
1 1 11 71 52 91 147 324 46
11 9 6 6 72 77 172 439 649
8 9 7 17 87 4 470 527 716
6 12 7 40 100 27 67 412 218
8 2 14 35 5 88 223 578 284
14 15 5 9 68 73 786 179 466
3 10 8 24 74 31 538 367 902
5 6 5 33 42 98 955 128 643
12 10 1 8 40 29 578 76 20
15 13 6 27 75 36 10 760 902
15 10 6 94 39 33 376 170 649
2 13 1 92 84 75 148 387 634
13 7 1 88 99 39 25 44 208
8 2 14 85 60 82 686 32 727
8 2 15 82 70 91 7 300 15
12 10 0
11 1 0
2 8 0
6 6 0
2 13 0
5 8 0
3 14 1
13 7 0
3 3 0
9 4 0
12 13 0
15 6 0
2 9 1
12 7 0
1 13 0
11 4 0
11 1 1
3 8 0
1 9 1
6 5 1
