70983125
399452622
464542201
714815159
95295218
955262970
813704141
84614785
168358546
801142452
854670488
135825254
18997799
208896575
182812206
336263528
683688626
338947532
251232439
986034264
658235841
451478831
904043829
311601386
739464886
543936287
741682046
993911279
781051349
261328293
460955144
137929009
853511197
300797277
726119589
69606985
253547920
113838855
594173573
537461561
7695292
303701678
948460562
421290860
11788901
20322443
871737511
751587774
852515339
739650730
908954114
829673903
347892466
897565397
733545460
264861474
522646839
79198809
598379250
867742665
804873137
551807719
623283389
284320622
252292666
697982459
629697650
876852716
320075767
721319192
481841371
554376225
44656290
557839822
267101838
598225866
924490516
202782871
112399608
239785433
510608510
231982445
434790118
333643375
895703795
529833914
746594626
853775412
508765051
191747520
593208815
975920830
621605647
34108145
829034215
266867960
847552588
414358150
828901842
320156005
598094696
395830177
991447553
781972451
422180618
419882771
652998162
588467057
373608882
518577200
43557298
324469256
757457494
708933810
805501018
566296084
924604003
321017416
625493456
824995676
623982287
83200618
87860235
814335445
655931805
632204136
235336767
802573348
80493611
410556667
248304409
327481601
119026110
884479496
18149206
120670267
595080970
60336864
884160653
567567204
937075358
508615243
313784116
764678132
620332781
786247311
997625412
449157194
178312515
487473477
387645915
200735960
88278349
675544451
779077834
480226372
225670310
213408529
203403182
373724470
807317820
354739579
970806965
127988818
251452073
732833803
260005103
673892776
267414953
688955665
568641589
631386556
2947033
720806476
806631340
609909424
680730584
319425917
395599048
308406355
50954474
993308869
342900541
807450971
229781616
449699858
444416665
593728343
216422186
84991787
720474132
847322213
819728189
639311100
96945674
790365223
364954789
526714273
520334683
502599022
799511246
365060357
245379485
7007906
272140630
350345333
238604237
561505309
76011804
661131284
217515267
944436350
3538729
785992653
16612635
451278807
180834452
521281292
924292784
270000841
266336693
288038912
370251322
35158907
272916263
832161632
738726411
898066321
94312132
869589501
642240817
425575321
814084773
671154893
31191901
282812877
36925943
421729368
837690934
603648360
848472734
847433305
948198124
996206802
97719684
684180249
441908685
423055856
425231663
167567711
70725204
159926018
888406130
680453522
695541183
714522016
670988216
20674432
398607418
882184016
432980025
491135341
532863445
272716767
750605557
584914682
707858831
312778518
186700665
159277866
672155817
298442730
631283218
428523180
898684198
722612382
555084441
139458577
866702868
375119253
969484550
787811106
426996920
915411699
60651263
835865325
40007677
398354759
235610497
532541739
165019837
666643505
383881371
823214334
80774678
919292530
558845231
874647007
23293830
407910996
283277539
589801514
489054688
281349637
754969914
385522516
457480300
49013936
461085195
859307566
601407758
309466408
291791047
627431912
765060392
867535006
111505607
417167448
704682973
174782791
144164863
989421779
251158954
825895747
971770481
35269385
137507111
420770503
702112101
714076742
433356115
809528446
687171007
272807323
402519847
177489556
160084489
280406375
847027169
760882141
815491379
793787876
93817848
345620330
174487460
65026670
137662809
220538235
853910421
387003188
39607195
235157918
189603912
706206661
555576633
683628656
840737668
55243810
411595186
419531877
793852851
261752579
158334956
644025264
695584982
957940875
812900957
193785590
695671308
191164173
539876866
507185749
631981084
368918606
408698689
883708298
283353738
188032989
416073147
856179446
22373472
688254341
925105032
634537575
889739757
963228824
864181713
828651032
990113493
682733496
732482009
231708963
797350288
199322780
190045835
183478352
338415013
251682857
436963729
360335566
600555922
376819902
987460009
659514097
396577511
865471956
357269111
829520592
977860296
581124863
852852690
828205048
172006642
62769966
750729228
183841052
824172661
579027294
290412669
887071029
559992649
553015932
652488475
88795284
148098916
357760680
660998157
740083724
596550005
587930955
566773082
883864516
592932504
724697202
523495683
803583047
906953992
881446185
351172734
305431225
357703797
441431739
550528472
57842413
98496795
549278946
7800634
881323965
715400991
883593902
860817283
291558174
883316652
156485742
492842480
406242171
39727351
780498498
951651486
529848823
511448334
312759090
12526997
66162156
310522405
836423856
568836727
692242134
939721805
263630642
594983434
549700070
415797574
494959563
997095392
583591446
700422329
582209322
633975382
174445586
926702238
707149073
282498151
192095324
68506984
193732994
16081872
515980842
621268122
379880598
429836924
44831292
614789078
200616937
215051368
306987963
115410349
311595870
294771589
165774241
180873168
383769455
382649208
445481213
337504407
853171702
264665446
369025836
396242096
766503931
887237118
468471045
568174749
863568959
379681514
803994604
934975452
514663043
904816868
41703757
482242800
374933235
699622793
936063684
3383951
679899299
618355674
45633809
927395515
22632540
202479246
727118274
667512351
888252793
734915069
417481873
806110464
321730220
421709663
721719346
518377734
184635267
795181457
985941955
711968956
405286192
724338607
751093692
816632907
532850012
626250270
329104419
595158692
683963485
605150837
744385750
327488731
228733031
298984776
83288754
148664933
740169277
735597124
112142664
746102485
108019369
442358258
745900230
902054510
466951987
971125548
611018939
364152786
633438303
356110128
534725651
392679940
365646785
147906344
653533027
702508091
643907144
265008584
448937601
976223478
101056773
601853902
55324203
826097115
311230951
359963397
789450978
100784283
296836005
949404238
917183990
649716896
451645119
186436182
373375510
92592844
986367565
526405198
554865920
123241867
32438089
948610170
460672930
787268819
681681251
885316446
788085878
31111297
140496143
444543969
354313501
241571104
816033446
871351661
755721248
584737143
86466316
981715205
170782334
977483313
292991526
664861502
213938880
775365069
253302028
94292061
614927951
571465826
48681104
236372221
118961444
240412988
438911706
509065001
685647306
294646253
716033816
490938072
789032149
777362300
906609575
396733705
433798784
205315828
717311853
954290796
992750083
720356906
660110495
91330211
433339162
270501448
528218927
953119056
767829208
350024988
368535798
112588946
595454085
739039481
225673483
768261611
741226262
711498460
461119805
631448169
714150228
168680971
378901948
287917128
441894472
103432153
710896390
39984565
843014498
389795236
926132543
302373916
40224944
619008709
546152656
800254446
681615179
351934921
63641952
165989827
579670467
315067335
158874559
643908670
604391956
450121464
543474369
592359071
599193655
642701609
218155117
193944984
856217922
738981527
942507343
889501607
417050279
149999319
331845046
816819766
793931909
86244541
337675674
891696458
907674274
414241258
524344163
195426845
708640250
950275763
334078764
6264248
868563538
854692732
22163361
441358334
438968084
790287280
358972150
789450665
982195731
128834732
787456584
144681858
666437601
456296580
828137780
262307777
32326707
383086018
882180035
126803258
240582191
603136617
691158923
886886840
801487743
828369664
369590847
663373703
891029033
803606181
784022285
586560790
835466312
106533388
453677470
746677131
358644041
969215565
272356286
960903370
898676761
893581990
677239051
36628790
376813866
964010834
950642092
710850591
802334907
28990227
555575734
245225932
805606330
407954455
35131398
190552570
123283594
784181247
449921718
786822186
369613063
629827846
419804032
271830354
775363512
561045743
65467670
834014787
910456784
7152797
601356653
658297152
911723118
409151979
99117649
699012928
562626046
774082939
351040360
734121291
823469574
142014939
606630070
760320414
475781814
178037584
511774038
946622981
91083443
35432564
121297254
191045435
348217327
695034027
168162651
886240994
558419668
113351299
416855614
876363961
974730874
923801710
4798244
715223188
538923787
220496535
748373325
374684667
547408150
381129601
557927466
169770601
55881371
252826504
553278918
363048907
300651636
93122851
308483662
598130957
247026861
471292256
430034463
905292256
243112431
556553471
554150030
634840799
703962202
168373996
234891559
388221590
90210759
52900530
192264975
133898446
93849920
74419791
501822815
704789201
400755496
763619396
872985287
422974469
561632900
384610420
458816927
649883957
276689274
476378446
574558948
418143047
255417923
125209590
813219980
370079201
646660822
196035942
613612072
986894360
571525054
280445286
745079353
307495059
985377342
746441967
303143764
778430240
630022112
154612999
386702767
629738426
477092127
911092354
238759706
972499319
434574521
84146666
502747422
81950596
887093841
259003654
85308938
752459322
990975713
721672242
440685227
499826635
554846337
258456388
72168848
529145459
794433834
634030589
708408192
942811453
656183235
528154131
312895018
173368335
128649138
457315781
80280134
16456036
912119364
498929452
635639738
730054429
847837969
990705883
942915726
851026212
149827468
190926338
532467139
362169314
220043098
124572597
33134895
586687875
745159118
346991179
93577324
605236321
942044506
633353763
849570400
28797783
531051298
610516741
982212535
876671875
548050912
974969587
749670889
630955236
462131350
420132710
299008981
824810911
755459726
245743820
160117674
204459243
604112887
676854599
612069557
725795842
455344576
269303439
541432922
563838968
553832139
405439955
890033038
259339188
998235900
6762745
858120890
975428597
646734339
696480297
90148160
988480535
267359545
671142566
659048093
992107338
474092318
545727483
257761162
580941383
434201467
529898182
784192651
816321960
802037380
