1000
437803 4987494
9707975 2756225
9329178 4727112
5384619 8621639
1237330 7761181
3753019 6224893
3774953 1327791
1336369 9305741
4260923 2323846
4433669 3561502
1698143 5073388
7736432 7911451
6400943 4575721
6284267 1497387
6625988 8240839
8396079 5505592
6393334 33678
2532406 9716587
5332191 6514567
3229496 7842989
9240920 854588
5703726 3512871
3536377 1250422
6845393 6641731
2735133 2635453
1015834 1141032
5693530 7387994
8960835 6307903
3255564 3908439
6878147 8634931
9345354 3144700
9852373 283372
5954030 8978003
1104754 1239443
3461521 2111524
3227089 6214161
9499275 9134073
6707181 9751822
8740470 9310234
3505917 2128117
9490987 2064656
6932348 4712942
4990403 7022629
7883427 8501345
3903510 5630434
1620585 3636985
9973566 2018702
4569737 2721949
2762387 8558645
4041723 5522168
3549744 305438
5647096 1980401
1805420 2553810
9710713 9565362
4714464 6470938
9191479 4253093
1145063 6817025
1395500 4659185
2519704 7102157
6645392 4309376
7621325 6100233
5222748 7908603
9714846 8342910
2972361 7339851
7998053 7109556
6006608 7729306
9328315 5670772
935595 6991951
961785 1449160
4628818 8611091
9025719 4793208
8430078 8632145
8715855 3525646
3248808 1435057
9243738 6444242
758282 8340508
4348209 7312974
6439195 7623867
8364780 3063370
1305238 2585719
5004517 1787088
2681587 2977528
8307380 7656104
4661356 7148329
8132915 3048795
1336440 5053617
9452283 7772211
3798738 7737083
9449829 3749816
3438194 2777647
1198601 9625908
8579345 7920437
9765057 5247408
7822504 6907575
3594790 7724275
9192049 510623
9752337 449801
2916963 6464148
4120090 9610424
964409 2661888
8129563 3953035
1789035 4726924
4472876 4806091
7235251 829474
7374888 3647232
6999816 190313
4848038 1729779
6298917 8529355
6689407 9432750
1737986 1455857
3748302 6256634
4718040 9715012
7421034 5988958
9086368 7973997
4608493 46630
9824788 1882965
8154543 1109209
9980459 3731236
4220618 1873600
4905504 3154501
333079 5663972
5091308 1847008
1404463 6421647
1089862 1815262
4166890 7040458
4527912 6224103
2916194 5446493
7531340 1661158
7880048 6778065
694442 1559555
6373036 5974896
5068283 8864038
2246640 3681859
3359289 7699705
9803989 1294994
6215835 7151206
1786932 1819622
4625948 4983444
1815077 1374344
9212276 7000174
1408514 7010947
8091548 9610523
9869412 2530845
2265037 547717
2662819 4297313
4397569 2015061
2602713 2755096
6286960 2478708
8657759 8465354
4259603 7111051
2621133 8975168
1516579 7541508
3191805 327940
9947161 3903366
3454856 2752351
6832047 6618874
7306951 3168600
3424221 4200331
8731602 7851835
6720348 2531105
4096387 5114254
3625253 577509
7220339 5897372
1113969 2481600
8432378 3671918
1490618 7532890
5160370 9627980
7488568 7182622
3342068 6925888
4953060 2964020
2915928 5261202
5945719 498308
7492665 6115147
2843370 7061177
3611309 873141
9699703 1670586
3772944 8256728
9375382 3589042
156793 8059518
3608704 5229960
6065474 6564527
1887662 4736230
9884036 401461
6143450 7039542
1152280 6238360
5469435 5306655
4782230 7154210
506060 4875531
3333591 4038363
7514949 5115683
9552758 9259276
8481055 7260496
7800906 9769023
5860308 8141756
6987885 8317117
4193819 2486606
5190200 2411533
9396719 3264047
5706691 1783931
9992712 3879370
1125736 9115662
8638944 7643719
637632 1926543
8953518 665103
8510755 3636871
2876653 6883659
5437739 9643329
8155221 1392996
6053937 7411395
211807 7812738
9871182 4133976
5930052 5922960
9849562 5604233
4956925 3950261
5544175 5295134
2572484 3861084
6411878 3891744
4284561 1890989
728663 5300057
3760029 338832
3364892 7026001
1561697 5151151
1665742 1043794
3372951 95988
3770309 7849700
7457719 2653190
6438556 3697873
9320697 4181583
1507241 2501153
5951321 2533113
6705928 4792221
3208461 5777643
8859792 3586383
3960207 9519055
275931 4511744
4233625 1706126
3570114 8136760
7606051 3872337
6409565 5312192
2861798 4484865
5928710 1217058
4481243 2827591
7089494 4296230
8143676 7804172
9352358 7548246
6827265 5249657
8050318 8755322
9767395 68214
5748712 655004
63963 2031278
8540877 3041668
742306 3472521
7437077 5811259
2480434 7060143
7075418 2330379
8634434 4741771
5211509 3854205
2568397 3613893
75902 4786265
8780812 675141
2419663 154536
619510 3998006
7758465 4881716
8777157 7719679
9105132 5559941
5181171 213706
9712683 7658213
8361784 907649
2604437 1521372
9730317 4757451
9674947 5626292
2161580 2459026
7040016 2782325
2721292 7967615
6499475 695784
1687528 215931
2641445 8643095
2549944 6524592
946913 8860491
7563573 4720389
6626462 8095628
8571993 3602596
9358838 9357859
4498523 2208885
4295362 7247130
2856502 9291427
9043354 6744121
6528418 82454
6700376 5036042
2307864 8408439
6573972 4061013
7617234 3028143
859817 366884
2936135 1227623
4489262 6210111
7105330 3710215
6001789 5048111
264331 265274
6928046 3055166
4769163 3604967
9753755 3441525
7050668 3744569
4860253 4944155
8833957 9108631
9350221 4256700
9403889 6406956
1228931 5256863
3477576 9049567
125913 1247437
1685795 6738779
7567848 6967951
3487676 6661127
984456 8840048
5133066 6076813
3720147 4084022
3693384 1793238
5201442 9311212
2693358 1735051
1775118 1683163
606134 9379605
7935599 5559691
9688983 2273822
5637087 9946437
5222732 6510349
5016887 1804307
3438797 8918028
4297999 7862845
5100627 6027267
1304513 6313677
8495831 9160733
5433702 3811211
8040978 7204546
449110 1157505
5974910 8305691
3830955 6286967
2816851 5906961
1209790 2490615
3169162 7004236
9674664 6522441
2324572 566711
3422657 7211638
8473155 4977658
2530083 1712200
2722038 1691773
8407974 7730503
8599024 6279915
9934181 7409341
5532521 7019947
8950967 6710451
3599579 5524199
2589750 7129072
3581437 3500041
9210298 6551552
6038986 2093240
5343709 542889
6278266 8988510
1379320 6721398
1494278 4098597
3566500 7019568
7452327 8690676
6468921 351967
3799895 3074293
2839505 2075852
6067405 9500817
8695237 5762945
3861636 2661489
6246189 2931399
2953780 4558334
1689059 3786790
5336023 6795617
954880 9214567
473764 3739395
5679837 313748
5464598 527373
1088274 394613
7472357 3446759
2086265 5117331
8570250 6394172
8691498 3975224
6448190 7288564
418944 2948205
6522619 5365815
466066 7777914
4330617 7351536
9601593 9482344
7353137 5185735
6220560 4072321
6537308 9951140
8812526 3088974
9823219 3451698
5501677 7984151
6826416 2511192
3578981 9255269
8615690 1759296
3696880 344450
3152316 5320916
8826215 3552246
2166463 4591291
430435 4712842
886090 4447199
4459452 5447624
5151064 1348841
9564812 5410425
7390240 9620162
2683692 9558565
4872605 3866772
3834677 284821
7057543 8396870
3442175 1673427
5470936 6455810
3471012 6938152
3547719 5755568
6390268 5609883
31439 6511995
6530466 6247800
8219176 1921099
5959917 5001541
6014539 1579209
4038774 8998606
1891186 4620126
3523480 6992281
6760980 7543603
937578 9235569
8032364 5049648
9986501 9996767
9438450 4470656
9115588 5162667
3387872 2579466
3968318 5545182
2644141 3614841
1631565 2797250
8753940 7713716
3130954 4009439
6479756 3975910
8323405 3532799
9939536 7656438
3947184 2699434
2871385 9461007
249484 9469610
5295198 7352728
5246777 4146695
6223834 4145851
8188625 4263179
1885061 7716705
7797293 989886
2461400 5322675
1608677 1009385
8824332 5149339
8822868 362646
6559514 6987584
777233 5397518
2844732 3151884
7354357 9176536
9271402 17064
5338011 7561280
7824861 2398204
1089754 6136013
7128206 7614643
4896971 4145992
567223 3233461
6220617 9754682
4661455 840875
1521131 4558318
4522385 5805182
892811 7186026
8666997 5704918
5105729 3683449
2093620 4731422
1990120 5160612
2755272 2836734
8683159 3015347
2214761 592478
6487207 5257775
8082448 5516905
17203 5855458
5044214 617990
4861970 75220
2758548 7536223
4398173 3189071
4117923 3806046
8120047 8853211
6927133 7341738
7787615 3137218
384954 5898285
8454791 6888460
1512179 2561297
8102528 9778946
8281089 7037117
7418018 4556206
8171870 1074523
4651015 5387993
4624066 8503508
3048328 2376843
310694 3056849
8500029 6783501
5920323 5210043
8797568 8053225
4956690 4417723
850922 5680103
3123661 7106746
1768147 5251473
9165675 9523297
5535190 9395247
5504039 3104408
4910025 5993675
1576057 8790922
5986120 2778413
2947995 8472479
4281770 1281887
1427716 2647935
4226185 7402281
7184111 8417941
1203262 2476564
4122324 1508617
81634 2374122
2492012 7185091
9610957 7002931
2437680 2421486
6589720 6988985
3750234 4203377
4135966 4155524
324322 6499958
58614 9433054
6665601 2562407
6905722 4505295
5483184 1345515
5055299 2201761
2533032 6980844
9526313 2567900
8435555 9546643
9877958 7019209
274841 625865
3550963 3073778
2727619 8734520
8647880 2321824
4822170 7279943
82848 9997147
6902167 2471328
630161 7178988
940020 8824492
262263 904285
77481 5927571
1039977 9500790
6003055 3273792
8730305 187073
8922943 9936859
9776024 1894534
7516370 9532109
3471174 6959183
5682338 1788223
4069477 4454372
2471911 6006937
9594062 7190094
1064346 5571846
542746 8212183
284148 7334381
7410849 8256776
7465198 889209
6650749 1261736
6452802 2065041
4003078 9047747
3919848 1127904
3723095 4599072
5639449 1639373
7568839 6945224
8089294 8973827
3203567 832645
9551040 7694953
2026794 9561311
7008105 4974121
3542927 223135
4678017 5846828
7137528 9534671
9284993 5743259
4448253 504376
8957986 8359392
74744 8362338
8454110 4919586
3786754 3444886
7583084 8791115
3033204 253790
7080263 6955908
5610726 6315138
6102567 9378869
1369394 9219340
8171269 9625609
882673 2415940
6074523 2057832
9220220 2080052
1526497 6039675
3750123 9732004
3385231 4781611
5545624 206622
4463520 4954528
6526363 3481834
4907981 530373
6810190 6298129
38285 277442
455626 2172893
9291035 563199
1722088 771415
5671919 2118311
5236032 6438854
7994690 8914593
4178604 4516534
1683469 6444183
9092421 9860461
1303562 6244979
4677220 2851575
8783408 1083100
4140577 2625690
4826554 1304380
9541078 3429857
5595168 4709437
5024283 8916117
6298652 5799238
4022731 916158
9164965 7431041
8404221 3046437
4563446 4372695
7113098 7485396
1397255 3501169
486669 5054356
2923921 6996024
5675101 710381
6997645 8879701
1132692 2847144
2955445 4221617
1270154 5063503
9053441 7505269
287321 1653418
3862441 4534281
4453594 3236162
1235753 172312
6689702 5927905
5073719 798858
8477845 8570512
6098765 7334151
7678017 9759639
2977701 6473722
4226947 2932607
6351415 9462283
9932275 4900754
804924 3898914
8718059 1589081
5408174 2030314
8103172 8629788
3549892 641866
1815831 5454692
2823417 7072236
7321276 7440379
8859525 2332986
3752909 1308137
1718881 745691
5871971 9698167
1289415 92729
4353878 4893103
453166 9309693
4100160 2449754
7122769 8540432
7993210 1866368
1970088 4611612
3685660 8172394
6033772 8272776
6548480 8476706
3301526 5456510
2190143 8660977
2700000 8792679
6087730 2604510
1019202 7973995
8588273 7970357
3621877 5800309
2848854 6037884
5871858 7408941
7366266 4870399
9274354 4981372
5260213 7872836
7015791 9824907
2231969 2276374
6616609 90306
90775 8024062
3513473 6159052
2888495 1471428
4330824 6940816
6387396 5786737
6236655 391353
2031085 3911375
6470192 9639470
8933763 8896230
561667 2529562
5749024 350464
9537569 1894500
1426717 637733
2614147 4334775
7632147 6042015
8939619 1130490
131803 7044214
5510456 1707863
1257101 6787572
8820925 247863
8269955 5534369
2819818 7865795
5995989 2571078
1442936 6905829
1095645 8067053
2670689 6571204
2761396 5717087
2641244 9806410
5963315 6728612
2107236 6557088
6744690 2931717
9513009 3284654
9821003 136076
6457021 8170399
2954967 830081
9222719 9233627
1011950 3916397
3979826 4464907
1468714 7034779
8962766 528920
8434660 3303697
6356620 45354
9994037 6044570
2815397 5285932
9744885 8140607
3885074 1510214
2064702 385864
9864717 8466016
490985 4183998
8825102 5591077
686350 271595
3337422 6853628
6512903 4339031
6698054 6958351
2647789 7644620
6597296 1350984
8881816 2054866
857732 2220366
879267 1145011
1142651 9361035
427748 8353783
8952334 9585449
4427511 9197543
966646 3115023
936115 8916877
6779180 8014055
4543282 7575858
8401898 2869274
5800653 7371230
1613096 4051665
6543516 8509018
1810207 8302837
5989626 2983728
3013577 400047
9065341 2577704
7354461 890216
5895041 9531340
9198934 3383113
7948445 3361764
3644524 41018
7967019 466426
7516568 4748774
1432132 1737942
5904531 8404277
9224256 2144770
5359447 2595151
7321657 7922374
2710043 316831
5881608 1812139
2621018 7964877
144197 8538747
6332493 3319489
3850954 5654718
8717035 2720806
510640 5616958
3087471 1368931
7231824 2498435
6274256 3556770
1130818 8777687
6115017 3213261
7215968 1396546
4567506 3389963
9073090 2605198
9880741 7491910
537923 6245699
85049 5452327
8708090 4218410
629321 7025047
7364289 775117
8365133 6328512
5439792 6691701
2831614 8949001
136993 3749930
4265942 5337500
3611309 9061685
6906892 5097314
8036013 6364832
6565659 5891715
642617 7705651
8317371 7186538
2994603 9263096
3675493 7510463
4720667 6240439
1319379 3564907
7252708 2677242
6598780 2604439
4360861 3355913
8000539 49707
9195296 5707885
1083688 3617618
2352261 6802416
163292 4931443
6285990 150043
9597745 4111801
7111452 8792630
524638 7824907
495552 3561674
5936606 1828500
3790506 2568481
9568489 7460155
5641012 4882243
1566072 8245931
833143 8023930
1171269 7724875
4319947 7722574
3706311 6804677
317386 3932040
9017273 2115074
6582605 9505458
926611 3683371
7880429 7926805
8520975 3320106
1811714 1952057
960548 8837286
9444134 6536423
5485197 8681353
7662386 4182953
3650114 4054140
820414 716999
5733756 5525607
3734180 7048651
2863924 7821429
6977277 5485309
6939427 5964430
7742113 2651623
2490051 3988187
5379114 3295953
4737228 563525
1721073 6016965
5395383 1507444
984079 3913995
9306429 4353363
5585116 8873772
8087896 9574666
6019954 8114546
3885375 1769473
6810282 9237350
7567981 6057955
6392604 3070927
6877082 9467799
196770 2085049
4751808 3845191
1112277 3347434
1791510 3413597
330765 8163950
648855 6052608
7390436 7607563
6795003 4882586
8986419 8199884
6802107 5543125
8861331 3131258
2186768 4686616
8690780 2694941
7894260 324877
5744296 4297214
4172318 6250141
8990800 9953831
6433673 8886001
211564 7834593
5725421 2898290
7726166 3179188
3054916 8694729
6794919 5033065
5686597 7507295
2409144 995082
143083 931421
1228961 2069471
9978734 7287211
8627772 3659761
1007303 7245684
5414177 2297355
1739695 6087968
4012971 2705331
7506336 3727447
8285553 3020212
3995858 4068740
2111308 4880279
6036286 187087
1806039 2208803
2147101 7544992
2510953 272356
5421544 4412322
8343452 9998241
9765977 1044412
9770696 747107
2015592 8397592
2688264 6912116
2639950 7349280
4688562 6698076
2481156 9236219
2007010 8639972
2443587 6452883
2313327 9730838
3724677 4322705
1032436 8155835
4961281 5022302
7593159 2839643
1963186 9715876
5933572 3629759
987601 7476682
6703490 2872945
1818709 8380794
3240667 9573818
6150905 8835357
5503207 4354721
4983220 9157467
3025345 1037298
202945 9772575
9302848 6273843
7608473 7162257
347517 2021040
6738931 5468442
9699923 1106031
9610186 7054435
4204761 3918395
8686549 3789524
2898025 5152669
6775055 4262936
6315163 2737885
7444017 4097302
6509513 9298948
9015730 2083321
9367180 6271580
9139405 6087208
9696445 6617837
3731833 4378446
111220 8446977
950641 4692818
4454923 5065248
4027054 6311135
9435035 2231956
1673575 3969884
5663740 2743781
6039703 3007731
2947912 8970589
9023990 1873421
8929240 309892
5090301 1695955
1109573 7467683
1659365 6699311
5602791 8606276
3210279 9563464
6488152 3105072
4841597 9223304
3734256 5495279
2411103 7456536
3635786 5468874
894598 4264161
7012029 5569227
650091 601995
304738 5051194
7571656 4328193
5353236 341793
3984788 3037163
675306 4967752
7226378 7434546
8880318 6652344
3668642 8309374
8779304 6991803
4061206 3402042
8081027 6973146
7354461 1357326
7657446 1156829
4556466 4537826
5076138 5462861
4552205 3396193
6170474 3288948
1912871 2175346
463741 4180826
8339193 8127807
4696060 5960905
3013308 4401458
2547394 3921993
9740010 499314
1544166 7311396
8974907 7345769
7312706 597858
8095400 7896641
4583919 5047884
1677546 3093345
