1000
1236965 1900960
8992527 1250077
9578589 9323987
9903118 6717239
9542356 6282864
9460949 8784475
5876268 2464519
2654437 1096505
7235076 5743081
9277183 3837123
470592 6233511
6407204 4969001
4267774 8277394
9591572 149725
5160353 7876795
3605714 312976
5147337 9044467
425117 2886578
3400408 8959052
6310903 7544309
9824621 7763605
7079585 4167369
744683 6725857
1908124 564448
9209075 3802111
799656 9315882
5783013 6592642
737991 2377689
577890 2497977
2569787 9544414
8350283 1036855
7096579 9770473
8331842 2756428
6172640 5724268
7518247 5901193
8079701 3558167
7358492 1050175
4302625 2873308
9547776 4949631
1197639 7727596
1951735 5629850
8681990 2100279
8168671 4264994
8845024 3843951
7038427 5757414
4510358 9116676
9059531 2844536
1683368 3083560
6998096 7494570
4550489 7560907
9214796 9405835
6699816 5016735
8658911 8980078
8967511 7924245
43626 7152227
7281127 416477
2237583 3750715
2294425 7061864
701358 5686278
598381 7996137
7325545 974871
3857190 615119
7255199 8460798
5615939 3888971
3509363 5783309
1863302 6582223
9335622 392275
7422576 7209740
8265399 488866
4452546 7449714
2667945 9863563
1714428 4226611
8742717 1212384
9531617 2730687
6815314 951984
3828720 681032
8503435 3448142
8729067 9232190
9510985 6837833
458451 5388627
510379 2824692
9934697 3189752
4073236 1432799
9415853 2451165
8968869 6390747
2354658 8311796
6177469 3150457
1698311 1593709
450687 5691146
627166 1946682
2235980 6109855
6679272 9148684
4821955 7571977
8045285 9653715
9470279 6594394
686168 9880385
2588537 6785505
6133504 8988614
3307320 4881200
1541727 5466388
7726887 5095449
906038 7728795
7789350 8945963
8563334 8322445
6506199 219577
8120464 54107
1019162 1095635
8537940 6203573
4562448 1854410
7371284 4863117
9697179 6674351
3693906 9959699
607067 3974099
6515660 4212281
2214065 6005063
5179654 5150128
1499711 6377436
4204864 3964520
2222052 177571
6002042 534162
9045828 2070893
1930999 3917600
6801469 3529420
9871926 4588867
3797234 2833679
8253561 9439596
6183363 5835849
3368128 3779531
1274962 524617
7421134 9303377
1656703 5680034
3602978 4380720
8382955 3833636
1039359 462681
1433207 9892960
6989668 9768444
6811205 4325543
1887762 3905931
9349173 8861962
7873676 2503862
9791337 9285594
1578514 8924015
8976577 5641640
4982052 9759207
1373534 6809669
1702404 8931086
8867489 5843266
7479603 4634774
2392876 6832881
6586994 5215087
6761439 6970465
220226 436427
2261340 5676133
3645155 9971227
9072003 3448332
7648344 5602831
916085 2312617
846176 6694680
3721619 6825292
7245821 8333032
4330239 2165318
3553392 9215728
7426841 5920808
5286201 4248417
1634563 2537539
9629211 9955242
5489436 5998888
9901205 9900031
6460295 1291944
6571881 8112079
9083301 7900500
3283224 3820236
4839574 4907774
4492131 7533030
5941563 524597
3319371 7065167
8620469 1754059
2763536 2624247
9859302 5734994
876468 4552080
5041006 2485914
9545593 3222667
680110 7348275
2267485 1739800
4464072 3237104
6870052 3619241
7551004 2483425
520142 8460526
4714700 20439
5909787 6777689
5596727 9060579
4597262 786074
2412160 8067542
2429798 1164835
752264 5228353
8459428 844837
6983790 2743414
318347 3645712
8027157 8865540
2391451 8906390
8723358 8638653
6934420 7813799
5499624 1415603
681336 8429301
7630102 4418229
7131912 7782384
3605001 4924886
362309 1898699
8657376 2611302
1833456 513652
5661566 361206
2220682 7705886
3494148 8599511
1422803 38458
4642641 4444058
1649997 1755001
690184 3224464
5182905 720203
1718666 6534346
9467544 5756641
883574 1058841
109099 627757
9385775 3931790
5257842 5015008
9540565 8838651
5183535 7356394
8845386 2776943
287332 6934269
4484526 3367101
2641616 7634442
9396706 947188
4237044 6034113
7710216 1605223
2978835 2030995
5514112 444710
3095980 135090
78827 933889
5825026 933775
7938859 8483979
2841108 8916314
9980896 287764
2197156 5313157
4254443 717229
8443315 5987649
2516461 813735
2287617 6353022
3822024 5591956
974993 1074285
4717725 6756291
3378082 7601281
9877579 8734150
2485814 1589096
2579189 2801519
3077262 9491478
8665979 7919053
4497323 1385274
9953791 5354803
2842701 7375685
758881 9384113
590199 4576233
4188098 1405207
8054632 7393559
6627459 4587384
1330850 8367231
761798 5452068
6259046 6026643
8460779 8660780
5862453 1021572
2924180 8693089
5333071 7250114
9792289 583764
6533687 4397310
3562931 4933079
3158444 6470186
3439147 4332281
8815408 94711
4167467 7850508
8353796 6087893
1384083 6207906
7666600 2919670
6615685 2643338
4644831 9459915
4748385 8538583
56360 4544516
459336 4794201
5681093 2081298
9197595 9486241
7731639 1023272
4832892 9869567
8943423 4112820
8561611 5368966
5176158 6428394
1244073 3456902
7280724 3306169
9576696 1274512
3046436 5239762
8529112 9498102
4068109 9795879
1763755 4035655
3194641 2657769
1845777 4570709
1394416 1726600
2404971 3914674
6750893 7843766
5189722 8083501
1107464 6020835
680896 4645721
5776257 3505985
9072189 61701
3447258 620737
4695730 706500
8978324 6690707
508993 4170598
9399024 4832297
9941066 3345788
1100782 5134515
3858030 1144151
4923985 217507
1550991 1039752
4745752 8069033
867021 7129440
7933189 3097143
3362314 9848176
332825 5527038
4197 2293257
8007701 5521902
4063425 1406781
1025145 8238393
7280575 739931
3507720 7552591
6571326 1177974
4023489 9805282
6857953 3820381
4576870 9407715
1175177 1512995
2464760 3600642
687061 5992344
3435575 8848432
9079976 2427212
4176294 7548704
1830947 6901522
6952452 3832000
4373669 5205882
2857555 1293892
6401105 6036693
1433812 7335195
1870215 588212
7729032 8523766
166633 7703145
1851696 7346247
5261015 4334339
6262989 502719
8157938 1234900
3380895 8388046
2438940 624494
7185064 5674662
4527861 7950496
6603817 4914360
9116894 916605
1602467 5260084
578297 1858644
5387478 752395
4847270 753848
9377093 1830895
8018822 4736377
9143215 8459345
42107 6051496
3703190 8880353
7439524 9720470
98363 6836113
2850277 6495828
7543455 4130450
1021020 9963443
8920707 8139092
6018412 3184964
389607 9975689
9635637 1325785
9706125 6376481
8363033 8004097
1065974 6419150
6889912 242318
2184931 5255040
7010035 8309266
8471125 4176105
4563052 5963997
483981 4740345
2151426 8709375
1486347 36067
1778905 2948427
4209041 601749
8296655 823761
48160 3238466
6014471 5398498
9212025 6972379
5596385 3741967
4623517 2578193
6762111 7017385
2968525 2820692
5551425 8623809
905481 10069
2707400 7215272
608787 3947654
8220661 6855024
7245932 1141400
291946 3066600
7218773 4334971
3497991 8413475
3666767 5853025
7457774 2808944
1541786 3637051
1093630 9903074
4163001 1791417
1723995 3424968
2831339 567500
9584227 3493813
6674226 9930023
7491385 3860985
9278671 9037240
937661 4768933
1063874 9051571
5301776 6880650
5530318 3442567
1122452 8454073
7414770 3578725
3947753 1766019
800368 1377215
902641 3244154
4861897 6219974
9033803 8335085
3806142 8995306
1262683 1869934
7834575 4871645
6625215 4771151
2340543 428303
8551002 1452191
2343181 8716082
9533772 4439729
2811771 2649911
9944438 2929045
3185546 7922382
2614138 1915803
6373115 8056169
1499960 3700950
1323983 1709496
4803409 7352854
4713926 3579437
8213799 3600492
900194 9479672
2132058 9761321
2551140 9112715
4060619 1347423
3437517 1683863
1543836 3363933
5747422 9464972
2381869 1780917
955800 9084700
2761375 1248697
7606843 2382903
3512660 3143544
782793 6300687
8411116 2542405
9644547 4721429
9848648 6835631
6984298 6277241
7615754 4498057
443199 2799276
3102994 2824803
5863170 6777313
8848257 7304846
2685430 4378247
4668345 7871643
562842 8638031
7616218 5603419
8976816 9074475
667333 2942175
7713593 2895307
4945692 8941944
4289397 1341986
4949951 5285687
5877863 739678
8108879 7805038
3765198 9252979
8322862 7867820
5248556 6962191
6865020 8191300
2422338 3672358
6328346 2822725
6562577 3315943
5830314 5705218
2677082 2073411
9051404 7830283
5366301 2420717
9180257 1600561
8987165 1729363
4952074 1910917
4313049 2972073
2917417 5374808
7146899 7281118
4106783 9524155
585291 3715107
8666379 666751
3668292 1436010
7424592 3713333
8358013 9795812
6250382 7407918
7326265 5662465
2373799 1960828
9255927 6376947
9228091 3799534
9898873 2037674
3007915 330135
7386687 6295384
3120536 3255110
5150988 2559854
6324836 1793806
5702623 3784732
3719600 9771967
566779 2643155
9062235 664938
5295967 8995654
1932552 7921759
5981773 6348387
1344791 9212081
5083205 9843038
3974442 4652209
7557258 8280614
9326368 1785070
8097435 9161708
4742685 2010042
6705082 4967459
2073983 5127462
8488425 7470073
8662377 4956420
5650406 6116194
3772603 5314019
6197429 5527436
6448919 9051286
8077846 381035
1260764 8543020
5888905 609966
4790701 4068344
4298320 661575
1794027 5405322
1139052 6706278
8267446 4058931
1445662 5367293
9232495 4613764
6102375 7930940
1145143 6616142
2966919 2976533
225008 4070434
2425728 5520824
8967610 1401681
8767508 9735831
7622903 5050604
5107521 1756899
5821638 8902980
2154827 355468
2861578 9850731
1075762 8116036
4645476 5650352
4735926 4241532
2856372 9073830
2230234 8111204
8104731 798877
7120093 3472749
7442554 6159397
4947905 5273545
9488499 7431825
2953542 2823785
3171686 201841
9569519 4025469
5348596 7259926
22651 8943991
4545407 6483217
8769517 8759816
2118567 219955
1041796 6614560
5396301 8500621
5645122 5145968
2878611 8591985
167143 4338410
2554969 6315886
2109558 3534143
1197248 5819222
5514414 2965855
8002602 9536315
9701010 6423804
2782647 727916
8132833 6215431
8692296 5779452
2703772 8323376
2040447 6170683
9201926 1945449
9972412 2585402
5047839 8084450
1264544 2366922
4452391 3282317
1100429 7441403
8507680 1674138
3173027 248225
5731403 7122427
7028163 2601802
7406249 2942305
9437967 5902408
2269307 7348668
6429287 7681964
6692673 8257341
9249772 581704
2272190 64599
7489024 1353899
3084401 4482489
1480899 3646887
3082140 232148
5200406 1044046
1254080 3935194
6520987 2194160
7484189 3291964
4561074 4333981
965302 4985258
7926524 3783336
6453834 9123605
8547290 7697569
4001243 1158704
8133102 8768473
2841386 237034
9339417 8239201
5850296 6435700
4468986 132618
6933445 6243776
63860 1211238
1356884 3210751
7828391 7148740
6674340 6934817
206453 3683510
830263 3139928
9085566 8337934
4204110 4967828
8085795 8939483
3258986 6316935
7641221 6325232
2674379 2454434
6999046 3604573
2174836 2169365
4866630 131314
6539044 5098449
2157863 2410050
4492381 5242505
8047433 1393309
5729376 783148
1471117 5173652
4145710 179563
699156 5937528
1824775 1050552
8568000 5560666
190062 3029828
4862769 9430796
7142690 1208575
4048329 5344797
373413 4224282
7213352 5214047
5349560 4199176
6296623 2633572
2040027 3007096
8604159 3733883
4922449 8079963
4798842 7634871
5571609 9281635
7958592 1515240
9613429 6314369
3607091 3059614
3698662 1779557
837363 1100076
2712109 5861249
890209 1741090
6146763 8317701
9282334 7170257
7421056 8157923
8504588 1122122
6603727 3768140
523083 9872351
7930999 661296
9850812 8833439
8148730 6122304
6452481 7741660
5433497 8992879
1492730 9766952
9291476 4430699
5992393 5856338
8334702 6340136
3128397 2543469
3904614 8359381
4211370 3960264
6858494 9548259
7739326 342902
1675191 2671748
9350700 8662599
9875282 4294825
1301844 2420940
4965711 1033346
6664407 2284758
2702833 7416449
7305367 416118
6386615 8425815
6415284 5312765
1832803 7248884
6440463 7694460
4293110 1155209
4393930 4704196
2482865 3359241
7541701 4876391
8744724 9515554
8176929 7724724
1641698 7140296
6936000 9196477
6238490 2771626
9980866 8200532
9865342 7042745
4688392 5184649
7501583 5513511
6170164 9814956
261006 6304613
7018918 6565456
2343547 7132707
8063487 5731269
6850200 1583955
9781921 5221148
7086823 9395237
3137068 2275878
7794471 9237259
2985345 6392180
3555674 1335606
1482306 5924567
1339072 6978198
2852047 2094305
5133660 5096669
5337545 2323169
6345965 2362491
4743442 4202986
5256693 2428322
6244554 4759883
1823669 3036482
9112914 8031383
8112686 8157581
7877067 2679325
9414049 8134772
5530519 201968
6239630 3338663
1078615 4672736
5084215 6407192
3900138 8703742
8622877 6658807
3489651 1617435
3941377 7356854
547026 2100040
266084 1695109
1468457 4846038
7175 3554262
6485336 9531222
4998378 261594
2668800 7780634
9370576 1831425
2910083 6399025
418616 5030653
8641153 9679853
276964 5175230
7010139 4421344
1951444 1458038
8560946 3996762
7289035 1706902
9503336 4416363
935752 6819534
5121693 9447270
9561613 6395280
4899123 6333787
7493788 7166220
5303114 9055131
3397555 7850292
7089987 2080183
8681430 7264056
5612607 2355712
529221 9532170
9044000 126855
7224448 4145883
8865542 5622301
3984457 9952283
3046739 7199700
4514337 1388924
8058151 5887227
2534857 4832750
6377443 5236900
6501954 8848035
9957544 6244513
6098764 6256907
8482520 2937986
9687786 2089176
3451795 7821719
5228891 5631099
6227003 1076979
3247777 3102116
9403247 1645670
6246141 2640709
7483155 4522369
2583663 5944206
6560325 5721877
6280634 3785969
5928424 8666675
2521309 3965599
3267228 5710764
4587546 8364040
2714818 3173265
3600114 1503325
2594428 2334772
4649126 3930769
1325482 8611748
8205751 3841618
3269742 1874100
6903141 3666836
457255 1634291
3731122 686086
8361848 9102772
7831648 7069081
1971266 7067015
2778605 3069184
9289509 5575356
7354141 5728937
2844034 8738022
440304 6274120
1790458 3064021
6732454 3656651
338031 5761178
1025985 8050150
9320065 2442758
6463747 3030664
1388433 9421995
5818602 6517474
4461249 804440
1388602 8068583
52465 1372319
4950003 8478533
2716866 4756178
9431381 1212272
9255446 1260544
2385762 4827671
3069837 2524540
179675 5736107
3942152 928213
4062145 3726174
8940713 9142494
8934613 5819553
9033424 900391
5048215 2461604
6124830 1665537
1540170 7654617
2882293 6195837
3188333 5477616
8605301 5212268
4858690 7065179
2797183 2747743
2533450 5404363
457141 1668391
185926 5973808
4152695 7951573
9499958 869692
6719078 9616827
7840220 1929439
8553316 7505256
2805178 9212235
214544 1120431
8099215 7318896
8460622 9713695
9936220 9121024
1486012 2621067
394212 786284
5112765 2376963
9067686 9489124
1226738 6074712
5473893 2621018
8768826 620699
4378912 3133566
607288 8028060
8881305 5915074
859212 162671
671313 6348630
4455704 3095266
7848328 3439788
9995004 3006471
9306945 9851381
4552985 4127279
2770107 8706081
7902801 5849068
7601784 1613282
2054851 4065805
4367289 1715880
7692115 5024421
6649855 5993125
9152927 1649411
2001802 1381450
1079434 1832890
6290013 5604295
751284 8655514
2165943 7670158
7800959 2161459
7984794 669775
3385483 1810136
7566919 1661948
4474681 2616089
2270911 3275333
3311658 2457160
1461570 6282908
1866432 9999988
6087122 6269362
1903899 745839
8473521 3415927
9108765 3055562
508126 664861
4923494 6613975
8471323 2171156
7087447 775589
3839976 380942
524177 2323847
7397896 4364155
1269494 821388
406906 6435597
3884966 9915399
3039488 136245
5209731 2225032
9786395 8519587
1786284 1583584
4717068 825801
7986692 6224032
1276500 7134167
3447724 5092121
5779379 6755519
8820228 1300956
1816364 2557106
8879021 5578170
4156414 9069472
2135560 2594628
9064363 8859067
490551 9956811
2043507 323571
6657690 1585889
9972953 9469050
720722 6597077
7231005 4060480
3785537 5984314
8925503 5544823
5427719 2613088
7943937 311184
3694470 4711511
8792292 190011
7377373 7145458
3488553 3874793
6152047 7184449
8226768 7303757
3443933 2114069
3561116 7206870
3475335 1655039
4743692 5971509
6567822 585296
209250 6129372
5456083 2165529
8575391 5048444
2572408 5732779
4110980 6377605
4450653 5079576
2411153 7957161
7922211 4920495
4804105 7916632
1672620 8582531
8797163 1575620
6863896 902115
4374905 3294173
2864712 1672802
4064436 5002325
2916318 1078352
9239132 1611677
3272762 4663870
564852 8200933
3294205 3846012
4311867 5236127
2870025 1130525
1609907 4574331
8842750 8636657
7820189 7492715
7052477 8369290
5944698 9439648
9130088 1941175
4904203 4924298
2437727 4357642
1952720 770395
596675 2722260
8481804 7716355
4653557 4928679
9569982 1768628
6445591 7274962
9336232 6297950
3766794 783592
4515659 1598771
