624816645
111218719
77212630
110971715
912502935
795289039
760736889
414790169
622533146
944460025
491041923
17825738
141305063
367637464
225439928
110619377
524855844
724331149
629277697
481806764
994133760
398928276
94893372
254152872
870643266
163142879
159036973
18478509
913674101
232754527
710419002
868132088
621406784
653564103
658649223
816721716
694903121
511382531
337890971
513593955
645658308
342197876
583893329
875970323
894847867
36503884
171591085
414797945
570079581
410755262
70694869
216212832
423954525
949645193
877744133
760394509
780133679
46734452
656223969
378332182
629672148
746939791
623196491
5391264
787962620
109987826
514377527
50720948
217250483
414836284
859925151
179667559
666308153
453327177
222291307
452636891
694162622
477170798
436478179
654395205
232527222
157832141
988254803
155437443
944964977
119453129
821244624
601953826
839058908
233326193
832965807
137675949
136141705
418191940
14312301
867520502
505244894
457909231
978102897
441692235
324677338
18818737
460357595
660675241
696117546
220015852
166229294
689575724
544279271
853217380
254168955
692625918
870073952
611179030
467006001
904821113
230037030
729039291
703649423
146296223
893459074
696619041
681329190
76130442
667201786
108090837
605608458
669438220
561951413
784612986
567948119
569126272
943461877
633714346
633028909
341390390
633710196
447249145
635949475
361144699
909706619
516547422
824378146
585112007
822054878
115871239
593010814
406038099
309602685
391578689
697589626
909137501
507995770
299400036
909537771
210590136
967141074
506853367
693704651
367277720
902143159
455323250
230315723
774823986
32767375
642595727
486162791
741536494
996470928
965584782
164214229
616203311
854578238
402016836
914421554
431857962
507689598
397895698
317226945
585556554
451109537
679057432
94003932
265267268
149711954
797673692
296562910
829719052
319938017
44624149
270459254
620794665
183841002
445130039
368377397
31940214
48941182
153808090
608287992
551981653
558875952
672295742
813100651
173935835
37836381
168174798
148878082
914895770
290148042
779146319
527276574
38175237
81549018
123639496
864852943
987369515
685450486
517881787
178696842
723278316
89860604
468108718
397972034
889276623
848805840
37622928
171886905
792985054
798358171
515960496
846966154
102763477
843953241
298396776
763832298
994593464
307008117
732955338
957758393
622053167
996021592
762353382
33773951
614965948
394897883
961728417
698811424
415707228
63922169
321353592
154210266
640346602
269069649
427200386
858863748
769584309
818237314
261642063
564451002
613139174
739391210
583282000
781048463
861973587
261618602
183269599
38078491
166133721
629404924
889733719
422774328
789606344
390025465
177159017
394391529
757516490
142588603
318242721
474925005
851074593
615874386
677157952
107866274
995460208
533024680
9556121
100001623
626402206
447189022
778610338
180888880
736614948
123870031
687120920
161573299
930139587
725284958
640239909
327383541
853424734
281112578
296928259
540132857
255343731
739224584
744646039
686724573
214311927
634138117
333997302
516180762
485753069
653035508
586714581
689463072
700496949
346899148
32365987
427604243
352262209
57049647
971739380
468741173
995217757
262212181
664101137
984560239
74293646
124097656
317909075
338303646
532515809
499184455
667089947
932715655
381064304
494859928
436296087
440549872
701485186
787993377
733485510
506404551
265366593
195108327
168219561
45498018
542456983
816692716
59993756
21797835
860445729
598727064
238744117
724675849
144904351
770234254
144646591
399159839
104636037
202232048
257906628
920700888
298754431
489786062
800672213
122292372
255993072
190505330
473018959
720455553
804064591
550443027
577131814
343399663
630543595
230500084
338487863
382232939
198873215
472068382
758862040
319514630
938997360
327787354
149782607
711664725
463187149
660568572
915615147
392265036
216223607
774931985
890056567
738459205
863016528
149572492
138874988
845442636
323366400
283679746
922172220
128416104
940075871
256250617
927236185
430023209
169531448
78378316
272109832
313101688
839642740
929870076
172987393
248665008
223001239
796086041
853195288
253944356
470405605
506707343
355325019
467063742
702968096
993929294
339684177
311239301
514534530
562977759
677033669
11390538
978399526
188381203
990146724
817405646
417882606
428269783
515859927
307436364
807442127
711865448
967268147
820381514
355010707
781487145
423363163
310518717
199053842
299164667
747034951
219351938
590257176
706944274
294422106
975791105
624405221
552294907
356781194
891442143
542172444
214461008
750778460
342969245
960968152
344390772
354295437
927296171
701580232
726265399
125017811
909140068
226587216
828891420
124745554
119588354
188224484
818184255
752476450
120789692
150976894
162308133
591279000
158994223
424023109
307466140
346954977
347625949
473601569
296755020
514385312
952382030
78392452
796711338
155541928
250884543
671516531
751184774
20934198
62446806
68009770
719328465
119638830
245322887
267465694
829544722
627237773
562278118
40593775
286380132
564671817
415733119
145683507
399337185
164904145
832537738
971289266
859054462
561808225
737498029
524791791
766984157
472063378
402795797
844304039
34376299
25401816
767411181
310066328
606648011
805672777
918541982
436280335
932231090
480306514
90969404
150235624
53822107
783086348
909762698
785410178
158588853
30002618
554718096
875118356
133258242
498541893
612596358
57996805
108221657
340924875
505190463
729851891
75952419
628960241
846195505
289644347
435058619
735513350
184664048
408702081
886345791
462560803
319973739
357000675
848045563
126848181
451963926
440240228
235151315
123993105
600215592
140900505
477641155
800422901
982503394
644374218
946626653
295197921
984569717
171400404
255621685
615105011
153434728
265967631
471675009
458033738
165441835
802232956
330619409
814809999
221808936
376164879
82940559
607299817
697326801
9629285
981574805
383387692
460894028
161973123
262498423
936780557
984246789
258047783
170466175
565661890
894153417
869719414
554287558
964967628
407689034
676549816
884966445
227206761
705656971
274132763
281472923
566634147
336206112
513335626
508803325
41550109
592863025
606749881
664282982
211822763
343263701
763855377
748200881
277031218
14837296
430181596
842265643
991780787
280282911
985654189
273523681
96944240
160749973
690233672
843819955
448369831
233548127
272870502
922041159
522948154
602967895
48213556
395452944
543110963
587324378
630826985
574652309
856780477
169057432
879402984
839706479
203465773
355836765
415974138
650714960
507944952
464821232
498991007
198663690
116007154
736424189
507000146
882889074
91025281
621331011
28601320
661137587
655803928
642331327
125345709
99746418
363429798
943963387
288076141
235273544
719657715
892452980
126217616
182903512
168621555
106954814
954449497
715382974
619244320
20194356
412384715
142178898
281225351
867286004
121584284
586188863
479766062
707726670
238803227
210430066
87185793
144670948
833840666
249524326
445562788
356826458
672362883
204881997
892728159
531323575
508858913
591743805
577361914
508182258
70397468
655382517
46201811
822270219
883863480
122459825
400759876
154167129
594211401
180743463
119746997
61553841
113843087
816644617
426165742
101676435
825808728
693090477
745521588
542276543
158199414
555841970
121095229
671555408
77881256
294207528
77236057
123559853
254006466
136078468
269412948
182236636
219259861
614734612
168680463
283883395
533620005
601881440
595913577
830503399
238107064
946540009
216669977
10071200
469953429
142806543
539330249
902397592
484271396
108559937
554992027
458904185
39893907
957802142
220938744
784697108
130990781
614226056
791680066
720592315
165741077
739159881
722214145
251581525
171185040
647404710
86328226
775950457
109133744
551747981
82515184
62313344
252354277
249170506
651355378
915264710
118291239
516274298
166358244
886932595
931264942
71759365
607512630
501532287
476800615
631360785
926028908
432137382
14477197
192395174
896091489
922544169
536276119
969997550
223695112
456415961
339507098
319994880
343974088
382893195
471980579
839621004
868461016
142048611
836722760
27680918
693160178
131719102
178043808
820172520
165018178
624494955
284060353
761898913
105851884
515767011
350461917
774405375
566989739
274628965
199884167
603881200
440237673
146731309
670858988
394777619
310431744
484997235
413823255
545511284
87877269
155342294
211639276
941342582
492606182
597404839
893017182
289242160
144179835
990509016
823301631
245460433
654403277
477225403
927228238
452743155
548806103
607006217
762458130
721998994
931438089
655182752
266595220
541726760
908678093
166894717
45122885
803426397
923706577
165615874
811158060
730796939
584485507
952854258
464425662
357578983
514175164
721008546
501094291
805296362
475225474
65395633
675506185
905013225
282531933
444592401
878596199
104351015
154085712
255987955
693533901
552213541
828188554
662202139
717069113
211395857
200955301
40223192
751053153
980134560
767086652
66716256
733263226
618866267
229115963
46328027
889090945
873114917
360271417
462070432
24101830
29946766
252933925
704729026
761291946
326004517
760161638
599516573
748223281
626265068
500211857
555850536
378447754
191950910
160279282
581682231
808425607
720466150
580045088
113505663
737376284
413291036
865964897
968939164
238064247
534623603
937115726
319605146
345449255
933609496
573020122
502843835
450892964
174706394
226986517
296793547
554062903
945278732
341159480
854254838
494690641
685692540
944473948
644755189
291990142
598552651
711654510
87717462
606510997
276389674
500099389
526924874
565738588
964413785
855415930
544040439
135243623
224569997
819129176
969496304
884760813
706374616
163426502
812282333
715609637
980143024
585361269
529162276
593794087
121490879
514805074
943224676
333820618
989757191
648285723
521165613
417426036
428663053
555163468
685087409
72455510
76330275
349278981
5779197
738413262
