2864726937896
12403407354832
8984952970995
8474560789519
1474673464697
12399332475193
406004273799
3877544664905
9893167652346
306161413226
12383695218203
3543255243127
138525326046
4335015435984
1235978900647
28655909573
4686986616359
16103697420051
848772643552
19318338436274
11305996546151
1440455231791
383730664677
5380605392086
4091482578595
15420524251
4602548261639
3741726495174
1404357714787
795799191252
11835306000283
598568043064
310048231967
18792976676458
2486013320730
25471908693985
2475646873000
3267653551661
5560031459850
9765300249529
2538300163139
364119672233
3896460047107
9510002623986
6411332499620
3945094275346
109997619773
1413617829252
9813124898724
11823419542190
10600611894908
3501458648521
196669460945
6199354876942
6235903773270
398576881411
1524458782707
19978378908685
7260522463104
17151126582372
4694212783095
5384938698735
3604633800781
1569450953133
559223984160
17701844501805
103213081358
374847837638
10170610614091
6625637092055
304366684232
3080216778874
14734151560256
4203232423186
1888469350134
4434410550483
332925155032
17434285599009
14795464286961
3335468507979
870411888538
5545023081649
12936078466566
5722408443651
5814818327728
23150772424291
3931174800762
3409071784590
5893055770351
1125213267181
9767752987659
8667735699816
1544061607202
22133385824381
775274757166
4828924470562
11042499483255
14991692031801
11934896767158
7580962213807
15498534699381
4661121175782
1897764295301
1177924716290
611336869338
1778072349336
20582040647662
789168705502
870897210729
19639383165849
4553358109224
392718021839
16841427666577
7989309193871
4064945371054
3342430902403
4032133003865
2782665103073
7204702293643
1022789429054
2419971252029
279806113650
16848747634881
2676181535256
10100210979481
550061668343
21224262581918
26111523923246
951780397561
7428389413208
9469926446847
448103127788
8712650890562
13076100399061
17367622097731
7678037689064
1301575177396
15808149486010
3299006387449
17359976000806
3169952062028
22203481776399
17434180811460
9718702492276
24759320622
3199070527383
449857064768
11073117938267
3190315236296
3233329769195
231918315970
3422728335235
10319102047810
11007761179695
8046163976037
19423771954207
5008165090471
5165748849827
504174238225
3080865793703
3581793085283
17629564349366
4455960971523
7936023451515
2875206128343
11908004898290
7430677364099
5926163406426
16700347350373
6374324726323
9435533937495
5149236609923
4402373059896
6046434894820
2314441532648
3470019344396
671609440791
5581365976508
1637802008259
7210502037811
187073726714
1874565164839
4575211839343
1511077253035
4763152405415
6940906857140
15097105214880
48537642865
556448736850
2482810960293
476791664121
1777987018383
2007198308607
2151309259400
3336322731112
4890907660913
9897890641559
563822904662
16210432307
231540131700
2834351082300
18216380209924
8921526914885
2925706337884
451549881942
1326492708220
55540151079
7497106892200
4974317166975
14999901434562
71803942557
4169584747885
661409154761
3700675026758
5039939418767
11477743389552
15902413038969
26924009774223
7917125981100
4489369163823
115983972035
1467233029006
4152730515114
3106222659664
3010062757763
107655605508
41002183177
9217360746819
4419412871303
3046812597972
8276926474519
6862433499410
1123463795543
20525154681855
1771322741297
23373706653491
865822609212
8420988397005
8385913320525
322342071557
3579939320974
2791300705075
24343937317595
8859278338563
8380722342785
994689222802
9195051368531
3782336577516
268622981094
16560856117537
23289147896392
1539497276112
20832711635929
341149897336
8669069953376
2995257209644
2514611305189
13600053527552
550782011435
1788955603870
18243095630767
11379170290679
6108064919997
312541630905
823456124610
11545008443488
10130511869769
6149507809368
6320396034817
1585031693154
6908453543975
21413655509069
111760784330
3261134254962
3898965818928
5396004853572
12645837744505
188865151974
22495358323545
21258531442141
7081495893781
15508942696199
19854222923552
7301409420140
7687166111894
10552448225030
11731676492292
3471886426532
1690624503071
4860506850167
6699430700649
19003373594633
11261147534677
144084526157
503089205813
2817279947950
19178880662352
6400748258398
8169686891508
15548084352921
14500171189474
817484129089
7857088500719
10245654876380
7246773299124
5163835554684
21805277667967
2755434394510
8534900706774
4166913874565
11313043127472
412762865323
13883889851125
16309982589169
3951832009
1600261659991
22724304600081
17887030426901
9850822562625
1343305980305
831214501645
334204159271
476160243789
3233561775696
2684226564293
568507037999
3333753167017
4255141643920
5661781346490
8275231632704
2043635546517
16100660153069
3831040439824
18591509844216
4726892195686
190689223710
2356636285919
5855713468044
10391339627731
3948765330161
7694976886433
6866706753070
3928825576188
5757626369550
2884666965414
4650423574450
902412846699
91256317153
161902851958
6080811500676
7727593943500
953371918286
1182622074675
2681182140926
4797168938171
7048982833760
6455794583765
17006142382245
3949329115681
4769495909375
3726552821757
7211158980523
19072460610970
3282569127270
22922110597384
7989105385847
7043895957147
6992472377659
20840087798570
6202206894697
8372012402424
4963671165018
1902959833534
3040940829784
9874601885994
3071708752200
10523234393077
6814349541730
5019641651980
8666093118310
18352509449
308244021951
4165618128854
322699999804
9175975432466
183175414203
11684447284401
10671644354012
146641039704
5985029330751
4042252427142
392011305444
584338576018
4475147569038
10419730096609
3328637364519
5881327063539
5905023771484
3583446333298
137183860020
15285970468261
7616618541398
8902594486684
6531123963638
4140757993597
13660813469509
17208856685753
678904899922
8220346661954
4436444289913
781983815952
13788421807855
12609095454473
4012328711757
8373788860681
6615567879717
4073607536623
16461798726427
38300782379
13083284820334
1916645607222
2978727312469
3842091572566
4423315781085
6518805566971
5637590751550
4305707406545
5974997482167
1550997929890
15074092706823
1772269944476
5250181107910
658004322204
9955936986328
6054097857172
1227316300516
5407236907381
1030870554231
2363823321490
20220865680184
13633603304084
1236548101775
3004505427240
5753716674900
18187157233634
16980481353759
13952569567689
5008206811902
17322654798919
1135146646635
15048484612913
6223739775626
1128706522521
10820954923890
1083100480635
18898985227536
8384183068652
11594931855133
9019258327857
2457857408165
9111170256906
14603998655755
6655659972298
3390151298025
1095244024505
9602685507462
1894328568785
3671898967556
3134091585016
25891427988926
4347003134451
3188526219633
7225726825416
12020996094037
9085908563856
12656516260217
12376040595284
200546587556
223051852656
107021474266
2099440717811
19652483873108
8145495227716
23681877638017
1376212695310
13890899339789
2306028937389
3151402275705
2187270839668
4925279296647
8743759495222
21346254919767
18465582200692
1408008038900
4275954940
409109075722
13934242522853
1016397762149
10533083670675
6639591012342
16704254697347
6893194420333
802096151695
3298838972103
1322618142984
8543311926803
21722834630046
15966093283673
12623227674707
7276657473200
1556285463429
6044916756012
14274396317395
12581160672754
22023918130787
1410460190612
20334994152965
16373852531309
20002549032394
6643266596877
13355248765712
21266372832355
13274934456736
6063597618848
3517657138148
1761077292491
3712225456932
10305031916628
7755169817950
13338217056478
8542022031538
14670717101561
4014073898606
3416592237424
4599038809518
4166773703757
9460548841100
13467917579267
9736700854447
4993633106979
4461758331240
8350359949907
48453117008
9144874162655
640142234260
20489263713551
4645276372315
4918729900825
12138140369219
2771902374941
2315842074552
168965754447
2248502247449
4619960671162
15906520837187
4847465937501
9671284852009
17787488509576
6282162875901
7225026550866
5513717981131
5124720116913
10290936984390
6823390725279
3206246813917
375484176535
6118969671858
1108039889888
10549864171700
2212924456998
2875599811713
4351161554214
677926032964
3131676778460
1441335104353
3389081801269
16553271000693
2021549450314
8324825329790
19588353837427
2408921068683
22843820086239
1700535909731
13114989163628
3086739573291
6553579048627
2223121989019
1359785377108
5842163174862
10744428357758
16814229509499
56496039310
1133104918138
2807965294877
1237522561775
1779848019835
11052498046047
5824900117420
2088335269099
7060596437634
1098577395485
514234425924
12438717390221
10869391818813
17759351120177
4711116969959
4944212721978
19731407023214
13104580572168
20098058562047
40179609890
6997572009948
684549339068
10739866142524
1106762981079
12770143925887
9235133684157
909652121373
9112483430864
13753291747239
17384239716508
7921884891888
1247433216273
8567465995376
12597229503238
2689301997531
11796630289128
7581927197283
20623203669578
972031484249
28717791628
9536961873955
10660621453976
17200206689655
20319060211202
5299719641720
5278505307381
5184887852336
515406006945
7392355195439
7446166750778
2459872006892
3867135137531
25790948820
11224766008195
965314366165
17106459980802
397766391192
23435796528614
302956123566
338153471453
1610082562697
1189621156560
3575918806380
365551266558
10015732979465
5607140166665
6985568537566
5231858774045
3532268685889
21912209722234
14461023607453
25048387625047
14027662102243
267892235700
11062717586037
17482564629572
5186524932889
15301310212682
7898970238908
1224192598799
7384811905615
15523518094002
891847474644
14782977593640
9353556864949
176609824974
2294928788915
1975976736646
697913659967
4289950257067
254950544228
7189856585937
2174027235002
6782229700120
9859202102660
1121542937280
3141352401862
2947214792324
22528056166365
5598356392163
11156875342785
5537411622259
11273992772052
4065445941658
13084604351456
17269805580073
4642275749199
276059401225
9328376043091
14954112254296
5480719536137
2348352694321
11163280295731
11301960787432
5664199720526
5820572116743
18694677103871
239092769833
15522510135944
20566552500736
11809253903206
1732804779988
502149909236
2357096097139
1623296652232
1381551023517
759388105370
2865168996845
6616099363
1606365611754
14362272209187
1290407186886
12515094023551
13978579009450
2585304885835
4498539005993
10715125621752
1779857008453
1163522613966
2201517470731
2648953880532
9879310960405
6205304798897
6686995955709
11744192535549
1789467946306
428189434882
2554071346372
152041924133
1049790031466
9592057207028
7610770361168
24736289912131
9452152658371
12768103182043
1390929076
2419482481398
5572415105718
8351157038827
14080158006773
5723907737641
7274380328034
6937741742415
12207909786803
3191133884296
10659304966858
283603890112
514623375637
1114814873507
1225810118925
9290251355902
14583680943492
22136915376656
10417829572299
10236291242161
2284118180972
2393586983913
7870993740061
4432663756383
4113245745646
3406873471130
199435360990
9212265821051
7107500458720
9569277640285
5603201251274
15679601554244
4861956228731
1904992464980
10417305734491
3277064229231
624654565891
7364434475631
1657883968614
4426873296853
3871821233475
4980204418243
4181043760667
9094364038938
5277364429787
850783137664
329684845885
90520093906
546181592631
4096831693020
21005148525730
2941127638399
24329123925685
153174776148
4863473449940
16945936786111
4656788104777
1846328103195
604324095411
2626875703838
3896531894043
23081831397
5368451054498
6774403314248
17080130559061
4555023100667
7743833911945
2401545824232
3174601469520
11635213494871
18817390073850
294331022431
195853789842
5456448273119
1362905859031
3297984519587
17304152806910
4100891101244
1120880192447
2584952789274
4411778856206
11715788969882
1912509374985
11186378307315
107783380009
13145831179961
11161201534619
4505034723522
4170571950795
11610706874513
1895630465794
18323283607101
5486694030786
1530361260807
21381503506006
359973716789
1829381789792
25884775770
3808463842884
7021554851919
7385302084972
801557167030
4817233106151
9557345078492
2006436738838
7127017118158
11598337609524
17400182643285
11219501409367
5007345190213
12567539960382
666029019445
4693094455046
280473895323
1205278277059
10914050443561
4382689656230
3954510975615
11080959144797
3793493449942
84145349746
4286843112187
5232265442438
2230930234555
14286131113150
792183501554
35366776767
6803606944211
18246728280245
19656715472182
9677289720793
9746999303967
446385908791
1939864200175
6027851198883
26147836761775
1375408892233
19386232854076
3468609623025
6046720702875
2966648795076
1247434981372
34831853023
3656889511877
3420280206445
663915573709
14340142083787
1740087840825
16322734897127
1236997379312
5230029316444
7992457526693
2808796320027
10447637493144
1594196866928
413020177790
4290590796828
19481486893302
9433618974629
155861464209
18467310909473
23407194921913
8267690137106
10059061396860
7093590755199
9024426807132
10198687296938
3734285509461
10281817639003
10970116474109
7864108976595
15305801238078
6716283688840
3315228650113
236809953565
4840491343128
2093523691533
4941690246127
7951997012418
23278044498850
11882789317933
2528159799032
13719349495361
4836100942541
5390477856220
7808942883932
7186765125866
320138336449
4581282881646
7255935381942
256259884580
1691988783145
15160100785745
12465580647042
2468638490346
9846894894777
862381072386
1808645451536
21333027797926
25146659800868
14143332152399
14067546936005
9120238443297
2088712362298
4539566706943
16539872465351
7720205824853
5226109759576
14750971466887
4054563642955
10918020507901
435025741237
11621465385756
827609374856
10270222932818
2590588082490
12887198930172
3615310561461
8376505819823
3645171771799
18481355051432
8187458997513
9628224041014
7113760061709
8151506947620
2783551409894
1515030474794
7611965331195
18297118294403
3407934160601
2207936286898
22775316472455
9185372433174
5668665307356
5916730642426
6199309398037
3187186886973
13233519044407
9488411770695
21542630034592
5356934472757
310206014439
9242807125475
14209613749101
11846773920376
8707741878065
25056369398176
7805918578997
328502355342
3706973649551
2376925089260
3832243657547
5869376547257
1491362599411
