1000
4357778 5774739
3458137 7361390
8130714 5760475
6434496 5833178
6935141 2160859
4100825 1376581
5092385 1017971
4479093 4253874
2864577 8246468
8008486 4812256
6828150 88112
123963 1494865
4167089 889430
1207751 4664902
7293730 6989082
4185625 3415104
7703098 3506842
6030404 2433151
3764907 9318457
3814424 5022982
2774630 6606615
5122982 1423508
4381595 1125398
3527358 1780907
4345532 7781718
7662451 2681868
69625 1448504
6076822 3976888
7295428 9176157
9106486 5336815
3387726 8029095
5703461 7918772
2940295 4791222
6437876 7244102
8791585 2749676
891765 7682471
1545996 2420841
2910263 2724504
6764410 5261198
9574541 3824025
9031899 2856828
8851718 255085
5381729 5872021
5951733 4529683
1636349 6189305
4713706 3635789
931167 3173898
4235958 5756828
906745 545767
3057514 5438913
2195451 8070516
2955991 1989181
9893847 4337103
4801422 9569232
483774 2836443
6217568 3874941
9189920 1914424
7220958 5328259
5239727 462407
7950809 6830692
2312539 7744298
772323 9893729
9874646 2778561
7468747 8397690
8360464 3997230
3051684 5736050
6361787 4545872
8063038 5837768
5583176 4217290
4279977 2625598
2909927 8456189
9181752 3312085
6600969 2712584
8375291 3006542
1553505 7308367
7766595 2184489
3490782 4065136
6312481 7166505
6209969 5414094
8515046 7896013
9921740 4667401
636323 4407383
8009056 8481666
8309802 5316936
4725981 1077723
3329418 1401697
9082357 2037108
2426005 3676194
2255384 2943854
4313309 8894926
7404792 9296427
7923505 2656612
6453637 4482251
7753380 7314726
4767601 3354927
2896774 7582229
9670957 3243257
7633640 8671345
3829737 716681
5106074 9884349
7379479 1513984
6545327 5581880
8436712 7460160
5417464 5924964
1759563 4075369
6034948 7169667
8009460 183388
7670181 197651
8604114 8382267
2167404 5589720
3264663 9535462
1228458 4375762
1090355 2626430
3471217 9865281
9541080 8507621
1024144 8258471
2139254 8920762
6499994 7384645
3866431 9038177
9003103 9285020
885412 5921272
5362415 5023212
883797 4848866
9070749 4628792
2925636 450880
1215609 9739967
7224353 616817
2152276 1138435
5181150 6986136
5300543 5844293
4973484 5903509
7371275 7189126
1626747 7595786
2379082 5478023
3202044 3794263
9375307 569160
9375906 9530525
190496 9093515
3019419 7525053
5172891 5321297
6086235 4155097
9307851 8056411
6671121 1204050
1952131 23210
2747950 3401671
2534099 656127
7891940 7572379
6314123 6964570
2041380 6797166
8939454 5539325
8428318 2866338
6920764 3221225
325316 5102679
9364758 9418719
1454662 4986478
992925 9008864
1044886 1936264
6912482 3045677
5595365 7537543
5698999 2836038
8065187 841483
9782571 3187309
256770 9699958
1168144 6061475
6407666 3855464
2333944 6365097
6817189 4374466
6292274 894208
5122828 9081509
4192465 5709160
9304023 2167411
1272613 9811556
5213943 2272332
205758 7158707
9134878 1084434
1134703 3221591
7647933 9111396
5894088 557969
4122501 9429541
8755610 2696929
8700901 5325174
1287926 1545354
2804241 7672503
465198 6611211
2685048 5820809
9308753 7344422
5913164 4383437
9421617 1696476
7792893 8612645
6404704 758638
1408573 1610993
3420205 5227613
4157180 7532498
9059883 3340393
271852 9793834
9066921 4038932
8437374 3763609
6793018 7797151
8583394 6929665
5600686 5436299
1705866 4336897
9488150 1119641
4247846 939004
2745923 1897162
6113448 4949011
3839942 2223838
70592 5826214
9287792 385495
2592864 9717974
9248466 4332406
1849529 3437572
6529597 7975356
8477755 5411154
8767299 8723050
4959256 9871264
9519667 1538945
7974848 8580495
9092639 2044225
9003237 4728961
3270105 985900
8326008 4990358
785905 1875331
5724841 1641135
6028343 1027015
3953641 3368686
8329918 5155385
3862250 650291
1627094 3674073
8750749 7421983
3276176 5074154
745907 5851156
1601853 4667499
4944028 6865714
2855662 5818910
523657 1019482
3411956 3380740
811500 9011118
272609 5464285
8007670 1957389
8617092 6657708
6449687 8912027
8891632 6686384
7439745 8649142
7382644 77803
1755045 1326209
5624227 5309470
4864051 5699805
531532 9024202
7240476 6950633
2801794 3419056
3423634 9164424
2559509 5897040
4407302 9067226
7905174 7053549
3733288 4517953
8690646 9173510
4337770 1491421
1765478 5555037
5983613 3103375
5190935 3921266
1571025 5357305
5988986 4968456
7028119 6772219
3139297 7551518
7873602 8736822
8646747 1561719
128000 7316619
646970 6742546
9427525 5971484
505872 3796017
1829184 4104265
94509 9451477
932066 2002868
4787489 3848766
1413085 9189181
6512191 5492718
6560802 7233797
1192727 9792935
1966049 6300654
7714682 5369704
9929356 6362263
1423225 7294707
80724 7137252
6334181 611016
8918569 1289331
969423 869162
4043964 1956647
3433864 6395800
507007 2953248
8386466 9228629
2180259 5689280
3981676 35168
4869016 4365350
4298232 8588794
9433360 4132022
6079896 8203942
6933628 3784462
9564 3384228
8386828 1874833
1678484 5719540
4986929 8035807
6085331 6029784
2497694 6978009
1167593 8264657
3278401 5729057
1802727 6444576
4887630 3046167
5607454 3539014
4882228 648029
2984351 3757571
4535076 7910995
6718523 2256345
3988880 2012826
1510915 2240138
722473 659091
2872265 7221140
66783 218848
998428 5471675
4981348 548065
1979983 5466495
7698344 871095
3399665 8406304
5689309 4735172
1478229 4060193
9060596 8676136
3499659 5864769
7376285 838341
9354595 5130754
4176842 4505018
4731760 8806308
4772011 2085482
4471554 7107498
2842674 4021622
5522730 6992723
2792591 1181757
9614137 954658
3572788 1837026
3514561 3437526
906450 8562246
5197713 1784433
1014873 5176329
3625531 9352883
9197435 2647564
2328081 6882975
7318568 9640688
3825058 4799860
7334546 5654039
5420225 4788405
8064426 8316833
6423293 7752609
1204512 1096175
4777641 7847994
5538149 1578915
8978005 7681600
5990956 9688477
3805522 8234806
8447075 6735870
4200625 5230043
7345342 6960168
7637571 3649585
6405804 5079610
8137753 9937913
4053470 7984792
167684 1030068
7699142 9305312
2402069 3484835
3136533 8718837
5398046 7582150
3884091 6958712
1612206 4743648
3707882 5773640
3140376 5806064
7018259 8081544
3514475 3865144
7375974 1603993
6250234 4164153
2461652 4007450
2217557 985395
3138959 7367406
3915981 4694569
13192 7799861
3523314 1287642
1216880 3951313
1853719 5229512
4941110 8839650
5077069 7025204
8468366 1060809
1838691 3973535
9292647 6437288
9381227 2025673
9215475 2636254
8415926 6829493
8970914 3019791
7023318 5136290
2985894 1551641
6012058 475666
8513263 6502431
6857877 1763526
5259823 4987521
2999574 3813183
5321046 8623329
671536 8833597
9594647 499359
7828019 6784963
8824800 5311196
8067119 4282640
2179300 1000825
448759 3547302
7374868 4117912
885659 8083014
8592673 6182298
4244076 783217
6747131 8194462
6994556 3557095
329299 7036423
8011930 4930091
185115 2020085
7369688 1900924
1343492 7710793
7646600 2490204
2727935 7234597
1973817 6183820
3563835 4518761
7380158 5785996
2335916 4024375
9924646 7527711
6330881 7089903
508100 3424452
3642284 5553458
5627176 3572669
1012829 1992673
4696611 9248139
5194373 2084510
6108486 6203887
7683415 9509193
1320162 4153450
921410 5126788
8786952 4084284
7812983 9415342
7604745 8609640
6828136 2023275
7704438 6621997
1240006 1772953
5215264 2453901
4827009 8319707
3899161 8832073
8939979 9856145
6190256 4194913
2250389 9123804
7135224 9466520
5274126 5087134
2951232 7870189
3839530 1745911
1093915 3499042
3982744 1206856
7170265 7734072
2836298 8524339
3571979 3615728
8302320 1892632
9928322 2549194
543100 8034201
9221583 5609737
4875806 4553109
1356099 3286572
7676873 6144687
6781679 7915381
3494059 4880328
8459044 4188261
4046519 307711
5629556 2274877
9160350 2980663
7746094 5176957
9680080 2397713
4242917 314856
7680127 8312172
9550184 3419133
9772700 1316971
9796554 6856446
4553687 8599791
5611995 2755436
9633570 9494167
5868844 2394760
8545197 9887302
4384525 5478994
2840042 8844957
6045457 1943180
5306121 4075515
24712 2871224
434428 2506755
6427652 2605845
6411763 5586198
6814420 4580133
7105889 271827
6645898 2145832
4078836 946973
3199863 3448353
5482400 9937173
3663021 7705039
7684371 9922202
4540411 1701428
9622977 905295
4599668 4309905
8717785 9168788
1264232 7487591
6507852 4849931
3173863 246903
1756621 5166740
6220868 474689
9710538 9939664
8432015 7910919
8070007 8262561
853017 6194506
2377667 4207143
2389619 7174091
9758431 9590083
3701230 4781707
4314685 6625302
9743004 5075787
232718 226434
7318476 5250059
982082 7968168
3206928 986510
8907147 624871
269498 3295315
1690457 8165986
8331097 7909788
7020254 6644857
7780544 6825705
3285131 9126478
8563455 2924669
9806864 5599937
6809446 5091287
1494366 843635
2248584 5201082
2908200 4845253
5792437 7158437
6323036 5190617
2291710 6857433
9740462 1356559
4659636 2752345
3473165 6264969
6787048 6545381
2831146 4414759
8174956 6679293
8229240 6001034
8459087 4115299
7255973 958483
9276259 8298136
6267045 4405860
4246074 5039581
8613031 7824349
184739 9196339
6015516 4896928
5557937 5052122
5257782 7143181
6021044 2852437
3283942 7912773
5523772 5955555
4752604 4620073
2988316 7842694
1669002 8975579
9744484 9247103
7195680 2440251
108389 2224590
8438672 1456747
6622000 8791990
6782858 4701898
4164630 9339062
5855873 5819387
3826601 6037776
6852515 5241439
7482040 3159877
8445155 263574
1485269 209942
9703922 9236097
6179538 1631364
9902145 8500929
6557502 9632975
511232 8754104
7298924 2451193
2218144 2826758
7124972 9280580
4216787 1783820
9215759 2061870
9304458 8571116
2299750 7442683
4468469 901382
4606657 3302827
9229830 3768187
2276532 7010686
7933678 3423917
6626957 2180470
8000925 4335036
3500510 7297365
6572740 939658
1773944 3573401
7492053 9394230
7723372 7053190
1686657 9337763
5071500 5202204
3609785 6456818
2533351 7121947
1097388 9550338
3636688 2797701
6677710 844534
1564247 9398555
6208206 5311919
1555916 1983070
5804062 3775692
535234 2699151
6315886 9860144
7435145 1906735
7646896 6989692
6689074 4529022
4330260 3538575
3255054 3195774
1240332 3752332
501294 2865136
777545 1800404
2353507 9861589
9071291 9887366
180287 9347566
5374227 9738757
4530577 8360123
6438596 1999089
1005803 6627966
8563069 102956
9114271 9900601
7916207 6378070
6539709 5361067
6332044 3830096
4685717 6211797
8984325 1785404
1381178 6042362
6115274 562554
571132 2323609
2047180 9631531
3922284 5704693
9050814 622385
7065819 4181773
3389327 1401260
6533722 9019427
4764912 9982205
5390522 4151864
5025235 8075717
338060 2539660
2764265 5307878
3991841 2281634
5601186 1493120
375051 7581113
1576368 2052725
6070937 2637267
7975555 3212261
418654 4598193
4561357 520113
5202601 1029844
171263 1883771
8989069 4444540
2566217 7223203
6875866 2515628
4691229 4500554
5294369 1564707
4497067 6835281
5132339 8767331
5201509 5341274
6328481 76973
3894395 1401797
3441724 6411778
4257887 3507764
8975253 7036194
5751618 2453767
2060925 2901647
5631252 3930207
8322693 3388171
5231878 6003485
1724543 71061
252811 9668835
5971450 5718895
998866 5500945
792905 2846233
3914956 3296969
6353404 5924694
7779627 5776491
8908643 1495461
2847712 4147864
6470545 9670216
531227 4246961
6897750 757440
2307534 6709720
1744835 3460942
1924393 8184941
435113 8382323
8055582 8427537
4385561 7839599
4146782 7076646
1286372 1291589
3248345 3619660
9901851 9229236
5100864 3153381
9705360 5588926
5130118 7147409
516306 7097251
5659737 8284849
5528372 202214
2145325 3906790
5898821 8486471
8843185 9009298
5869528 5110470
9002454 8750549
2971133 9410341
3247950 5111568
9525124 5974885
7275274 6145381
7400064 4650567
1584698 3095348
8257985 4320587
7838672 8085662
1089368 1261108
393853 8657541
829846 3290625
1852209 9110153
4494988 6382708
6923933 313995
9093260 4892046
5601460 3912493
6494373 8325776
4074276 6371919
6055594 2717050
8420577 2834323
4815146 7309967
1851418 2078936
6582776 6609742
8738368 8988353
18723 8941817
4103685 3258415
7528830 474769
863834 472641
5120665 7327190
9738863 4179418
6830277 8032971
7673654 1089435
527635 7350959
9046367 1557091
6450132 6461956
8757980 7250773
4865561 641931
932190 6627409
4074547 2326469
402773 1257081
554419 8349683
6627955 8667949
1640299 1358357
5728040 4267406
816746 7851246
883622 8339198
1419267 9283197
2445661 8093
4827717 8268548
3840383 8651980
4838275 5635844
7616509 9353517
4242509 8323901
1391239 336288
7917555 1196210
8911119 1125446
824712 5218210
8950213 6861441
1606748 2900367
3758875 6647408
6331776 3688378
6455105 4720759
7100614 8480036
9302697 1819956
4160829 4343438
9948036 1687946
7444151 7867000
2198338 2512793
2197189 7088036
2075413 440387
9078969 9500179
6197741 8955304
111010 7409286
6665980 3636649
8275155 7005054
4326451 9587944
2519516 8853564
8420418 9089092
7859214 8018240
6648987 9847393
847993 1269580
1392494 8865693
8734832 6357473
4993837 2583579
3373059 6644672
1708808 6889147
2640643 4513002
6497521 8810783
2195970 4567711
4387225 7089191
3193167 5097186
8228592 1991924
7106684 6073458
2013096 5427687
484571 8905937
6789169 4138146
204667 4359744
3867581 5474821
236079 7719232
4849852 1959346
1367046 4380305
1284320 6764424
9035603 8152501
9655962 2741035
6707878 5580014
1462170 3509881
4530128 6516795
2336722 963093
3108193 128093
1256306 2017887
9491628 2062295
6481260 7611512
3592770 3348713
5541361 9653058
6573682 3952275
3709041 2052573
5404366 8559895
1179037 9056555
9102503 3918710
2801384 4670795
531983 7196017
5743233 2745632
3220437 1157384
6463577 6937163
1515660 1640190
3924386 8787244
5913091 25682
369996 3420388
5132493 8718790
1704586 7616340
6120378 4885595
8281546 207390
5944027 9441490
708416 5555106
3841281 1271852
3659226 3601281
2363453 4132905
1707084 487581
3360864 1438155
1553157 5123094
8941179 2526547
2491575 5622221
9538527 3627842
7866578 1280612
6807326 9147353
6944775 1880891
1672583 7745945
8992329 5707891
6622509 8637122
7790407 6373358
1541471 8008278
5479282 386380
5901744 3357846
9835900 9220718
1208304 7423235
6814294 2576758
7514415 9997278
1531312 3401156
8108224 2278567
7558268 4209785
1479219 4118049
3623786 9777271
85337 337995
5166188 9358558
5133763 4985447
8851123 2123279
6308163 1127926
9567535 9590060
9235560 3910328
8300306 451733
9140996 4023728
2286540 1401963
579497 858397
4687119 7768848
4743718 1525633
7469643 657316
6083854 3862941
1831602 7925512
7567665 5233906
7784117 8618462
7024159 8203585
3480708 2957702
1051179 1759114
8414353 4308001
6001381 3451408
4444556 5889552
6143902 2851666
3017703 3720181
2976487 6399378
7572178 2305713
3436689 8184400
5712576 9833443
9854765 1544527
734943 4026478
6578445 2224654
2386978 3794802
5995712 6669904
7669434 2214097
4165145 1869076
2318744 1694379
5659559 4504348
4551275 9978081
5037885 4139112
4112807 102292
7567338 2006843
3701499 26790
5677569 2704404
3859417 3874744
5265938 6539830
8149233 3782185
601198 3203616
3183669 4167580
8257446 2851476
7828437 6216049
4408203 1232146
6167363 1698634
1586990 8504797
5563056 1829254
9975904 7420148
8716556 194505
1544627 8300825
7719817 7665521
5490806 5851853
9005719 2957345
3302204 7994833
8719208 3989049
9135828 162470
7771116 238043
2995025 5595277
5739093 6365158
9053571 8629766
2241428 4087037
647034 2250451
7584985 2942977
9836297 9273973
9166358 1615506
747072 5338669
8473979 3971857
690544 3360252
9522938 4952735
5373354 8633634
7418820 752158
5092159 8900257
8792649 9665966
9174209 4771386
2384955 386737
2198015 4666990
9363338 5634118
1556747 3886078
2043240 8495440
1877175 634859
3881541 4244976
673170 2892149
8366931 6235270
7477487 8261023
7426051 2407347
5028446 3424552
4821765 9298136
3624368 9229842
838346 798231
4997109 4475421
2435205 5611344
3155712 7429836
5289765 1507748
7339361 7104222
2389851 7261045
5855338 938582
7901593 2227683
7663018 4075891
4775696 9084239
399347 3594935
9989552 4516315
9628118 1229666
7587755 2463079
948261 8812279
3180017 4447636
9342063 4965429
1493684 1764164
9134343 8427807
5328100 8344599
6317181 6380148
8075571 649710
8545185 4071605
2718226 6409195
7738374 1814693
7443249 776686
6253948 6069700
6873218 3954584
431764 7313874
4539190 4416203
8418975 7122897
