5854738975725
453148286469
9196620991843
1643922958139
2337481230708
6496055681600
463508102294
8902314086429
5818530445392
3219954843548
10312936510941
3784848876811
16957106326630
7502928333509
2257165798817
4771039110705
2839320228545
5746178767548
10413892397883
10051493453981
2119551367485
2801577232175
5575325315466
5592155881171
11554436818140
3476680550195
11563529684636
3600518527546
2083904276481
4918327866890
6263309753300
2093590661782
6000420438058
12287560430803
3022491215767
3161280873264
13804694831737
98744745484
5594903855107
6879524527452
5171100845100
18649870848412
8944527638380
7435709942508
206994420374
9457642037172
272381751499
1355440812503
14465193780898
13517320081321
2540204206057
12207508043223
1757761372553
1673357239795
476677579849
10147249646279
531741978238
5522603154181
1636654203824
8063480577985
12681375195079
10138964260411
29525277933
1944358025234
1758476193196
1385217336371
8635280992265
7465330050927
17076766586961
5158444776554
12357986112480
5458606410909
247623445727
706434605404
24521937775250
7334856614825
9885198104679
5849721689229
2529738527020
1033780333869
4256059535443
1034500190305
588908710486
10658413618257
4802293543502
10205989466706
296918514100
4216881768066
4973343760379
7999914550042
12124418966282
7965900211624
16086643231408
831250892883
6066936878090
1666655132282
14086003913015
2276327076898
5275002672549
11162103529097
14170591792886
3806128435215
10127314354933
3197424977430
2869776328412
1311372688110
10536294889413
10379270304158
21357120745124
5613781823770
1605058556723
19892409548276
1475104200045
5900004362072
20740554286452
178306988605
462987765795
375426783743
12006268772195
167574197996
26541594478971
13717794300928
1295998468239
21817236467504
697607775722
10177165537216
4305544612888
114468975446
3744530496107
2305033285200
5205276385465
956997826011
19394931238652
10904773637955
1239488811760
3517792226507
7324758022758
8777399045264
8449425630346
2877721081670
8860362593831
5298874332436
1785983663599
3463025927297
12598462097901
2469678090106
4465729227516
13221452068165
16569566658591
8290528646031
9924730902969
669237714250
542424592684
2065892905516
5668123432013
4226849448943
3412311348267
9696618026383
5280685069478
3195755585249
7005730524974
3979213003634
8036902746676
9905277405394
258732810733
3329082986149
7750207431420
567454198698
23362589321908
8734386180271
24549731621727
303835049181
499845126414
3048397482319
9214844824681
21517424642491
54993357908
7894739509702
3454247811062
4562568182415
232458558703
8290567998762
744739610093
468699147501
10659386443880
6283550105111
5705529113308
8115972485574
1737686665539
2926992004418
10761561450865
12367279010533
3132279036325
2050736778727
6062069078183
6925789758404
11289570744687
3790689616812
8134757734762
276953141218
672551812434
14627265754305
1741442065470
13079486975339
1433463337609
16650637042286
462344127842
132319557822
12231925970215
311637555030
1621514837982
2837101147716
16203938217533
11128675371780
5099154429351
3460830123911
188496941646
8764548098449
3633298381914
516876071049
8007046187800
9562338040310
102926143734
2197133399863
244719548762
1090432183180
15435508322223
4850484959347
2653268121174
2619375749272
3548872291539
10403612711677
11725486454751
2104876092662
3134761282220
19599130733879
89037692114
1722655864393
10221314225187
349524455246
1444740715903
12810420939585
5003664517815
5674039219061
2293487742935
3464681183854
3429076099892
401031400484
937349582227
6031816269064
7890818425085
1413450073001
4126776035968
15306296748730
1988315190161
19418295607445
2888987287725
9662938619402
2462633038092
4859816406147
14212450925749
13941576835172
3552029898521
12888074370450
7207706345868
9091597566407
7854219849213
13783515447690
15853601759623
92533277624
311729591434
1125300550096
295443605733
11237134134781
243346093614
9102314148582
13462555886410
242333827068
1838186069096
4834683359045
15494025122078
3172510253486
151921857016
3060224389258
1172122844002
858703342017
22887677160481
2881210110016
1834325495052
2875981965622
17313235532683
2117361551285
1924669964628
1346111034663
1862817585747
20282624922
1055517905767
5054773728157
20008541447906
3434871487186
233760550421
22496474524750
5161525153094
2174411017050
435319642490
12023676080184
3627330943446
1968479979901
1868425330479
651438960208
1138509057391
3898854398930
4893123943470
121682196325
3624568990195
1197814771704
16697203055318
17485327978754
12726470954648
8328119369695
9376310169389
108507614394
2215487116154
24076757900387
11093421992843
1311317105798
1914994575228
800685429718
5174980051189
10247161737843
320294007993
8046217783741
5269482312913
7161377893654
8468126844707
3796226393739
1074431134729
3659476654159
1502115984120
2817893723080
2076647294820
165364434136
1516349660025
1808761389636
7754853520819
11341316542531
14683168909431
721239652306
12199271664975
13403252363862
1395097445617
4348718951131
4840989651033
14016575869047
18304651124129
7894723579522
1371089383510
3623334630816
11011237959016
12490283429715
2188735473085
11046290869092
5926730098212
4630339672915
8188696122605
654702563246
25688901133331
10985548409879
13711945173786
4088157974556
4759682590360
11419583665404
2442273854250
4663266870353
383993980038
3846783206605
368122547724
2698299236514
5878707672624
8658103857739
19484517987716
5474668432671
4320771451191
11383007547305
304434445291
4380346390666
20636046489920
5432937281138
1238486298642
20763981925313
1781334446792
2511837610195
9142635019903
6832316592349
5617989031166
22680374436865
2150840997839
11428866809726
3751925692335
4906384254732
271506285048
4319010499614
1339279418014
2529948207543
113946443453
16272020963527
536932936684
9946641484251
5018584696516
3059059969865
7753171423652
2564009153266
3368744179816
1352338101016
1693179862760
1630656418109
7908826462341
2693287942991
3142293645266
11964549209985
18821491180242
15658142250041
11221072393072
960788126735
5680983600668
5520534561974
19501705338
112514002589
4161002999388
6416702976782
1522466710475
7903203688064
24819855660234
1038048851379
4299433054695
11962329067445
4631794649521
11535520156814
11221384388807
3386024530769
11853294842879
8741906127552
2608628949611
8656388146551
413735585469
2659993458885
3243770881613
272421275420
16045304123426
1973028761819
12730046099547
764224407638
4183407944635
9586244367464
5760102641937
6507155171183
12275471590238
20077118535338
205140858572
4272424083733
458561373894
7226846346870
1219934403533
1438039854212
1335445809882
13082133543783
1368028530438
1899599348397
8374380613064
182635753110
296743172535
11319025639639
2173976378049
4437701193706
9575321292181
2717013638213
5632667604076
8338348762474
19368260270452
194647387027
13612314375032
2032184983744
23767026563753
313449998998
14127573392727
854459773395
669679012629
2226456977758
6316645312534
226650219249
21395567514253
6923869007515
266587366356
417143139311
23452103291825
329300387550
2834605414228
4525034376508
10358628252958
13820161590663
20090174376257
16060859677959
176582086812
2485839653645
2281595279730
21202419960153
2231214335532
5201143803365
8322809694536
4391264375206
12333958255846
2631046732719
6624248492552
3181873091324
5057343905246
21029692614620
7974414017585
9279822003
53809293149
26839983892
1523693808357
4765115626498
11778416254663
4836819264436
358128446264
757240313831
8546221032715
14258630292347
4605638412780
7707468904059
3314383518112
5511500532317
20356762472463
4510771246424
1420573816657
7535689007093
4505517469958
26456850409786
951954241043
2475959882412
2409486534927
2219481155497
4889191621308
1223248096151
8120536520904
11175320061316
1170344530068
11894754543597
216073274687
4413943881411
2645469119023
13505508583166
1582508541859
9721494424687
15816728069287
7393645411343
5085890122453
8170619086718
22979342513410
6335792447572
2614390212082
5554300578749
6855317432237
5307265358460
2093237979625
7982326502362
14651657673152
552145693475
10487533654298
6821528083946
6748069693062
39264967392
2661359286725
14743578501363
28082218955
2228644766602
3454140672855
1842150604360
4022679419313
4932335267267
17073962507307
5458300089030
15650327223830
3175315001537
5602897640959
2121301624058
11299464285111
936329249597
11292932298651
2941123655093
6865284891806
1863336648884
16924104553113
4100972637308
18757234805939
5362601223006
1518574683573
12054666768765
4816654486119
8223801616405
6199946992928
17407252310656
2074993588054
18133597415530
19526987662518
424019664746
5984300243141
5847473723899
2992828373277
3987906749968
451952751356
14684765851239
9821967667418
3885257471673
12510662457957
383251519013
1949740435433
7218715326097
19864370319869
337982977508
11044656446217
18530820879124
15135684871468
6034219612384
842535792230
1897471376968
1566443996075
18307749356834
1074327755123
2578205786638
46137914579
18599014385291
7065938752185
21041975306202
4204806504865
15481515025233
106880961849
17187031180142
3439539205205
1620900434477
9045418681001
16674964441629
4185703570903
12724022706855
2324394748438
7037012824808
20715154782027
1978236724799
853640256
5662537946474
9088859538024
14981774660987
15552127639540
2281222979291
6018415100514
4545992068352
1229164670480
10574075786484
1357908566250
5921877092225
10579998867
4553082425223
1046279950179
15541051026224
12026704583812
3872801477154
2674298812210
200853561582
16953933089268
3353869043234
3838171349585
6702771242782
15823437348966
11972987820825
13318974611663
2993042517554
11688572072841
1816364654568
13993942616958
7849321138571
10267627615654
11673026276759
4709206130797
1816511249254
6016395137489
6653082022098
14577903146943
360149618071
7697102767540
1206531566057
2141821899991
6416452699519
2870976973250
4801146111482
12829725730881
448646727639
2561047051111
16622477221934
11998533944483
4391508463357
5184322653378
24867542855095
595894204202
3084735547465
362376242618
1984682967821
2782989806698
3195473197552
1828802265487
5486868337977
5119971244561
3718089649901
3992950334941
13571993104433
6470684171744
2374363205726
8379356767449
3311496379807
1294370207991
1392709247801
4304423035905
2216991494058
7540201351563
8539913400215
1072461663993
5163039539542
1691864784285
8996257547447
2589198097558
12670708900908
10740921046446
7563340663973
2817736190346
2053480449295
7810688501636
10340089288502
524151137731
495898265289
2879940721237
346257886761
1694104176411
13790370405964
8344747386074
9205414933805
9782495559550
818845863038
1588849646664
4301088413521
17351416616745
13044263376397
6376028084006
7267510683510
4035965478361
10574014410740
2093319648618
17189443715451
12642005611930
19447060200570
23089546534679
956071895736
9498793264899
2218577627577
9172316005186
5244050217281
5858543756883
4084920035727
2140599249972
4085872593596
1689490128050
11432794951273
6584095200360
18367144411436
18219281688075
12722243748544
12106506710005
13289629819725
3421888965195
17400356435811
5673201690639
200965969715
7503717116705
6183015847803
2677295509117
16799533848436
6225774361327
11953380124746
10916170341309
4711027184072
2874709162465
764157733767
4864534055069
14200962685940
4843205419662
8591656398728
559223648631
13607680773666
1581389100347
6955457622253
133982631283
5312458954684
6099854459596
1521653097729
4993595216489
350428169034
3859516022148
22138622932598
15414754953253
13225445921491
11076078063473
6037126777251
6225393902036
15243438866556
481749741399
15112722063436
20157003498802
17944004778919
5200667802150
4626281918795
11387188336886
195283053456
15618087683160
509823607181
5080621132098
10097615398683
8285567726066
3177689393095
20172816618511
246945356311
3823840884577
11821429940506
11728013648386
4848423145207
4029481037481
14657452473040
726350011766
9144644501255
1406367305867
9764999216098
9801813338985
304352286478
227627985493
2038430094957
6227346787347
25424922908972
10090146581838
9789976159205
17084045734574
1655831347077
6547736171323
3971441580821
1290526692139
1112369113829
14459789261216
30154497386
11002251889175
5219131938525
1071779105720
3984054485771
545014812907
5284272965742
16132994405719
5215652194866
234201808337
4692219207734
897384008467
1036743548237
1364319724015
1032662437549
12528114003640
3709044892786
8307533118805
2713028302476
7557892705854
8327849386594
13460061696355
1200820830561
4452720046554
5208192945836
3005611034587
9091203679982
11576993758764
11992105055451
10579148835680
7407614347891
14664506209464
14156289864079
1659016731347
2012830336053
12258135799771
11619829640939
785585432266
7454538553273
8330877520569
5230562272968
5201795195964
107744380683
14963900449768
12379281299299
11994835769011
2316985429406
1907949707041
7329355526651
6419563110182
13069451425951
6032782816994
5293908583055
15512658099476
2938220701496
2527587573802
602816415773
1925405255638
4116121047948
324788859945
20277539921782
2368243583779
3478693490347
4823502966643
52131331129
2935919398135
26177909797918
1125255984559
6581451405837
7381285900245
3755671781761
17579292818379
9021987721637
4408723853915
4072825682919
16618516598029
7408771317896
7208913051050
4619758310273
2831613149725
11862945807696
279112133002
1251590689430
14197472643122
10529471585121
2130288677845
15369898817838
15449877216187
929784693762
5966042842369
11163851748921
947463060743
4103356682273
69547087206
8715231729808
9206980325799
8152022219587
759293199730
10385559891609
5452070628939
6993341882570
24924397305
12963460982310
3473736054476
3104157758951
8555184931682
7202657269854
8625990086843
4889808906844
17319426329971
7561371160731
12628474580061
5679385050745
3181354078307
6789292210227
13949331581908
11689162500875
15689944154934
4132799783152
2651254377391
944138847523
2542652053548
3963796887169
7802969731480
6613545304992
2513100504628
9178505023670
21931561824141
22750004535719
12995169493884
9843913769829
16802450769232
9708915498982
4831638531672
18291968266490
4174956265594
188192950421
15515928839404
474297985599
21119935351775
168812211076
1642441954393
5388775227428
4745008910585
7086266618153
8050795954246
4098787531236
