233 1000
197 225
12 112
182 81
52 28
119 57
199 102
169 136
90 22
23 177
199 39
185 35
16 84
130 3
79 233
108 32
152 59
45 138
76 60
178 130
79 73
160 150
164 9
123 73
43 11
219 137
76 44
111 166
169 69
213 114
141 33
162 120
199 79
146 177
38 207
68 204
116 177
182 61
78 44
208 120
215 51
19 140
142 81
231 19
36 70
107 218
127 66
99 37
40 26
83 166
187 73
10 145
168 233
88 225
135 22
89 57
25 164
217 40
143 117
193 120
75 33
68 13
183 214
122 60
228 3
105 103
180 93
68 29
153 28
72 225
68 2
220 165
143 11
8 63
108 95
158 118
59 13
230 224
212 4
27 1
161 69
44 80
82 56
178 87
213 30
181 18
53 86
28 201
179 128
34 56
122 112
228 29
95 151
8 174
124 118
200 68
21 190
36 167
6 209
188 128
181 30
70 203
186 85
15 60
183 121
49 11
66 130
89 168
73 18
76 113
153 56
60 175
151 184
166 48
109 147
6 8
78 9
177 138
16 96
191 195
152 145
188 212
91 194
188 170
116 73
122 149
82 113
57 172
119 22
155 29
116 169
218 131
212 180
47 13
133 175
162 40
32 175
142 70
183 94
179 213
86 69
54 101
187 165
212 14
110 37
188 71
202 23
144 164
207 26
150 172
200 117
67 77
38 96
208 190
110 56
58 57
54 70
231 205
77 38
18 32
223 219
89 211
200 39
217 40
182 88
50 226
12 50
58 192
36 159
9 30
98 161
49 28
84 11
36 149
75 173
74 99
116 157
105 164
105 57
108 71
221 212
208 218
220 80
71 60
110 165
12 190
62 42
109 131
110 214
101 106
222 31
66 146
230 156
13 138
144 166
5 88
74 95
107 54
209 23
146 171
134 163
107 174
46 219
213 176
77 61
65 20
34 38
142 51
55 181
67 154
3 106
183 15
181 225
224 140
13 163
199 133
124 26
74 219
5 62
22 18
12 194
52 22
35 138
51 210
52 57
212 190
215 167
161 204
11 161
160 213
9 214
1 61
158 147
107 106
231 13
222 110
217 124
191 148
118 96
53 207
188 156
173 112
191 97
46 211
202 226
131 201
75 42
47 150
22 201
178 141
230 221
152 93
14 213
186 161
85 192
99 102
54 166
150 125
116 6
91 61
114 39
159 126
41 151
222 121
54 133
224 56
199 106
41 140
89 157
34 115
66 203
193 78
62 181
159 128
145 201
125 31
44 37
183 168
92 59
152 70
197 128
92 45
205 18
215 96
97 117
25 62
119 214
127 110
183 190
19 31
134 119
57 42
115 4
59 176
159 42
5 187
199 46
131 102
127 62
160 171
209 49
5 228
227 21
34 8
74 173
206 102
109 83
78 31
206 187
159 141
161 60
209 146
221 195
5 233
38 219
105 21
71 83
208 68
55 56
91 23
212 179
7 63
146 60
162 98
152 168
11 106
142 63
217 184
119 156
44 1
158 167
146 31
183 225
143 176
107 181
159 38
74 54
230 36
154 40
62 73
229 99
223 206
191 233
193 28
110 117
143 179
49 1
77 202
51 217
145 224
166 73
79 17
65 64
52 103
80 81
214 18
151 80
109 170
78 136
98 219
50 112
44 182
173 226
133 104
49 144
86 146
18 81
133 87
193 148
209 89
52 168
107 187
209 195
77 78
132 69
208 128
14 61
215 159
163 204
197 138
97 131
70 140
216 97
183 77
228 114
230 122
203 185
219 61
230 193
47 205
8 81
122 171
42 115
220 26
139 33
100 94
108 13
124 97
49 88
222 14
49 138
51 206
116 20
229 72
59 120
53 210
203 146
154 133
43 233
71 60
44 117
213 197
67 23
198 96
188 94
152 20
52 87
229 83
77 210
169 90
74 169
16 97
59 79
123 85
228 178
215 105
159 73
108 45
88 81
189 126
36 59
129 21
188 109
153 175
52 144
119 166
13 20
5 25
183 72
215 32
103 35
105 7
133 95
212 101
34 67
198 102
142 59
85 182
193 84
158 94
133 156
211 138
122 104
161 9
45 144
232 56
170 83
1 225
179 124
183 57
230 44
48 19
36 164
129 191
149 81
114 23
116 224
123 156
163 17
131 224
154 133
78 133
54 20
158 38
232 200
158 157
2 213
220 58
221 112
208 9
109 29
151 31
109 37
79 133
169 185
74 62
228 126
162 184
202 137
127 119
163 87
220 153
144 99
44 140
221 149
223 175
166 211
77 219
188 115
90 119
14 8
205 137
210 187
130 30
135 190
16 169
68 15
96 112
17 146
92 11
74 29
170 140
109 161
125 94
111 15
24 93
34 139
14 118
152 42
45 209
156 93
53 164
52 35
132 59
41 168
218 157
113 219
231 185
216 13
119 65
63 148
143 170
229 46
141 131
168 104
41 86
182 145
229 212
177 56
215 233
159 119
133 27
141 56
91 228
46 19
76 134
79 117
104 135
164 27
75 176
98 100
93 214
62 121
77 61
14 214
43 145
158 189
215 185
130 137
183 76
215 137
18 138
108 29
199 168
231 223
63 157
143 163
98 46
179 104
92 39
181 172
208 157
199 31
14 175
160 125
29 32
109 25
40 48
209 102
134 114
59 42
25 85
187 156
159 196
230 161
202 22
43 136
121 233
83 174
144 150
198 30
76 21
216 173
212 31
160 225
70 39
166 225
132 50
11 26
209 110
178 28
15 211
98 133
76 143
83 44
155 211
36 136
144 1
11 146
143 137
111 75
12 112
51 44
162 197
122 138
217 35
98 39
67 209
40 148
17 207
46 61
12 217
17 147
30 201
25 58
1 128
179 17
54 86
166 17
122 171
168 42
134 62
129 104
113 120
105 214
159 164
144 168
164 145
142 12
92 70
122 93
186 120
210 187
126 19
199 165
43 94
111 93
159 190
162 29
124 88
216 188
200 170
160 98
191 149
103 97
139 174
158 35
191 65
212 121
177 225
163 192
183 40
199 78
43 56
52 208
52 74
62 110
169 165
120 37
224 204
223 14
123 30
44 69
53 9
40 17
232 139
155 136
136 22
162 137
25 225
159 129
54 93
116 62
196 166
82 57
74 101
54 63
133 18
84 176
77 226
183 22
126 48
14 48
25 153
205 20
19 100
126 7
110 64
16 196
218 78
179 60
215 113
66 118
193 105
228 226
67 142
66 114
220 95
51 141
14 42
66 211
33 157
158 32
229 105
67 79
111 176
173 157
81 233
12 64
160 177
9 30
198 148
152 195
36 124
139 37
230 43
189 73
79 138
49 87
2 219
89 57
229 101
105 219
205 135
8 3
142 64
59 210
116 186
153 37
124 110
65 99
77 15
49 100
11 69
9 26
169 150
230 32
66 81
36 164
175 56
114 194
68 9
149 190
91 89
200 103
217 165
132 51
145 140
101 171
206 207
58 30
87 161
40 176
115 173
179 131
214 64
152 197
94 106
47 33
84 57
187 42
228 158
52 65
183 214
143 101
74 87
223 118
101 211
75 23
74 144
110 17
157 81
217 148
230 72
219 64
33 39
187 61
18 81
217 164
199 173
101 102
217 64
53 137
162 71
193 54
153 33
82 20
90 59
210 137
84 120
79 23
48 197
86 61
196 57
123 184
102 175
180 117
24 1
217 63
189 101
186 205
137 81
95 225
105 65
22 226
152 22
16 120
2 140
187 138
72 111
187 136
213 69
129 117
47 97
211 61
146 60
13 211
226 33
193 84
87 146
127 80
143 145
89 123
107 224
211 31
142 83
43 103
105 7
42 147
139 192
191 185
216 177
48 60
29 214
199 180
7 96
210 38
68 173
116 122
38 83
71 113
127 168
89 196
34 92
228 117
82 102
217 23
123 20
3 233
186 210
15 219
218 150
103 148
144 110
65 14
85 97
232 14
143 27
135 22
77 199
186 218
115 171
208 106
199 35
123 9
160 102
2 177
33 117
16 218
6 172
230 201
42 63
36 48
170 151
215 4
11 172
101 56
116 212
90 27
104 42
153 197
193 120
151 184
10 39
174 128
41 98
191 40
91 9
183 100
25 164
79 124
139 37
129 89
66 200
36 123
70 28
182 171
1 174
160 26
8 219
180 225
129 3
99 177
10 195
188 61
82 30
144 1
134 90
5 59
169 7
84 198
181 148
79 85
14 4
10 130
200 195
74 76
130 118
189 173
33 117
59 31
182 4
178 220
176 80
92 31
67 16
71 37
63 233
220 93
170 18
209 217
17 224
65 1
77 81
169 14
76 49
199 25
185 192
107 87
116 2
11 203
52 218
186 32
19 165
78 50
59 148
10 139
165 192
223 72
121 99
39 26
151 112
209 113
52 173
134 93
220 7
71 124
160 11
6 158
167 135
160 29
97 23
151 207
221 8
34 152
162 75
6 204
167 219
62 113
83 26
139 131
116 39
52 118
116 86
179 202
222 21
43 129
68 125
119 196
70 20
12 24
220 153
208 70
28 198
151 192
179 1
100 190
49 133
99 29
2 38
65 196
