233 1000
203 128
188 233
147 223
221 126
175 169
74 194
162 60
175 142
106 26
112 154
82 178
125 102
233 22
80 186
27 141
91 113
171 109
48 213
74 166
222 21
82 145
30 155
103 56
182 210
132 208
27 200
32 128
195 8
82 72
38 179
155 68
69 29
95 98
188 5
54 168
134 207
191 45
229 52
97 55
70 65
123 20
116 122
123 114
32 170
227 159
194 17
192 215
191 47
215 18
40 46
209 3
15 95
31 220
173 229
28 83
173 34
19 201
179 94
188 211
151 26
4 176
136 60
90 46
38 95
105 183
1 17
127 149
49 3
89 146
193 28
25 20
43 143
221 203
58 101
82 189
43 216
153 167
221 180
105 115
130 64
166 158
96 153
172 211
136 51
175 139
111 3
57 93
2 81
115 151
168 81
46 5
215 55
30 66
219 224
32 51
66 134
30 11
70 217
206 6
6 230
159 218
31 122
145 22
147 59
13 61
233 133
42 214
80 162
179 102
5 33
124 214
202 29
192 94
182 106
219 29
148 72
93 222
176 170
155 60
124 35
148 139
144 182
80 68
72 69
85 53
92 139
160 167
42 24
68 69
67 86
9 186
162 37
78 191
79 29
78 17
200 210
230 174
66 34
123 47
90 101
135 88
150 70
89 189
14 110
165 145
140 118
139 24
9 155
8 206
208 202
147 8
77 213
138 232
214 172
114 18
182 102
87 110
175 102
77 111
100 92
200 133
10 84
230 218
129 89
91 160
175 142
104 62
9 180
182 61
203 65
77 100
157 18
181 166
207 98
163 204
232 222
68 102
65 194
199 120
154 122
135 98
2 190
13 219
35 180
181 145
70 26
188 142
175 98
60 189
104 160
30 155
123 182
154 204
43 40
148 67
219 133
200 86
209 18
125 215
53 220
68 106
129 178
11 88
231 45
164 99
151 158
225 218
212 121
175 143
147 27
217 116
151 143
58 63
123 79
155 158
2 41
101 47
13 6
5 184
198 156
146 210
67 64
91 86
214 143
99 222
73 38
1 114
44 21
42 216
226 64
183 67
40 36
9 133
157 21
97 90
15 179
167 198
138 179
148 178
217 33
117 180
111 126
159 25
192 177
85 54
61 26
161 188
86 7
99 169
17 151
12 37
54 179
195 117
13 133
223 120
92 57
171 20
12 219
132 124
53 189
133 184
43 217
217 65
76 114
72 56
204 23
72 218
206 126
46 118
84 122
213 220
117 213
117 151
19 110
200 139
195 228
150 84
108 210
8 54
173 144
157 23
180 88
176 109
73 140
102 114
233 206
161 215
199 89
189 64
132 148
137 45
160 75
194 201
2 120
85 201
79 57
213 120
133 93
155 119
66 160
40 65
183 156
198 86
36 143
201 114
111 56
148 108
152 127
76 128
123 63
134 158
93 107
132 231
217 156
128 231
71 143
67 20
32 110
19 220
139 223
232 94
85 113
84 158
71 207
71 230
2 152
191 99
138 172
12 171
135 183
45 201
51 126
142 20
153 186
119 106
38 107
171 110
117 218
139 88
111 130
167 86
23 211
110 11
211 37
132 228
155 230
77 7
176 101
113 220
100 4
78 146
73 102
204 177
168 38
91 25
95 53
144 28
144 102
96 64
65 120
187 35
221 47
152 5
57 205
38 35
36 131
163 7
40 186
181 140
92 212
131 24
77 14
148 54
50 21
40 174
215 101
30 185
108 230
162 84
15 36
141 194
7 220
171 36
43 23
68 62
164 171
144 191
200 174
81 220
85 187
133 230
67 207
40 159
133 224
50 60
124 75
48 25
109 209
14 117
119 16
193 194
8 119
129 83
61 201
178 17
11 18
123 130
15 159
27 51
190 189
200 126
214 98
211 196
14 210
155 38
28 218
125 191
45 35
42 187
222 143
202 158
217 102
148 52
105 151
233 204
15 75
49 128
230 64
8 141
123 83
231 7
164 114
59 221
52 196
42 56
87 52
77 210
123 34
181 156
173 44
146 6
5 121
170 133
118 222
83 33
73 99
116 62
195 203
15 156
154 109
181 190
74 120
216 145
47 177
134 204
65 220
105 220
216 63
185 81
146 209
187 32
183 111
117 177
29 24
58 99
150 126
136 207
66 202
160 180
188 3
71 132
13 172
162 116
125 175
55 26
108 84
77 204
199 37
152 40
175 114
42 72
188 224
89 79
162 127
191 211
207 63
33 177
38 46
187 6
135 187
96 2
187 196
233 20
123 184
178 25
12 10
124 51
103 141
11 196
157 106
111 98
118 61
233 84
136 95
89 230
49 224
29 121
211 205
146 218
96 111
5 53
231 61
71 224
89 34
77 107
97 182
214 190
123 89
151 116
229 175
130 189
68 60
17 3
90 18
73 169
125 112
76 110
162 215
188 23
22 224
15 176
78 7
72 224
106 203
154 146
2 109
195 159
164 51
164 89
12 178
226 175
2 139
8 11
89 72
154 197
42 119
144 176
103 178
27 152
210 136
77 182
92 174
153 110
145 106
181 161
30 54
137 10
70 35
72 44
114 220
129 155
12 170
134 7
170 180
142 122
12 41
135 106
163 210
108 130
105 209
40 66
135 6
147 65
103 57
144 92
229 74
119 203
215 184
133 29
80 6
89 211
41 65
78 16
72 21
2 183
154 55
83 220
146 16
147 112
147 44
215 46
162 154
12 207
108 151
82 126
140 192
71 170
140 54
147 33
5 24
42 184
54 221
5 18
167 184
189 51
73 115
79 178
115 155
129 193
153 158
219 184
227 52
233 24
202 185
7 201
73 123
83 56
221 152
58 116
133 212
22 185
161 233
79 84
103 120
147 127
181 8
153 79
7 98
91 190
225 199
161 210
2 33
172 84
118 122
49 145
9 34
219 231
115 203
206 109
34 230
132 38
143 88
171 41
170 11
49 174
191 232
13 160
198 222
78 44
222 174
193 1
232 94
7 189
111 117
111 45
157 19
169 180
224 143
139 206
30 216
181 184
173 204
113 177
195 142
14 31
150 4
74 24
233 68
41 23
173 85
8 95
68 160
204 156
10 117
144 130
9 148
104 146
78 43
215 26
28 198
175 14
96 48
192 152
225 8
92 44
97 197
208 178
71 186
89 48
138 160
2 162
23 51
24 20
103 36
135 205
168 61
229 177
192 41
31 224
105 13
1 31
97 56
138 38
157 197
194 230
148 188
136 185
15 166
171 190
147 99
71 89
13 109
168 174
153 107
138 179
161 188
83 143
191 64
13 36
78 98
85 102
46 72
125 192
14 158
73 110
65 230
42 191
59 185
219 83
129 203
195 61
78 49
232 141
95 75
146 211
105 84
13 41
14 131
95 86
6 18
4 26
135 93
73 40
52 160
91 187
4 72
181 227
125 157
129 26
181 172
199 64
87 201
93 143
111 102
97 58
199 176
9 230
129 203
58 86
225 217
232 201
206 117
115 178
161 210
28 116
60 224
92 141
104 125
164 60
144 131
175 146
111 94
123 25
38 26
124 75
147 7
213 126
67 44
169 25
151 122
19 116
205 166
217 94
106 196
155 141
15 60
9 57
74 65
6 37
55 142
155 228
15 166
167 106
71 166
112 99
96 98
9 26
49 176
57 44
66 98
109 205
182 169
198 22
86 37
10 231
183 204
28 99
6 131
229 205
187 137
152 17
144 207
115 48
32 29
173 85
233 25
144 42
147 105
192 152
77 166
128 197
136 206
110 121
210 201
229 44
189 126
182 205
39 37
52 84
141 16
113 29
42 191
171 218
115 114
57 128
99 186
151 209
171 139
164 76
71 189
127 17
28 61
188 213
181 161
55 56
126 25
60 107
115 183
59 19
125 220
91 71
135 170
127 122
129 197
221 149
138 72
129 3
48 141
226 28
138 204
163 233
67 41
155 228
113 75
108 23
70 68
149 69
57 159
154 231
1 172
129 121
163 41
49 53
79 51
32 20
95 17
148 139
232 209
144 18
228 170
193 200
13 5
93 120
217 35
187 177
12 179
97 1
73 156
195 232
49 107
187 184
209 18
141 211
34 55
48 60
155 205
168 180
195 206
34 169
115 172
82 121
90 176
66 122
217 143
100 106
226 230
31 209
90 72
188 114
232 213
193 114
40 47
14 65
112 201
12 166
12 201
92 26
233 189
135 6
103 48
187 158
52 83
92 197
12 102
27 166
204 196
73 92
39 47
216 60
160 7
216 205
104 42
67 21
193 221
221 146
202 17
175 48
19 18
221 156
149 177
229 69
149 209
39 219
142 184
68 218
148 166
67 89
199 26
215 25
30 103
195 183
152 55
7 61
214 205
211 21
111 48
96 105
134 22
1 207
103 65
105 7
85 218
192 214
146 17
211 21
86 209
91 190
41 116
171 128
92 37
82 151
224 218
202 51
132 197
161 192
31 232
232 122
109 201
66 194
50 233
68 186
212 21
100 168
27 155
194 201
7 230
83 17
170 64
113 186
39 194
115 99
111 184
78 112
155 69
70 99
225 88
39 180
140 146
73 223
163 188
