233 1000
107 134
185 161
123 171
161 128
30 95
229 214
34 232
149 173
190 126
167 139
52 54
167 37
15 68
110 233
133 33
209 107
94 72
9 58
73 180
204 134
68 24
45 145
50 46
197 119
115 48
129 203
160 23
149 142
133 4
32 221
52 137
199 81
207 164
19 83
137 157
105 89
173 70
9 86
192 166
51 65
189 116
131 217
25 88
10 69
170 107
162 73
211 68
216 190
104 73
216 215
41 118
223 65
37 195
25 28
190 49
197 119
2 83
227 112
39 103
59 65
30 80
174 84
215 127
196 25
175 130
96 22
23 86
185 209
124 199
184 164
106 69
46 68
186 4
50 114
196 47
89 65
9 98
97 9
186 199
50 143
1 154
209 180
220 204
1 232
82 166
84 25
105 212
218 156
39 141
30 224
161 130
70 32
104 129
7 69
107 28
105 51
1 200
133 129
233 80
2 63
101 147
223 135
138 166
155 97
21 67
199 88
105 134
98 110
168 233
50 220
112 222
186 93
198 139
126 28
205 107
192 167
18 139
138 104
82 22
79 143
50 20
219 141
176 26
82 105
165 69
109 33
87 109
119 80
138 46
66 72
75 59
205 42
80 209
103 121
190 209
223 84
94 191
170 34
228 162
6 222
99 195
72 32
87 81
116 93
82 137
32 13
17 70
177 13
198 120
197 128
176 36
203 93
216 17
213 37
14 32
223 93
220 147
174 140
129 80
82 226
223 128
173 65
172 66
111 91
146 48
102 4
7 215
7 33
67 71
100 110
186 109
148 73
129 209
5 169
21 83
7 110
208 31
80 205
167 136
111 125
38 209
225 118
30 137
196 63
174 15
62 143
143 69
51 151
145 215
144 154
46 24
160 102
34 126
196 65
82 99
64 200
39 224
14 20
50 161
223 25
124 216
158 8
26 77
76 101
174 69
79 87
194 227
52 180
210 130
219 103
106 59
168 69
196 10
150 25
174 220
41 99
48 116
189 57
75 162
72 217
1 185
79 19
106 40
21 211
139 81
14 217
176 68
68 152
159 35
89 117
198 11
210 8
18 13
149 48
175 136
77 28
106 20
161 25
121 35
96 103
19 112
105 137
148 231
187 190
192 19
162 205
226 108
149 153
150 197
3 116
189 77
138 5
60 151
233 204
170 156
43 153
87 179
61 135
84 169
103 142
210 134
171 150
122 3
87 152
216 92
195 11
3 32
172 103
220 184
79 61
66 165
174 124
138 7
76 200
192 219
202 144
124 190
17 119
171 101
87 11
9 167
208 230
89 3
115 222
9 191
198 200
187 165
16 200
85 121
149 133
87 25
226 132
229 109
233 32
146 205
12 135
213 44
97 199
148 204
6 162
124 175
59 182
123 185
15 59
50 103
175 112
189 205
119 217
199 43
30 151
62 227
89 3
70 54
208 198
155 122
77 121
15 179
30 24
43 8
58 37
65 143
171 199
2 10
12 47
146 127
123 154
125 91
223 59
8 91
19 24
74 121
50 217
115 213
155 40
175 119
108 203
94 110
133 127
71 206
71 104
87 48
226 10
85 219
220 190
85 217
229 51
29 11
151 16
105 80
15 92
29 59
87 217
225 108
164 121
31 3
175 218
196 29
27 117
159 158
220 11
150 127
164 54
211 152
94 58
207 83
59 84
151 25
175 151
146 183
84 42
182 222
67 167
7 145
31 228
152 28
161 152
149 81
27 58
133 157
226 94
87 69
6 24
172 203
194 51
211 153
148 204
216 140
201 92
166 204
178 48
100 222
210 177
51 139
150 117
178 152
193 231
228 84
10 44
109 164
23 40
9 135
156 145
184 31
12 4
72 14
63 157
161 178
166 145
221 126
199 31
193 201
219 165
85 228
111 86
118 31
64 107
123 1
204 48
23 203
198 207
131 69
185 188
211 110
182 69
210 68
110 91
111 232
66 118
96 152
225 79
141 161
17 211
128 206
163 40
210 201
188 4
207 51
138 55
120 65
14 153
101 179
219 167
9 144
77 69
15 193
181 205
96 156
170 77
149 41
66 24
47 132
149 113
148 206
75 181
106 37
175 72
159 115
202 13
68 14
16 13
47 143
108 69
141 136
213 95
197 145
198 175
148 117
155 143
2 64
181 47
223 134
87 93
160 230
151 3
100 190
175 135
39 157
179 130
175 68
111 11
184 211
106 134
168 93
14 38
122 203
88 231
194 181
194 165
6 218
119 134
190 44
202 12
125 11
188 70
68 163
63 183
172 162
177 136
217 121
57 209
192 133
15 210
102 205
61 20
91 88
186 233
146 179
133 89
190 169
81 136
20 143
62 197
146 132
39 4
149 232
137 4
168 78
58 153
203 205
10 139
196 183
220 16
119 92
190 83
77 61
85 169
124 115
55 145
39 140
52 199
3 201
217 54
207 58
9 100
194 153
90 127
31 10
111 73
56 205
187 132
125 56
74 77
9 40
224 13
89 190
108 88
186 210
51 193
171 180
25 48
7 161
151 69
141 211
218 232
96 35
106 49
147 13
60 90
30 26
207 78
113 33
223 78
223 201
1 84
216 144
26 55
111 59
89 45
84 143
100 95
50 20
216 198
123 150
108 221
96 44
16 164
194 9
222 153
22 128
126 157
91 233
197 28
196 107
43 12
117 139
29 78
99 24
177 84
104 177
97 109
95 73
168 93
115 104
22 201
208 188
172 207
193 225
175 40
149 159
108 11
67 166
131 28
232 93
172 70
71 110
118 142
133 206
221 232
144 43
194 23
63 88
27 206
219 86
103 49
73 88
149 141
67 226
220 22
214 29
186 213
21 105
208 167
146 73
223 12
151 81
18 25
210 1
81 157
19 156
157 215
110 8
31 197
213 68
230 217
158 31
148 54
99 221
115 18
27 81
106 227
176 44
20 11
118 40
6 124
202 64
184 1
158 8
105 90
232 93
46 232
207 199
191 131
210 57
104 86
201 42
208 121
12 100
167 49
197 156
38 32
123 46
159 62
208 73
138 103
173 147
208 125
87 164
95 132
122 185
158 118
8 32
74 116
202 167
103 110
173 12
96 33
115 56
85 102
166 25
89 33
156 4
21 33
85 31
207 99
171 53
51 93
149 83
36 104
171 134
151 142
85 209
120 54
66 26
38 44
96 131
115 207
82 148
9 17
181 132
140 28
198 148
108 19
223 136
196 104
5 129
155 84
202 111
48 215
179 221
184 37
160 195
97 1
115 29
70 81
168 88
85 103
6 187
104 110
124 188
174 153
216 213
138 112
57 91
123 17
166 193
149 124
132 86
229 17
46 88
148 126
124 214
146 33
138 98
21 217
156 102
68 91
31 197
58 131
211 230
175 78
123 209
18 11
190 222
190 92
210 209
116 180
10 110
172 220
182 65
135 205
76 143
174 78
114 117
55 22
229 206
184 204
1 4
159 29
210 33
117 38
212 231
149 66
55 152
211 19
133 33
179 119
34 164
55 76
71 74
229 20
87 90
171 42
223 62
40 88
22 3
165 140
7 129
30 23
122 88
183 163
228 163
46 16
133 110
82 86
124 222
82 63
33 107
110 127
174 213
81 13
60 157
57 119
144 8
3 32
189 64
62 37
18 32
76 83
71 1
27 24
89 143
106 88
192 122
160 70
124 39
171 37
39 105
101 152
132 200
111 112
198 3
100 90
176 189
9 150
208 163
3 215
82 175
77 157
194 168
85 227
181 77
118 168
59 118
191 28
23 117
141 119
59 161
186 204
223 182
144 65
213 142
214 74
31 58
71 16
50 220
228 161
159 156
59 143
27 178
105 147
202 147
45 48
12 100
12 130
181 166
138 109
60 143
29 87
87 56
63 88
85 31
34 136
195 28
178 20
119 25
167 102
51 14
78 38
43 125
189 25
96 129
68 217
172 115
20 28
172 77
171 120
158 28
10 61
18 120
165 73
140 152
226 69
228 102
9 225
223 151
193 125
137 23
46 227
229 47
18 142
65 83
149 204
138 75
181 79
12 90
46 205
110 64
202 55
125 103
43 139
216 144
71 153
106 10
51 99
133 143
47 195
177 54
26 69
39 88
52 142
174 149
196 37
203 56
212 165
147 3
64 61
199 143
75 104
214 140
23 112
171 177
31 206
192 105
7 99
58 131
183 136
167 14
9 94
46 213
67 31
166 175
49 163
154 156
148 89
71 44
216 233
173 19
91 140
190 49
201 126
210 146
61 73
49 131
71 170
230 129
198 76
163 142
192 39
24 163
187 119
78 140
175 34
62 3
51 83
193 165
148 112
171 20
47 156
75 110
43 73
155 67
46 58
149 49
216 164
170 213
18 11
78 93
170 125
166 180
177 81
82 76
191 104
118 157
96 102
7 187
151 177
29 165
167 169
187 114
27 11
128 180
182 13
31 152
198 51
132 90
138 124
71 10
228 157
12 72
6 108
106 228
170 156
103 48
17 183
196 103
147 34
171 107
208 198
68 180
101 69
51 183
214 54
141 142
111 218
174 6
133 117
82 93
170 213
31 120
147 16
