233 1000
91 14
159 189
176 2
151 79
119 88
90 226
17 213
9 212
57 117
209 78
141 61
198 229
200 185
118 216
224 157
175 199
63 105
40 109
222 147
74 233
118 213
175 154
183 1
119 156
216 102
230 146
229 21
152 196
196 228
107 71
135 79
79 223
180 130
183 35
101 71
193 212
169 131
55 132
62 150
179 113
82 44
150 126
114 161
224 12
17 193
37 24
23 191
84 142
106 29
151 3
8 1
227 173
229 36
124 176
219 92
162 48
107 22
168 210
166 227
72 63
194 187
12 61
8 123
43 127
219 78
222 145
214 147
105 82
89 101
106 86
135 185
84 170
229 80
133 217
141 97
145 161
76 135
190 49
110 212
211 90
97 103
231 88
162 45
8 13
221 22
99 160
227 107
110 21
196 50
116 22
229 15
173 1
20 146
180 159
108 9
229 113
20 30
18 183
157 229
9 3
100 83
222 227
100 87
229 21
31 212
50 133
132 170
144 230
176 206
8 119
219 40
175 1
69 112
5 204
97 128
186 134
129 132
15 103
232 136
125 203
145 136
79 32
163 210
180 184
129 163
72 67
94 150
25 185
147 29
91 50
96 82
146 115
180 157
37 124
207 172
231 233
1 48
78 87
26 216
31 201
91 122
20 172
111 3
181 44
227 51
41 2
62 17
174 79
129 176
207 1
64 210
93 212
165 10
34 221
180 80
57 182
166 25
51 117
48 189
192 32
222 14
222 74
226 44
47 151
69 74
104 194
210 3
149 112
31 206
194 177
10 69
26 140
93 3
180 25
9 170
232 42
24 88
33 105
94 124
176 27
175 103
73 109
155 9
91 186
108 61
170 30
169 202
62 113
191 133
125 232
222 78
148 139
191 174
62 221
46 187
124 187
100 182
34 192
200 52
28 137
77 27
56 3
29 117
5 7
39 185
103 156
7 206
13 217
185 186
185 3
90 163
221 66
216 223
191 183
9 59
111 99
219 181
12 163
187 128
175 233
7 166
140 81
19 215
69 233
222 24
129 146
144 154
60 59
54 19
120 90
101 115
206 134
193 102
231 119
213 92
137 16
153 143
7 205
187 205
161 147
26 147
149 65
27 203
201 193
212 136
57 190
217 92
231 101
158 216
104 171
66 87
209 112
77 225
43 226
125 146
173 58
153 13
93 227
160 206
110 83
120 148
72 162
47 202
83 29
85 203
1 192
184 228
112 197
225 88
166 116
175 118
155 65
222 39
218 59
84 105
5 154
74 179
48 119
102 185
14 148
190 92
2 71
110 31
14 33
84 151
150 72
216 188
50 48
175 128
152 15
180 42
88 92
102 16
214 50
53 41
74 227
202 25
82 16
101 148
188 127
220 34
36 58
134 203
129 130
224 172
47 11
219 45
191 25
71 101
233 187
72 64
23 148
173 183
21 35
5 151
46 137
213 199
174 113
23 45
137 32
104 32
62 169
89 221
174 48
5 6
57 14
173 199
155 142
4 187
184 171
189 86
224 226
93 86
80 196
226 228
53 154
5 50
166 161
80 187
83 39
56 93
176 42
220 203
141 45
228 87
121 193
215 199
221 134
21 71
180 150
11 21
194 203
18 17
120 186
45 68
100 107
126 151
137 203
184 56
52 83
46 36
150 9
112 88
160 59
166 163
182 203
6 134
216 35
133 130
127 148
176 119
40 180
85 26
214 201
189 137
205 225
175 207
72 105
98 66
36 195
83 20
96 120
180 147
73 215
146 193
108 39
108 84
8 116
135 132
43 13
76 3
58 105
195 7
36 164
73 193
222 31
72 179
83 31
9 130
162 86
98 1
184 48
147 128
36 9
175 132
126 185
76 6
229 80
184 117
157 110
230 44
219 104
83 49
77 32
59 121
167 206
184 85
14 182
108 33
156 117
202 19
191 42
4 80
70 179
172 59
167 227
33 45
42 222
149 39
62 44
172 208
221 74
108 101
83 78
4 39
34 31
108 16
69 117
63 142
230 120
100 197
138 190
25 130
23 59
38 160
141 202
76 100
215 92
124 117
180 214
3 44
124 81
14 231
140 135
167 136
185 59
10 50
14 173
104 205
42 112
66 163
6 155
180 69
15 215
10 108
53 233
166 214
165 190
7 142
47 62
189 170
124 116
189 59
118 88
230 7
65 44
31 133
98 130
150 101
198 81
123 22
101 45
155 71
155 158
112 221
90 203
55 217
52 189
10 52
211 41
151 186
13 16
192 139
141 140
39 137
206 156
181 92
194 216
57 12
142 134
73 58
77 187
83 174
128 212
6 152
164 1
180 79
126 36
180 116
63 174
50 201
166 223
48 193
100 210
202 58
40 184
164 162
110 197
47 102
114 86
62 185
61 89
30 139
131 67
214 205
161 130
192 135
180 62
184 206
33 119
57 188
96 73
78 179
52 201
224 21
151 145
3 156
214 190
143 183
130 123
3 136
3 82
153 19
110 192
191 150
73 51
232 93
178 29
19 39
93 57
198 6
232 49
117 65
107 148
126 78
114 19
46 86
170 228
144 41
131 149
188 41
9 74
107 206
86 223
25 179
60 228
111 120
221 121
179 22
205 30
125 169
74 20
150 153
168 8
160 146
104 29
157 35
26 123
24 109
69 95
93 76
227 16
91 183
73 6
88 177
183 21
66 113
91 175
54 211
120 167
96 105
93 223
193 156
64 33
201 139
56 214
8 199
118 23
69 203
220 105
42 188
7 105
110 143
167 106
166 35
73 66
191 34
172 105
86 1
67 59
153 72
222 112
84 217
48 137
18 88
122 177
25 86
147 123
19 44
53 149
76 52
108 99
206 82
53 67
222 231
62 85
71 105
40 81
141 165
216 139
89 154
111 66
11 135
186 185
141 119
219 136
166 75
12 203
83 31
34 17
74 173
90 205
39 225
63 102
186 226
98 47
200 47
4 74
192 35
111 214
76 85
15 217
5 81
120 137
165 212
133 41
10 148
31 43
182 154
144 226
232 58
201 117
219 133
93 120
90 121
160 115
139 65
11 12
138 156
54 127
180 32
54 146
207 83
152 170
15 177
93 199
54 106
67 162
220 29
138 33
64 214
165 110
158 64
1 193
96 109
169 49
63 233
9 187
168 48
178 13
131 69
159 156
85 79
93 187
64 156
69 151
205 29
159 140
98 168
184 130
8 159
48 2
19 13
202 162
63 173
168 153
45 210
160 147
25 55
207 29
13 58
46 134
64 20
155 108
84 54
166 215
129 104
194 123
178 99
157 36
63 79
126 130
176 24
157 3
11 196
172 189
121 33
185 65
2 49
169 218
29 204
162 59
129 79
4 17
110 21
125 158
8 69
138 203
62 132
168 132
125 147
144 161
56 136
155 166
172 26
144 90
213 51
90 190
110 89
174 117
6 59
199 92
39 197
224 169
202 26
76 61
175 195
42 32
168 171
199 65
196 25
120 41
168 229
131 201
59 182
120 81
39 148
1 102
66 174
42 122
117 186
172 231
63 111
72 126
176 212
11 218
221 222
23 121
126 232
93 140
168 79
14 192
146 3
133 24
161 185
108 68
175 146
112 19
162 147
198 71
147 78
195 77
10 27
4 221
184 195
56 59
208 104
52 34
222 190
37 188
101 49
125 134
63 214
16 115
26 145
26 2
164 12
91 112
102 210
120 159
53 134
178 117
157 99
196 218
127 123
48 105
80 203
74 32
57 225
155 193
102 49
62 142
83 88
77 7
174 21
73 230
11 135
94 200
87 127
125 198
56 186
187 120
20 117
8 225
141 103
176 164
132 179
118 121
48 32
122 139
23 161
143 169
28 174
79 32
63 43
64 12
73 6
100 166
52 69
42 201
72 156
64 111
89 132
108 182
229 51
194 182
153 136
48 162
207 10
220 114
146 81
219 100
139 70
51 117
80 36
172 190
184 142
176 160
37 212
89 13
170 123
176 42
53 54
207 79
205 182
5 154
157 2
81 95
19 102
31 113
120 54
134 225
35 132
61 20
91 168
120 48
23 17
21 203
220 20
218 147
152 218
129 12
172 151
74 196
145 154
67 162
155 210
124 155
125 13
188 99
139 109
93 173
141 225
125 202
138 149
7 196
227 192
171 204
150 122
1 122
219 84
139 177
164 225
23 184
59 133
76 142
193 148
136 45
12 68
219 63
103 186
11 140
174 179
7 110
97 134
129 166
205 49
37 44
175 111
208 56
59 217
168 173
8 147
185 95
30 215
206 132
221 105
4 39
193 135
67 172
183 88
60 227
64 11
202 107
173 225
185 130
141 135
152 45
53 12
53 174
26 109
76 139
130 146
36 95
26 90
59 179
69 71
187 161
126 96
74 108
110 49
7 229
180 163
4 217
34 192
34 69
37 211
21 154
207 184
198 53
11 69
147 146
23 100
233 140
131 109
126 153
63 66
200 24
210 201
8 20
111 225
159 51
231 177
104 115
37 118
102 185
108 233
116 162
191 120
231 113
188 92
32 92
162 13
175 153
61 66
166 137
29 105
10 39
161 116
126 64
