233 1000
136 157
156 231
126 168
209 59
22 180
199 14
203 12
113 15
229 83
17 34
119 107
183 101
16 82
75 14
108 181
229 140
94 42
206 88
27 212
226 128
121 19
15 33
108 88
189 149
46 92
200 74
223 53
146 232
18 197
60 50
25 53
171 8
168 206
96 57
100 197
1 71
20 232
70 215
144 180
113 33
106 162
65 19
105 208
66 114
25 82
84 63
85 33
120 231
128 133
143 199
99 92
150 155
204 11
118 230
32 86
52 74
106 88
216 203
136 178
39 141
46 145
189 60
100 232
216 154
47 33
14 74
175 104
218 109
199 114
189 222
108 140
154 34
108 17
197 87
3 92
115 178
78 157
115 195
205 10
36 45
191 66
90 15
70 220
72 44
190 206
208 3
66 87
214 64
129 144
124 110
71 184
177 184
222 178
60 173
170 114
66 91
182 169
54 166
70 211
197 149
128 135
177 141
215 13
54 157
182 195
38 12
156 78
92 213
169 202
18 96
147 101
196 46
18 108
161 112
123 13
51 221
154 211
70 173
143 23
143 55
17 142
36 124
78 74
116 9
172 62
223 8
165 134
229 16
93 25
138 222
221 61
22 159
207 206
136 193
111 24
115 50
111 97
212 99
12 13
233 181
64 231
151 101
55 11
129 35
59 57
186 25
2 26
84 192
77 28
192 53
18 43
225 217
55 152
103 39
176 180
77 68
218 117
13 98
31 20
21 116
73 174
108 122
148 56
199 59
164 81
58 155
69 228
16 144
116 138
143 71
25 155
171 162
189 56
92 159
126 104
108 118
69 10
172 179
59 15
163 212
21 100
64 188
94 63
113 206
171 30
179 109
90 166
189 174
41 158
136 20
203 38
124 64
190 135
137 121
50 184
10 230
203 151
155 44
222 19
191 222
110 226
92 177
89 202
4 175
191 121
4 230
4 56
5 78
104 138
83 98
71 34
91 65
233 144
174 122
168 44
114 210
1 3
34 220
25 73
190 189
222 33
38 3
110 139
21 163
80 181
72 93
22 35
151 59
106 129
111 176
164 76
206 133
15 210
219 161
209 134
216 7
33 193
38 58
108 192
70 78
110 73
38 172
123 40
214 35
18 91
31 128
123 213
177 14
146 24
159 107
153 19
182 229
218 179
204 27
4 216
228 133
213 50
17 164
54 109
74 193
43 77
162 181
153 114
182 180
54 95
146 201
90 29
163 120
171 195
147 212
136 160
189 193
127 120
142 233
20 24
41 92
142 101
229 24
89 145
186 147
67 231
108 66
106 13
175 52
66 56
154 226
175 182
126 59
38 5
118 64
136 19
71 82
116 106
116 93
190 63
164 103
126 40
142 12
206 7
111 79
25 39
96 15
161 219
3 20
90 57
43 82
158 49
63 98
228 91
176 193
214 120
129 9
119 25
190 139
85 193
2 134
171 210
10 130
150 109
219 2
216 18
104 130
25 134
26 159
58 189
157 188
199 97
231 65
216 182
31 19
66 101
143 146
39 139
232 181
229 198
67 174
227 220
155 131
90 140
168 196
17 142
45 167
81 112
40 3
129 138
44 114
43 151
198 221
227 149
34 11
54 105
223 6
14 133
89 39
214 132
138 20
186 128
151 91
110 63
143 30
43 144
170 142
136 9
34 56
93 70
197 141
94 40
194 64
229 198
81 40
94 217
51 190
214 51
124 188
8 63
189 26
229 131
27 217
171 185
69 101
176 138
66 218
214 65
164 141
72 9
192 66
111 166
52 197
60 134
170 177
212 206
89 109
144 117
54 42
75 131
175 86
123 141
192 87
1 13
51 9
219 18
102 210
215 145
117 109
112 201
185 111
150 223
83 64
228 139
27 66
116 142
218 183
80 97
132 14
106 195
209 46
171 17
229 184
100 6
179 231
99 64
167 217
26 178
100 218
66 142
129 192
32 135
47 68
209 35
151 193
55 26
84 201
199 29
1 24
70 55
41 157
32 107
213 26
194 53
168 214
67 230
203 111
94 183
110 183
41 157
174 184
190 196
214 31
124 109
178 74
119 174
185 120
156 65
128 78
212 82
43 172
215 178
38 200
91 197
143 56
132 33
126 71
158 57
227 130
22 156
44 5
136 110
64 87
60 225
79 204
206 130
138 133
64 130
86 92
70 184
56 49
165 27
125 109
208 151
123 114
164 151
212 170
17 160
22 89
25 232
221 117
111 94
80 61
196 231
79 195
164 15
81 2
203 156
93 135
126 28
147 19
36 189
226 13
190 41
177 91
47 201
75 48
153 17
124 97
200 156
185 100
126 164
224 24
84 142
149 222
10 221
5 130
34 122
183 121
60 86
15 120
137 8
6 110
150 201
203 41
219 101
190 150
157 97
86 7
142 110
182 217
46 230
155 213
52 180
41 61
85 34
87 65
106 118
60 19
4 70
214 159
190 115
112 134
188 28
104 86
182 120
75 118
96 215
75 207
160 61
58 110
104 83
51 221
155 224
71 188
226 105
168 31
120 156
71 218
38 96
128 28
165 38
23 180
192 107
29 94
18 214
223 194
212 166
186 63
127 204
67 27
127 208
128 224
209 86
13 220
146 88
169 148
187 8
187 43
44 117
83 220
45 224
28 42
25 110
229 226
158 125
102 181
85 128
223 222
72 166
189 177
223 177
110 102
29 8
44 14
211 19
90 219
62 145
46 123
184 211
106 162
170 117
189 198
233 230
194 122
167 181
158 84
229 199
42 87
99 53
75 233
141 12
105 86
92 102
118 215
204 55
20 107
9 49
7 221
71 102
182 196
213 231
45 68
75 139
211 141
177 178
137 27
35 121
199 34
221 177
153 29
97 181
153 147
164 5
146 97
135 157
233 112
60 41
219 16
157 176
174 160
20 34
119 57
176 97
21 115
161 5
190 54
136 52
18 16
229 62
15 210
81 7
40 208
186 5
225 139
75 140
23 159
108 180
198 99
55 98
6 50
56 99
39 50
175 142
203 69
170 148
143 29
13 213
78 139
43 71
164 121
127 213
89 82
196 30
75 151
191 118
2 134
81 22
77 189
204 97
151 74
34 183
152 35
165 35
88 80
161 92
168 139
202 19
43 25
2 209
83 138
227 130
39 217
20 139
191 159
60 233
136 178
51 149
97 157
69 112
66 55
219 103
36 165
43 222
148 83
127 199
40 68
209 134
51 55
24 33
51 144
113 144
153 187
192 160
152 231
159 193
157 149
190 121
215 102
44 102
144 202
198 222
147 223
113 181
158 147
188 37
4 182
172 94
228 152
228 91
110 193
25 156
60 45
48 23
185 93
90 87
33 101
206 30
176 211
59 56
103 233
68 197
1 71
120 109
68 197
6 40
25 198
51 24
10 87
159 139
37 57
140 57
152 149
22 30
45 173
64 13
35 188
129 59
185 179
216 50
46 2
73 37
80 220
113 224
195 50
125 163
222 74
66 23
119 222
186 133
225 213
152 13
32 183
136 89
194 109
118 69
146 131
181 24
6 139
128 123
39 24
86 130
72 146
41 43
21 34
171 147
78 130
205 151
111 43
221 188
161 220
116 107
189 202
59 141
4 72
230 53
225 202
36 202
221 217
143 134
230 162
69 74
31 33
205 13
104 49
219 233
58 196
227 102
93 199
169 84
97 28
191 2
161 115
72 137
151 174
223 68
177 11
14 188
199 128
14 231
216 72
9 100
216 38
58 91
123 151
131 142
15 149
118 87
191 54
41 81
150 204
45 108
150 67
177 193
153 215
95 7
199 12
176 19
148 92
103 232
3 138
35 148
220 65
164 100
167 10
38 113
17 224
53 30
167 83
200 50
90 203
137 37
115 117
169 102
153 112
165 195
82 210
198 115
125 19
208 63
227 192
190 135
119 29
142 97
8 20
152 73
135 149
187 24
17 50
116 15
132 156
3 117
168 99
143 37
105 139
153 11
111 212
192 141
168 155
75 150
230 113
221 183
150 173
10 206
147 179
153 119
195 30
172 131
137 101
219 228
173 37
154 59
164 34
154 125
41 6
68 156
140 162
18 1
187 134
107 130
129 141
117 184
148 104
195 201
161 218
213 210
73 211
163 35
123 99
84 210
25 183
22 183
200 159
150 105
132 29
196 141
205 76
84 26
96 133
35 157
189 169
41 117
221 180
41 210
182 130
85 33
4 187
165 110
136 134
233 192
229 194
223 220
230 215
136 86
60 51
192 131
1 73
34 27
204 141
51 62
84 154
131 89
36 99
232 202
43 193
106 182
72 68
115 218
171 136
161 219
17 52
54 90
20 39
31 114
1 218
96 50
80 159
119 67
208 178
127 56
18 17
51 69
93 35
31 92
233 55
96 30
233 86
215 44
168 146
176 213
150 162
6 80
27 16
29 83
132 169
129 93
13 202
64 92
108 79
35 30
229 142
151 163
168 128
86 213
12 24
73 61
137 156
156 210
159 74
126 76
130 26
121 91
110 98
177 24
27 74
116 67
221 210
55 117
1 37
182 210
154 98
79 144
45 217
43 179
13 42
