104610353
936380963
174139407
589803589
264879068
946456955
63147608
300968323
227780308
567100706
2241371
430986009
508467920
750770612
488647651
248211022
223182714
219199055
827229869
440693541
210875289
403711978
474905591
926862063
730868733
154242833
349479353
639400097
626886612
882528216
25846996
998132016
206903393
259628512
102025027
747798558
815301833
404269784
72028185
490016899
778186863
7287857
419553870
285948503
943196
765456546
580530899
111651426
17306776
417179853
123850540
640113777
492345989
233819279
197240228
889454290
514777848
798050711
277271416
270657034
863490353
820906524
102625184
728532467
652744583
585330182
16782106
436923166
598209376
951288869
545016672
199496145
114278816
782372539
94315057
788131802
212952799
542759456
219173490
660327822
936168214
298164645
410436966
794595657
82956388
366607869
112060248
203657772
167012044
273212137
346928882
811103309
271724868
687292403
834800881
59006048
56268323
781360050
917533502
63587594
305516036
940128717
933337753
829828332
331259185
920587398
35197801
984721420
337832299
96316889
139341234
914184267
522173480
862659381
819703103
646997167
286517525
520389007
569707751
595559941
350322117
760733600
792699637
191661023
641448564
118848084
701926351
930343364
864314631
804274561
985963778
803450172
628309173
365070088
526951903
301293938
577581438
937652476
119439150
70974336
622837600
939985172
450697254
711397334
14802852
967756691
171836859
760031446
724697247
207907124
760918066
507927754
801243192
334948848
638047418
862824731
904279727
685067293
499271775
580897297
976455517
466126979
864594913
677861426
147979812
913739235
123578399
343933513
400492586
535600569
132648445
496636948
944076403
344664311
760755254
184490486
959523049
630713846
290729647
953910334
14540950
393995563
873344399
769390497
678288709
397970882
308882982
32238380
231177293
513244163
882034327
425663684
463835582
265918744
358266935
831127128
228109348
942014495
216472092
430564063
416684871
632646435
324919525
856839877
299905353
98098264
583071307
806358344
740927034
783318402
813063076
947459478
840205380
189882812
763041171
731809817
123871271
348806063
980461352
336082780
126541028
814558675
653195203
915573473
652023450
974895043
667468451
840972791
902808651
464644114
962372157
669153265
679287638
741965231
270298009
602510427
376197275
582829304
433477221
322599868
52470230
231024431
612540566
983975392
182919022
450891826
92636951
242661756
823439406
174555378
199025537
41605955
487948047
102266404
10163851
380082282
326097132
413938142
544038860
410674795
879892228
141590204
851476313
30494287
813746220
744576465
784438873
92710966
723884371
260832789
655315659
914665421
285410778
829567149
346700078
533413074
954669751
611401485
509674179
807598948
461428112
764485355
5277505
149871301
783219830
694012504
564204377
873084714
474217875
701868965
360912481
961404104
727997675
701994635
939394794
164512848
448472910
52617641
491593856
485538850
517031194
739457704
430286035
302682255
308573125
785241290
893209515
502507079
121934428
465212780
490743325
552872098
638994583
96961636
110002396
199511365
369199033
455019842
718409740
836090904
282892918
283479913
90951469
927111472
475913663
209556596
316615129
730090424
203828800
414070051
616992396
650067658
866846011
62049277
554767428
591558992
413308282
501551201
99421605
300054468
840793366
967636218
129211067
457432169
383584445
821741524
615077904
119181211
758742665
610565181
842068677
121239198
792155776
754257883
453732011
822546694
637863509
697555312
78102503
812798229
656484052
410022694
500211419
468864923
498688697
579457237
805040077
75184317
210275557
298042190
289274921
672030720
908559964
394181287
517174478
154776070
163276489
343510699
563385447
20100029
614762300
968836816
611177745
453922173
495006077
509507517
911770087
384507623
250468484
250325437
47673640
154354395
985050228
450049654
723725845
813778915
360533036
764606735
492360360
1432120
206348693
886059740
343482870
348838043
393670541
940960352
133585682
34955471
183833806
460066238
920025175
10413791
22160810
657330241
363415863
536325396
357400410
233256691
29638669
669944680
878279684
791923448
242575806
45570750
657486451
792533739
990077066
749977839
184702597
511126444
645329033
689228407
763856964
701449330
471145307
891768153
485943992
675173765
903995003
51049620
111875215
722109563
102144169
919116966
688412374
923704090
49593796
862966151
229944041
31017095
90887348
895995435
606639460
297213768
282546755
465844802
745936507
328040373
514693182
208019546
82116076
750843959
855963283
283493912
541860265
634760825
361489611
291363057
346922859
165844324
911748199
789059217
702866641
642876547
305132933
366446700
51577925
633695489
50593892
143884685
26801916
160278278
884280478
343634127
269101587
151842877
533389008
238471085
468508822
955194887
692818977
105897956
435005138
658488035
782593754
655230600
500471568
377136880
10282625
656025644
725542546
834435489
870186008
35803051
222585291
402667599
204981953
262977640
237099937
282693708
803970068
816365518
755009853
432075211
664722594
219503731
957566858
469613019
664096791
451433079
890068801
33725085
879441660
68719634
323607455
792747897
941360649
638774924
943548719
748626561
583722354
463700299
42034785
654295983
423422099
128893323
112446739
408042015
794612414
784469553
257725966
720007352
918248894
459422386
396097442
820545970
650853966
338696404
943921047
404617243
904288820
305937402
139059126
426467806
817894394
935424530
281744409
295335465
388987816
988913544
799797703
993947584
130822186
395999170
972421863
156339074
433228451
561886722
272361344
829333583
232781196
229034285
243898733
543102206
32746058
37678341
818240737
298068973
695464722
904982624
459148822
255142612
134952246
516818320
32380369
485868811
718411294
975484969
846777421
882998429
644102601
765301787
156439928
335192955
935913300
613810749
882633956
819718875
762261325
190876084
343288290
755768841
463495337
818831308
939873429
911182558
694006312
922764536
730284126
556322861
783964358
816743146
566949158
655424278
25461334
894748989
876159461
903054797
454780935
245691292
741500814
830602676
836995747
422396434
435013820
455513307
800197879
976859613
978382521
385582295
303516194
800400371
456889462
707079657
374936237
285780207
620379204
738770053
605198205
992086552
340008350
545386520
683120782
234894352
344590106
614775931
602217153
572338108
865530142
559220114
794143087
205123268
862361378
502366850
933362536
748752294
296802532
747830225
614350114
203280464
494840566
893424473
801749918
144488934
643503763
828053513
855972618
179170357
683302580
274570616
190365597
377308822
479919436
206202819
479613216
391986870
981002344
4792586
715283504
766989836
912178681
824395401
684435440
528425640
179002303
265516557
197851340
653470157
532670732
477054131
63448832
710228918
894882097
576863800
884843754
787047028
259437653
86760117
121681577
767265948
196383713
797772952
573550553
450512302
180962064
731382204
31566260
773710722
829869916
894433764
454796610
52337555
887906324
945548237
830341687
762262154
689899795
428492
416194793
693270657
170358672
357685201
573284442
134960673
205761560
818124337
27051827
953716464
551948529
447110223
75131818
770787315
676219538
872409976
484841319
209550744
558655299
461971387
406185955
145779517
418130075
210280847
91164832
64560921
189248501
326655311
199030535
93410355
391731772
419440765
590072288
954866279
993488091
373714299
775491606
24862524
679595495
522335429
355282629
315469891
973132704
659957654
329296084
544336719
535229426
67591606
149870843
309559757
166751314
857681872
866664537
573706419
252005033
11462660
20305197
815267729
859500092
445039790
723788087
348150423
975088772
471066343
623245051
734692851
432644546
372136194
119804478
206984683
850673977
10592986
232093823
115071994
71393477
711190035
621407653
905783905
786484843
168074090
984746956
396732577
93949711
678256419
486425150
878602299
217233936
318345359
836912777
916413810
47681657
459655564
819877316
720447016
405540107
541355294
854194908
643623600
209933373
870527848
121600909
374924697
737440373
42382007
243657589
849239330
691784558
639726080
567813430
4048971
975105310
82795530
214847791
626974085
105221179
935142575
596718419
155012207
962290399
298513549
836950227
640786130
701475068
927502709
227450697
56489889
819466931
879932297
349212818
35683340
518215439
521609965
401938779
874708066
322734325
85485627
398256842
144014498
953405856
596129725
182126296
16933990
303090487
761212419
681587721
290674219
356834082
7182342
147853040
713743489
267529104
323785227
124626980
969187405
166134529
615321363
420087048
268078864
105837907
404084171
190659062
839263955
820739105
481366585
382012400
929744007
282099705
775293486
830774184
202881632
755018268
698071745
282290243
192289887
558280050
404358921
603334984
518604313
104058169
979282546
210602797
345524894
498628158
565790610
144735819
515238904
392865388
935598372
342165799
887276419
727743497
232418607
242521771
803694874
753993422
440250315
946173244
451151251
265479539
682603558
225726251
634363073
871577189
514501389
284888293
144558342
977606822
497358916
430560036
792015342
261054806
565255692
44891147
615389745
617665459
142591130
848862081
275561446
270480908
157224919
475211758
571982197
578882324
242131201
477351521
115986321
90916343
607079828
910130022
701568355
80486048
113741066
426560554
75841668
962912183
141616419
911578325
249763509
942821780
942016268
687899348
98873728
408700176
465681748
602287315
604744340
509643716
942654496
707622822
332604498
940302034
339834400
152922543
847140914
337968820
60433943
257804385
986764251
521441049
724124743
51484243
857899041
153678724
304081132
351653421
944018064
729071510
354551949
261425610
914422340
742081263
946827873
727064682
375295946
423464699
535777406
474796499
6655611
281463090
271139996
625537732
680447982
