71555003
50786198
369571773
281803554
716019405
907306683
725615620
381083935
249034487
734016903
492059577
739209380
868936423
861717966
345758028
699884930
392301457
526076324
577285390
624597285
201133974
322355388
555197655
826453509
761690298
475715118
392569114
897431153
670865410
632304373
920481832
104181085
951653017
428333877
754393625
424132161
911917294
866798799
735725215
31003771
942909864
518909097
241113789
116720216
149183793
536954970
155829670
903404058
919270993
624476223
381449440
411336297
835548989
936029694
928536803
751390209
39283463
952318115
929695939
62930651
509727302
746503511
641708713
700232259
537652218
409973295
882338984
678301224
295515247
920150127
755946354
75438072
571099590
213975252
165180726
644233859
652933769
682548183
655020143
472421262
747642396
235354661
748757116
754950689
627936360
747796031
789616917
555924950
683292373
886020588
589594039
336743640
765885524
104290757
810541685
741567848
195448695
386998376
970790859
761557463
310331935
905197059
136206582
299216305
581679809
971876523
667995852
482644694
463939187
611232918
282280630
662456568
559248856
642530137
126278388
101821098
580096627
439525344
647277130
474233608
967445314
907264389
598135885
946364655
581646215
918761473
496235845
683234289
484043809
223213518
49705490
75294255
415986293
480933093
153585841
843683643
821321666
901331157
926158208
295728004
990863343
556923514
764842095
225868024
966003847
898804393
12379823
392555089
746228309
204473081
323928330
889004939
663129150
649587933
186005852
120509964
879416796
49785792
661672770
732291355
280957047
277911702
849971768
455636340
620144980
774638936
908006189
834679328
790558618
964053152
903581829
320967973
768437886
544066076
514025791
706559647
873199204
160483465
991573030
163965549
442708239
417695743
632837091
324028490
723523803
134781245
418703780
755914102
250381170
416816382
697919466
442812753
262026859
82394176
628487289
560964287
378293986
534205503
457156846
739139653
395820501
135370005
148335930
105205542
884697401
653505273
477095726
33313604
9500313
838346635
346386009
605817796
325399105
517518270
483398767
665551205
534433453
920166220
380973047
694952800
640656512
416561324
801870957
867604442
132074567
392072936
736038640
834237710
765629617
135428024
134314367
460409791
92185091
404933856
230869341
327910133
180467083
302244537
320430316
142286318
647163548
803756514
244404595
708049277
87329910
795550949
226539133
188057382
771380567
549058176
852716915
160137290
705614459
993800138
680779929
195799549
316151678
929474214
931175388
53794855
167315018
217043644
111951240
913338107
485906133
617253572
364487741
906877750
128616722
589098228
407256213
849081912
14232323
613490674
477340577
508714433
369999962
598740293
969270063
947145140
705716802
98715839
285541286
48213823
900811167
283031165
635562697
108607964
951118775
977097863
569736871
383915795
98079747
885857495
595483349
620208811
891952089
577543515
399925745
189116066
215558677
606241245
787862439
856652116
460430121
210299091
219632956
424864202
888246356
151318190
963046079
375378185
596735681
492044942
36152053
633577778
5118733
605207266
251174793
768009612
135568352
787837752
828436509
396320808
964090248
924011870
662606007
551246716
376707155
780232522
63510408
220477935
534892274
440651123
673098836
40769005
393659793
347255377
585704465
111664656
317086448
259660346
289603447
233011195
958382202
528946366
712075811
894965078
114206558
671851654
303885550
116528220
152325822
81303647
102314110
522498486
223428058
591874450
229577206
522113561
912543630
606186053
853962875
434488646
369154029
768298260
720425204
933689281
122157779
452305373
789819862
137853893
85388530
940404906
394617554
37907268
994880150
983694261
301993571
890935538
58371869
775395012
87512099
208321811
671568426
483349258
59011300
624639651
981270172
478581716
668543305
777808033
284869083
744201361
2673327
500349693
905939602
472071590
842597699
407010785
1559925
174007502
487678795
82368996
969522984
139357305
270056348
304823754
725181270
185902174
70229863
749812576
935876547
920198532
927548943
986496572
927567482
445958469
669109581
122875981
337921742
270563874
132165142
218983895
302312010
324890222
985421665
253908040
363551704
346546832
847514664
888818158
396666856
879928065
266121405
629846503
798767571
997882709
464691931
376841288
782619672
536203893
521852580
907649425
970482554
870533573
459882765
572866180
864737745
497939366
325060818
871586833
817329922
24288512
245062492
458794666
628531677
361939470
89727035
326856750
625011475
38262010
635883187
460281706
135703291
880299821
46262796
569570951
786251346
961863628
25513525
881123363
921995754
170257919
811848907
380810912
143378322
451207741
862499984
191234673
3772671
106467388
44797900
722745389
692732520
812660451
100679243
772474410
743265641
992018338
867160731
65576370
471780353
452574817
953271316
688041586
26265173
122699787
25419411
395421235
592176748
886479074
21174928
396235907
54015259
531224609
221399327
954193369
321338815
469656523
909875665
299599986
832463475
67670329
243277793
199452797
425697253
57097202
853554703
798360530
229130015
907069684
356945677
273556917
861170824
765274318
73878205
799774801
395772207
313469894
377993136
576982212
805790657
900042193
418471845
474474590
464401371
851703355
919299269
668416016
641245732
876775245
731043671
270244047
857729114
334448937
625924776
99288807
151010494
561791718
536074100
948899179
755995632
139063554
577811478
846668837
104050001
855798802
753492831
159343124
126873538
866984582
523518472
941904283
802585152
614987867
466398120
859573202
730361599
733055939
816325647
368606474
477713304
416744863
54585574
491686733
481085010
231036359
597675697
81642299
388331368
287773892
628144118
892738616
708263940
886132347
958173329
979135562
195933522
832551408
626531040
506253329
301603440
928364768
740041458
582624096
534946323
771156580
693652102
296985552
677152736
677412058
804486524
356552635
855470157
17073854
803055439
687760952
98025335
278222555
680973959
649711880
923867061
834415474
951108449
613837810
729366642
527151115
622053494
745175132
911265963
589572399
469734194
545314283
223106633
829101638
152106533
43145608
968736333
658642092
369283842
119410622
301660240
868309449
166702341
590037005
409584740
728032291
569818667
716412531
492810723
270774006
822526290
478538731
841433182
85121946
761900068
351427564
696827330
639899312
760272182
112897137
992808850
338134412
113492400
237348115
807373234
642260779
127561497
60562656
722743830
151358000
137788844
583872521
766708354
295293144
666218468
556085576
933457828
357353507
384863046
491200709
957131761
386328074
402245557
352071531
573775089
812467766
36936050
296310035
177986011
957634821
667597325
107430057
480191532
931348433
497294898
171908333
41375070
141104344
718090611
108213383
469888118
475873789
962600547
245939135
764844857
669460711
136277085
659668816
352829055
800434817
492092003
533280323
128274747
653422039
830233245
417239014
616424209
56127667
139849454
59529300
971495258
554864334
330262660
563523404
7659712
973198347
78608211
830968981
336289981
710168838
925144031
784361256
476841794
371962812
179194742
435019542
290323684
690300452
76313192
163918194
602495898
653123480
181713907
994812795
400239363
266860989
500697066
646176742
975124482
245008458
784765376
486535945
864967375
445313838
607579433
865875799
833458339
412021549
229719930
301158951
331876218
108442156
492380358
17013611
343301708
679885394
161484083
68340144
657305639
350397839
620074850
421472725
201925283
164824025
850044973
106927543
830112586
386455353
291516404
835097972
264548331
968032019
709554432
604278908
937342673
326389110
654370793
270614422
594278877
335525518
387781902
629106563
465021656
588019103
705012178
94297363
344298161
477503461
350761130
548875683
466425771
82740884
978285738
347150471
349393385
861705613
144956222
669175722
976685160
237839226
59793371
669116119
46099341
766897236
754352991
265946242
970674771
189795795
64164131
484366053
64242489
48116076
92430331
561935773
202256593
718806615
992157958
467129414
824848196
946738812
189043329
595583938
193785771
344164571
851957984
850590926
748794613
390583800
720058148
960802648
506120512
522834785
113826788
750258882
332948327
70111602
538790200
727983683
784831094
945869031
901627816
358939053
318059377
660876719
63555600
659000711
9726650
264520237
138420433
2222718
899599661
145180097
941254717
612202415
346175370
214401076
908035283
48388829
181502995
440342516
774798091
526951255
642346862
649245260
597333472
684127645
231766997
867134894
695172154
263601864
59142727
176616826
748605333
146935689
693121803
518370503
606554790
570494311
884105421
17544634
660089045
763915011
115300530
972782346
769608342
887231099
871135750
7052882
769834334
614979761
157141757
509038712
427846516
282435325
284684072
401881089
112591450
534107148
30535794
841077046
584266490
250097005
430411683
349606380
98635106
781277429
837238948
931316689
755553799
560131990
451646594
595776287
25747973
953728988
991391720
661360850
959581971
944225853
315124712
89874124
832604449
477768360
169197975
930655539
331360930
944603744
900009272
940161537
595887846
40148420
188541341
616215122
930718593
296618323
443068886
703432770
452327012
934385159
408215868
872923268
192650615
345213338
894712088
933937234
204487965
716085557
699299587
465959116
767544773
884367484
267573740
891395769
585806589
100717188
163212465
574793206
425628319
300395861
460266861
457151074
366310015
148043371
46181112
853294328
362680000
586678969
742900246
945916904
664266880
659914684
299715495
225163927
199412233
413881296
24745553
993260845
928854501
229815827
679764186
581076768
454230030
623703657
419432888
139113503
796641374
922066892
986907599
279987805
877636616
126200703
71104502
725186432
206870455
931451681
18460130
752091201
498411772
187489216
