488435935
181027523
407992410
808392260
219217255
433970693
484067174
967224432
904276786
408933971
887289035
176845350
130453560
752163746
864906375
220824682
365486180
46044740
334278414
565557014
566140831
483040332
52408831
923615955
560069149
666074287
331150812
433294837
568371390
662114959
118671648
20933783
105253459
306871429
239281461
87736928
304483977
71892601
945774574
760490376
30153372
958254013
38404900
801089621
120143371
347627824
367147856
23823770
456923144
789554651
983887003
49937298
435529605
669741283
338834698
186294015
285856016
849778560
465472568
541875757
372454055
661933826
976960566
381118585
995577134
439999084
199412376
621570881
767208639
624132531
632674623
991608248
602483508
459379155
447597184
101126630
104849113
329791062
387587879
387782112
595640785
349290927
513501513
398595668
194439439
333889768
170611867
470344918
644105412
269070720
452673412
642845382
442286840
169441292
499204511
58102572
254095051
987119010
190908578
346375975
486101119
620418908
249685826
319302860
563291149
113961345
235174005
908349730
193013837
467812646
820161187
269508842
802290502
644794221
24070657
580994468
756218414
592984672
240925194
118258407
798130779
293086763
161081825
583572159
528009842
20082134
762766419
779366890
204228119
349931037
885713105
863805468
48890748
980352676
770267604
519269714
397698455
286023556
584493500
908559963
981989294
862174333
528481277
309668423
937321890
811017732
465644871
61969461
879099006
738092048
476299179
818879292
217537563
203091120
847848765
442186682
13628641
190844840
312199578
123097084
93411160
818239999
123183481
861827561
559940530
433553194
51353415
5076840
119535664
586107942
153235104
391839371
321726050
816731243
429907112
975739809
462682111
873978146
879888500
115844939
654770597
338403951
253051734
392367456
248215579
646828121
559122838
185752990
606592665
604692307
366760763
901524935
13238013
851647191
791065962
490117828
72869821
358985174
18800761
907553182
499402927
927403040
377538715
834409375
240483582
54227717
110531394
458867637
274513076
322254885
536654209
973433270
623597428
678995071
860001095
289298833
471140143
998129459
95578393
651251962
763418603
478348564
763368104
805592034
740560603
401735319
514803474
212922352
491638114
239230230
156469435
451535245
340778344
547583292
659303248
274905298
508999803
115977456
682022244
415961962
321377091
627804380
928698547
548905439
376345453
72394409
397517316
772144441
146750085
739334573
497453606
56410931
231302474
506439500
908018502
705909281
515826316
159166065
749341154
897951309
45776186
440445421
175056027
218247402
878171796
808712109
22958814
126874622
282030532
990493277
687594407
271310428
421886887
238125986
858089720
700936403
266382379
596019039
644815976
767844039
744223030
204840295
283807763
716442211
967229741
538178877
119606239
377041042
980658024
880610971
297936718
930726014
646061228
235517142
539938578
851867365
634219061
836359698
104591198
982307277
833385047
521441041
205403982
76464975
848621925
284599094
809030742
357874219
220499067
567750003
77701059
398790263
697807381
626008540
726188042
631818768
854556549
103681625
750139524
506798185
410847742
881054034
497436877
67606763
926908434
392450190
503829387
85257723
351533889
858032289
74713655
25271345
681336586
202382685
991082260
19898376
409478043
292283559
969056223
167996429
932530662
948102389
530771787
83524383
667999995
121180372
763258577
6498629
368399501
997064159
56071382
96396291
160964799
702599567
664203474
566542604
651633089
758686806
214334795
5946048
659438358
914721573
755670116
530982158
779624312
371855353
181982361
926882894
454310665
764356979
379752347
989835858
709077034
429242016
944427522
595542954
876947475
475083114
129874798
473405425
563471178
96212989
134133739
592136312
943675448
866416956
379867260
455193170
489109548
806756566
706077862
792074472
367750091
150344050
333752831
613064352
784821091
804431405
797732061
184614356
849624071
162278510
234291106
189531990
129697528
545317952
419997099
65435212
698392095
454116362
827277198
925330766
640973486
303328774
190640834
472562386
187011036
34237217
652787525
370863686
224468286
814347800
901634605
120744092
876383598
992753498
566481392
272959932
493253721
638653022
602616468
245486185
905199557
587863169
320308148
216721576
745866484
394042594
384652528
205122954
879453664
799882641
918351130
3032555
339670400
910786815
51302414
149775531
598720250
162294505
455473256
218845733
116046873
658232213
331714281
9139271
796064622
769726056
576226611
701737652
487861140
646215724
46777623
474322979
797176983
971266354
886595738
966481264
246233166
333901955
860814648
901977294
106167741
446506183
505786111
158960069
377073622
236930736
199239614
91527672
71030402
537386770
412311177
100938407
194166165
165255485
747053971
571553289
502372193
295318490
640452323
308340750
124156703
890396673
460929530
442498702
770415706
372096873
419839152
56691295
223004192
4708949
475940919
775705209
667083039
54633669
450022050
768380424
717955001
114298373
113155747
540731175
942359134
160801305
852877697
317636981
216936933
989912345
226848876
250202907
554950224
416512669
629697109
442446311
235337676
574475598
944695093
140847358
367812473
817008755
968734923
767329018
332812879
615993956
681330407
909834661
641770647
525057103
906407999
772586364
535295778
709184426
492743204
402518606
480777166
650461820
277915632
365110217
58030934
216755909
804697084
604478822
386349936
690446032
469018971
49814643
655602260
726394022
588833731
931013285
676086504
774322113
518581800
492089674
941547447
730987350
604943213
888837949
182117192
117132319
747862121
311645539
976138177
664850376
165825590
791897921
828276026
242576539
397608843
79799004
840111788
837916316
996034366
528284696
222399308
54651103
777375408
352717496
629983186
211951428
749285829
902918185
891749759
534783039
885194149
759859899
312409377
599383559
115588647
789165170
204232933
32124818
423877364
623652189
53691053
483363987
2552498
2343035
215282819
690968400
63583984
480529684
593032772
702470586
321448623
961716590
631101666
394986850
947183279
743058344
339920779
495036021
571612325
824602926
697859317
105749748
99053300
444244567
582582356
494094095
859291042
991603076
715308035
393906370
510999233
785746890
741275888
429003725
969738679
863162649
963031726
952107553
124535295
99486635
611946660
348535357
939881158
381724228
51546368
580405045
416392977
625362756
466818651
504142877
556152246
949076186
241486534
40181056
738521846
864424187
265364266
366340728
105530824
298050936
46313795
759983017
981866298
171054687
417179069
368794795
48377910
98347341
917247880
615174730
598630751
529555431
716740451
917544767
890515762
480080911
74062895
896823827
847460346
81185453
979425631
643185560
236578047
49511678
785240853
299365727
678862249
471874885
126873364
125255293
101715108
126312323
860299470
454426104
216274396
42502361
926020400
794776898
880338874
96166430
111284058
703742958
91058806
856460756
752472583
603866073
405332820
180051171
945447543
85330195
175155583
775064101
762255413
7624628
158775849
517428789
156774026
847432760
410757925
337098847
988231838
581103222
875738162
41620227
474768979
805748389
792023200
967875019
505436022
864664982
436298120
365292011
698012419
427887093
309712805
933117467
57849083
938386654
223166347
286406771
522075439
526307906
167570688
413849883
437816595
68737814
24880342
326382561
573938404
909152739
636626417
856459776
671324738
746986283
626618948
892963156
464937099
174542771
133184892
629815109
847617942
685826968
294785104
666688910
511646462
964075238
817334731
857336914
881940003
586917310
966420458
531089688
653836940
278413282
955640535
481023714
479658139
893784129
607653744
185549242
300069581
174117786
336929246
33924359
975910534
100454793
200520586
540179214
637535119
603226770
323714985
518518379
785810150
620120975
471385969
93076109
306122622
517937153
875728705
495436013
335423109
294409633
960007607
846511849
216974577
809496067
682814719
552545206
838173803
979211582
363526894
457484235
197529809
852473855
657333301
187739085
852918460
739729557
162257626
883399454
263406605
948291471
626496264
343350692
259693845
207808317
766713336
923700697
607022191
550197041
671627657
813605364
618199786
589050751
735043377
905709265
745657956
182983221
847007569
14695385
86162887
799382516
175292485
891483444
465681100
847342096
575563401
659687490
100930947
654227259
710925646
114691668
567961292
51488304
987873743
113131735
561227971
305468471
745169922
760093672
674360325
706620507
989090819
409658087
443988614
348723406
879408272
807742248
134978305
195882311
708751657
753690735
6619168
444764891
51099280
661650134
622302453
633978646
728903121
921924318
671325231
986162286
364053831
765258121
413311137
315299858
939434390
94866112
630128267
627794584
48126492
378668076
195334252
31926021
607046655
765291646
700725686
716618044
963846360
230546347
345471610
406388837
787430864
169321659
1360793
622234786
390293585
396363617
734382295
760582517
170571341
920564417
324974094
735167329
926651873
885277284
768241603
690603131
77952631
304278002
733967564
264388704
967547265
640282028
602554294
916385053
260710103
81634406
788819262
805996033
389805604
746200575
788700356
496919559
836904724
986816844
388109905
895748520
796797695
902009392
887203123
839850690
184408417
318795566
279751646
501353711
751171329
44890737
362561710
923192505
424393021
690906114
628191928
103322359
10086465
52784453
802808642
470462531
372541272
583497551
736034388
126672902
306170870
942638704
201318633
217411360
208171023
252221618
952817422
760593244
270848697
297772601
768720852
175045301
401781369
624364674
851641623
564401670
957859258
638749381
126878356
560051233
425061194
494106476
712795968
68528054
527319232
584881993
879707155
92227377
677782220
522782393
937623142
167874537
254064725
718975100
