716622551
170682474
210395343
960424162
705254828
858498481
748365764
689741766
61297122
6761255
318702231
564876705
837207846
693680896
985809661
618532899
508388999
483873001
444820869
567414517
804260321
509463208
331053825
622148502
136616599
759876938
716201879
599397889
544057181
165533909
326644106
934852406
445742308
3251532
721398646
129145061
852831899
998015132
5609053
747938362
887687842
434559277
78467987
786979596
285192959
731965486
951284862
583444049
430229024
991400312
675538428
240233488
945605289
344202894
308095533
691037367
367235272
391600391
551615647
329800270
192709475
134728251
551963862
358682963
634568529
431752590
753666693
918691260
258739988
322968848
215916699
799425002
322881813
331585377
906739383
411253036
785699198
472337899
566265364
560645822
203474331
627369044
113865692
774184456
827824612
282741765
283973918
425633774
330760328
889014898
576350834
539763574
272351775
577466574
124205687
228410773
371902557
599395892
854468167
365023094
516490141
825133355
212768159
927057758
69354428
332608775
799008620
765695582
317380445
83865014
761289024
341581174
86250500
838971856
934058953
375322780
983233270
531149092
305424545
701656011
175198179
904657662
769687452
660089478
760370075
176707699
984925856
377247244
302361501
792721073
981188054
178329696
415638752
47415853
328863
363855066
759930788
686958704
509935159
366000618
57917801
769807635
689391057
585251653
366907853
159895071
544280104
139703876
617290207
568608147
376823636
799393176
40580498
506133199
530043685
395907164
940570525
87594450
198516607
459102318
858110305
609599870
342193995
841150383
758486775
58945058
905367833
169862595
854801381
164158586
402732014
462645531
775520188
325729948
254201353
332399353
539846985
955019953
212720974
348217568
696922608
997919744
909805220
955367284
329839154
635767191
122486490
585674266
456554423
687360391
756432681
496148965
38338383
186198415
545371150
308094447
12015103
727565481
508713263
412969645
168702729
604188616
510528769
249858013
644679034
179886379
213241385
660595471
353957563
997371466
564800330
217836755
542245514
362267545
909733952
345066228
150986591
977229786
21745129
633507703
258213576
965166284
628177742
405826678
612055108
645963054
850422533
947569565
934697700
960351711
717905771
397737428
828105553
145209614
947838
363184637
772646345
804070096
223288429
753514945
640778097
495895465
219875531
410683864
420697272
823238860
556556923
113548281
340574403
96710472
277445230
138918528
59653068
995105135
4763252
605113094
57599308
656210941
941299035
107058176
33501937
850124506
881971904
673416998
270917151
780708825
701819404
503386550
951607901
294757398
556242031
747895203
831744399
93579809
208353573
737510006
250441239
577971240
532625467
655986045
622913759
895700296
937928511
27130062
291842374
529854291
892769947
720296472
579850817
243152253
235157095
110612848
318552945
532366627
150565412
712264850
837167555
972833237
108167379
802691068
502071466
287090731
906449391
267738379
136670258
947692477
535449940
772065807
335706093
851441240
52838644
705517274
32667905
843003920
961735087
535139495
659225022
434125262
203467933
431422017
32265929
826585001
381478908
700425811
545597366
100662886
204413379
648584404
843547785
449461887
681255096
505998348
381767535
157174071
422011688
553218199
658346821
881936973
526275362
270489159
589472111
9636760
163820526
627077869
817235888
639655186
127034729
41113100
84864412
812479506
175387420
978830845
273243383
855247466
993369769
410536388
423966963
102733393
621407749
629383804
564981422
72865597
803489726
374622596
408185389
547330897
55039550
98702317
149146990
895914378
266028569
80176178
307772346
339929108
424406470
52103216
339674051
484643180
420225777
466482476
744154576
377947341
804540664
12990608
348714733
227572208
962190599
337525655
252772031
164591782
367821397
115273452
582657258
909850299
310487877
793017511
818118951
718041003
956707507
435687946
325376329
916614963
314435936
382350598
594535355
118796284
824228529
876868691
193776874
35190180
509000128
153127230
829878675
679850348
915234147
653983040
475415512
734433405
364700482
747854525
583890273
930999591
732149286
889032472
448106900
267749421
570464171
517393346
697794707
747953006
825543973
583775210
25672202
682444472
514574606
140313734
52096907
605747708
418787380
720676700
573987647
227852354
618753331
654475938
267637975
249429010
909843435
72903043
667558205
737131404
420217758
392968091
744875171
676948542
329677601
692410067
873032456
689884588
966081132
521590651
477459085
363280614
652363291
585113759
201233695
551416293
184746265
840690214
976391261
7577119
408381554
561349719
394396387
718252706
845268244
892743875
439034459
48728134
429156467
478517403
269728645
773892804
324875117
142099957
442915933
21243514
676496711
727989930
831633467
396202215
265604813
445070286
690570953
709415688
98759696
320682360
322970930
523142267
470899083
570720008
470272923
271080824
630752669
131145716
846093556
510898709
861279358
965041748
531767819
709993872
429679016
967697662
705244266
748397743
490501423
171100657
622194595
708657038
957008897
995032370
177384125
549406951
308311596
874221447
996355763
473711479
221461363
603300602
887169055
774730210
526787763
27751279
242076824
19423830
413553397
903394050
648818733
242056192
148804972
731793762
239333311
81597782
243241874
45837360
192577529
899586389
192593028
854665866
480726440
936677085
118657652
968667228
31084355
421646276
361057980
796924160
723049578
235470838
436917191
68695556
814892554
449134320
517783713
316781958
969800641
525374773
213908266
43369809
596858266
159571189
380193460
946021724
59205297
164649638
562472890
389331065
101091266
815287415
559125048
356790008
887241805
865011152
552771331
712174513
118837938
368970701
375067049
117685634
632628560
556921964
872993555
351909898
495883281
98616462
726793947
360578436
354313477
805574408
885543848
286158226
25517376
180381354
404713438
520218374
644568684
86298884
199378285
762748300
176407785
776653511
460016702
724505857
213024720
783570660
225320584
751241449
546497378
856777582
540823576
404023813
428076621
746439421
527896476
361955743
832856889
807013907
270845664
632224388
550800578
732460190
174291929
155099488
783041279
290010602
186658317
775038664
831047979
569963063
624327768
372548140
876825702
231595718
214129238
113061115
332712401
393616827
477856751
203646981
271674729
53000613
22657816
802149829
968250223
320687802
127531758
321198145
86025928
611702453
544811990
947080512
738695893
43174033
820647734
100608298
996492256
448344067
695122549
679086785
382395727
383705965
326122327
252985695
910224557
262465833
244457406
460061941
559883333
965319803
451547027
518579903
420575475
324570233
201073176
135467273
325958938
673704303
193336722
750392109
453562106
319381403
868146626
686295963
612412319
254430876
347059788
185101823
202209536
8762910
392443674
488367123
769225312
493562941
42796042
66903881
852951807
421151655
242728007
680361575
118604582
109808303
704554367
901079915
974156017
172364281
961944872
659695113
499603963
220687942
384878428
757575468
512615411
13733624
788648267
893685556
28613149
613000849
310690883
921732276
351613897
215813680
986643819
662271400
402132460
255698918
688011263
335854724
880845240
745948455
26974053
445493343
48395502
352521413
618354203
162656070
273423706
366482729
944529262
211860971
590278688
996095233
51844140
402118783
497255160
924788316
989987997
244272362
537647253
455514834
453145712
225455494
103997325
535620316
915089486
963464086
945868890
633948597
845972394
69297770
591498448
792560849
743651227
644302569
919129600
61129962
917796937
793401863
89981332
980047942
358349421
82881050
186264572
346694479
260171270
191021998
592400788
683343721
716862995
62939827
905704511
297705738
635877251
188772442
410561621
661106702
783780814
386509508
412524101
226874058
539645247
188081905
385089842
468904447
920879305
989469160
970549524
453770898
683649759
742347282
990849331
704828571
17179482
450464086
228464074
304333462
251999272
826759372
400251956
105754543
7054168
722901777
418564834
38075220
420405602
486077530
125968688
94312346
426487812
229381813
752427312
10223547
601289101
180938094
923900628
627767213
128533574
164282392
283924584
355792335
313571249
143192612
420976576
867531724
48473547
35670605
692964269
76230857
758854149
167088098
377854664
221298026
89530093
723135909
259854839
204201710
987709615
776622413
509961054
871130377
328246001
993583098
336875057
708598137
687433090
609605900
473722676
948466834
154081179
577391401
835371952
766489080
845352495
854132396
480285263
820818646
15712614
225262684
754546656
779529280
836939442
75190278
528666807
118141103
305165634
737635037
98957628
230071604
381985689
34256303
245011951
296159551
705876896
410331779
11584945
344697172
544381337
543767601
909840755
646260345
946256063
375346038
709340142
207737628
642787281
143766352
18268017
109028348
321583592
863018287
990840648
570735319
617823623
883650350
565743488
255098555
223299676
437583886
966945035
950381447
905132699
994302272
829638151
451019070
604923997
646253375
688945710
798304698
336763857
576327740
3433155
804861391
102201750
119758390
304668868
214641106
154590609
64460466
200544161
262723238
255679832
310680
27639838
988758865
215345315
693230665
668755165
211783893
864913498
781012072
887222004
298597671
789155438
87972813
545807577
27645923
417915287
620078847
530981973
114032603
321971399
521344567
228649309
986316433
85174188
566707575
812946522
613341999
338123498
302205971
662278027
829963924
767681668
228735534
167068261
4902486
31481025
141190812
262405974
871113032
163054701
154633522
254990676
930234941
285685654
887597298
895877558
177915920
529616414
353599366
415852499
976078990
148134184
923920258
434285131
389883527
142277675
461553557
434602839
810752256
390245750
951490321
