1000
4050062 1742734
2625608 3874265
4658610 5169507
3818691 7204817
4607474 7803784
249276 7008820
4150306 2950595
1662248 8480615
4291543 4191127
914876 2483598
5729383 7623883
6015724 1253391
5817446 4552290
7700463 853135
5723177 2611363
4497976 5923186
9931846 7768210
343550 1324894
8772881 5735284
5675828 2528055
1491743 3782478
3968272 9700388
3485510 6585190
1503879 2611207
758427 5198527
447182 6136200
6628977 8223520
8249306 3577738
5578976 1153549
2443615 9199795
7704762 2608459
8098644 4858471
3132310 9821535
6327021 3673164
7356232 1543566
1970462 7960647
1425126 9866845
73245 5605756
7002436 7974674
2806367 9376337
9503480 665265
5913497 4996331
5261781 5487742
926272 2595886
9138675 1170304
248073 5221824
1510692 566395
1254889 9826949
7820415 1883253
9033236 8400932
8033881 8986289
6569601 903807
3090245 6280501
1085667 5754558
8811291 3376711
6606257 3887556
354157 5433835
899486 7350455
1440146 1227622
2664992 5490555
5615007 4413757
5903084 7659190
6938215 110517
7593462 7963469
8483458 9637331
2403061 3988580
6442050 5045085
4696797 7347553
4847294 8714198
6326114 1418216
352970 7448069
5918075 5554272
6535420 6033902
7337819 3043819
5104936 9707734
9794296 4830961
9253476 220738
1655431 5365269
1258884 7883896
8046845 4467005
3507613 7710331
3240719 8506765
6697732 7806994
2641330 482667
3919952 1883456
952602 4690556
8286803 412364
7949118 6807844
4970276 8149434
6590033 6686601
4544023 635215
9850698 9422608
989378 7377809
2857180 4077405
9043193 1230275
4540925 2891862
7953873 623724
5592162 7444127
5629856 7316688
3729280 1709087
3829626 2946291
4261259 3916792
6295477 6534172
4558202 3776146
479461 7010896
7047809 8719632
3278815 5587666
2904852 713304
9472569 537512
9740137 9310222
166471 9930648
7556214 7259416
8570526 5140774
1946094 5992859
5098516 2692630
144583 6533115
7655102 7506031
6741942 5577438
6214639 2463350
8986671 4350889
3891646 7124654
5467497 8922624
4815616 7425245
946648 8023497
5961 8002697
5519664 2706600
6135150 8593909
8445927 1276931
9369477 2226856
2211891 7158015
5480418 957542
3263879 6621057
3054362 6067764
1399833 1396013
1155843 1060056
424030 7385448
3034417 6318165
9579658 3478105
4973818 7259506
8425108 8535907
4992114 3738802
9821104 5546283
1519726 7637724
1375186 417943
9818756 9105524
443824 8702796
2941832 6325567
5575872 2768943
6936976 6862018
5353269 6967780
1502576 4588995
9837061 9399889
9373117 7024069
4413797 1320090
3452365 7538191
5345353 3901734
5983796 5097893
7506024 2406679
2429255 6987724
2488118 8832341
4961692 862601
5413223 2125443
7513607 8602145
2183922 9619718
4791454 8630041
2809482 3570949
4906037 2658999
9786789 2038627
8437346 2257023
3073400 5267909
8571897 3783989
1583992 6859665
18959 7214688
378586 6504556
2442361 5833540
3104146 4945979
9442637 3649127
1745495 8228770
8296544 7177740
3592989 1824647
1833286 7206201
5145112 3292558
6734676 1100212
3197758 2918685
5475359 3021953
1191876 9133913
4490493 3429605
1590047 3295782
5643523 7288293
4636548 8149674
6299141 535366
3285608 7828042
4669720 139661
431872 2285610
2765585 2413824
4227649 2242608
552454 8629666
3261407 4451841
7130060 2908090
8939600 6691329
2442998 211916
259274 5809750
6770523 4101661
667712 1899620
944528 5695282
9666024 4969937
4585 4487505
207031 3848322
1600123 5268093
3961058 1356956
4409372 7833213
408413 6726915
4404832 5913556
2388703 7991004
8261276 7791305
8927324 7951630
8088422 2057440
9563400 1431612
9554962 6699998
3233241 4169419
9578678 223561
2681093 4874722
6652582 8718308
3688831 1849315
650103 9473974
1588093 4457462
8216575 9076226
8858867 1363326
8623570 635471
8637336 5737505
9834054 4827233
5765600 1856451
4554735 6879038
1650175 8649354
2751906 8086185
3526636 5746779
4489461 8096680
4655322 7223003
7821884 1951361
8430271 1595630
7382029 5844280
5278416 6567609
2645691 287249
5067778 7641763
439134 6833171
6094346 6076110
8175944 8489474
3449949 2510370
2499985 7255524
5322672 6645570
9762571 6410108
5166327 9179028
6664269 1278673
8546025 3907773
8413739 9482662
8436217 7141409
3269563 1602562
3441373 5040742
5378129 342825
8081162 3841904
3928962 3698848
5184053 472293
6753700 161581
7639763 7078442
6761035 7675603
6757785 9007331
5285965 1032025
7795324 519158
2287038 5969986
1584944 8475016
512499 7285845
4607916 7959037
6197506 7656982
654499 7526651
1485759 9957066
1308299 3396326
3083072 8704758
7904665 4092261
1151577 9810272
5172034 8147546
7060255 3877899
7410235 8892653
5085288 813374
4644089 3466113
1170120 8465277
1655601 7689276
8754196 3842701
6394455 8595714
9573858 7522035
374946 7191673
9343879 289396
2043909 4818310
4722070 2107285
5059127 5538125
1957990 3529372
4139307 4505524
9629452 4143372
3399703 1266912
3586396 5645996
702576 6840501
2794091 1061888
6377706 2917721
4546959 5229389
2414204 7241136
5903708 1637272
2512090 599520
8370087 5224615
9569016 1453006
9229446 6862333
806797 260127
8403277 7090273
9863436 101431
4442258 462039
7917099 781371
6519721 6922788
7951327 1946514
7366055 1554509
2021341 2577887
1002338 7082007
4358042 2385159
9371118 9380615
3329227 2423345
1939616 4243171
8566244 6466752
9014542 420270
2427292 5294809
8790413 845103
8897382 3876066
4350640 4176362
6968696 1618688
9067983 3495844
3735496 5578904
2779132 9441250
6247305 1255502
7801614 3010794
2530097 3711752
2457753 5273535
4759028 7807466
1672307 5037224
6790601 252506
6680752 374952
233060 3673213
3480997 9823494
6431929 1544887
2481256 8937670
7341055 5597998
5197773 5708973
4673577 793159
9796458 9186369
5881709 835238
3967635 4384197
2419136 9014321
5442014 804672
7661655 5005580
6137374 9070965
8215719 5145886
9949034 1828331
3599333 5795081
2915735 6153318
3909254 3468085
6016697 3493995
4152638 4291397
6445733 9278912
1142020 7964575
1182705 2869864
5471883 4871399
2352369 4424490
7862089 7244547
443579 44553
3479283 8653848
1832995 3592396
3387646 3862282
9689150 6423543
1404063 9512575
1213154 2790479
5438283 9933531
1672483 6189274
14902 7444293
3688406 395227
6379607 2219808
6604049 5035097
659553 9635473
5541544 2275991
2211019 785918
6781745 2361756
5337288 224524
5328512 6905900
7738958 6061215
44075 5487948
7047186 2017757
7088645 3796162
3477513 5108779
2091558 6383761
3489000 7176494
4576 1442687
2545699 209993
1210442 8681618
4023409 3906980
4444473 5700622
9544645 3265058
8413760 9705208
942806 513641
4347446 894869
7243287 214878
6196528 3527914
3744062 1049381
8394242 4355517
4290240 9369124
93121 9131537
3097682 9532671
1004483 9250093
3016937 2423836
7088796 4709269
7496122 7465632
2663202 4270350
9883193 711536
5232617 4540317
9649181 6955184
4024646 211847
3599705 1990853
2651471 621009
1693731 7983958
8585816 8464193
251760 7826118
2030710 1712346
191605 2858042
4507391 3097059
9935015 3940120
4487303 470112
5099195 5575941
526564 7005206
9773862 18406
3082154 8952842
3389084 9658079
1623342 1674754
2079636 1007574
7092870 9660161
1442241 6020591
1309062 1322446
5586970 1411088
207044 4027373
4688466 5537374
253332 811043
3395039 1490621
732171 3623541
8394998 2790867
8926207 306472
7649420 1996805
6903172 1102017
2134869 9314423
2819312 2790022
8349256 4753679
4937047 6771962
1760920 2261362
4760334 4935396
8929340 2082564
7829419 96712
7989351 8373483
2465922 1196267
9071503 8128267
5686184 6231890
8679529 7889930
4682739 4470082
9611882 5524557
8154231 6259393
2481607 6735353
2616330 1636371
2746997 9332594
1092032 1477948
4034729 2365533
5793007 4332675
7196503 9297825
50346 9854316
5260597 9098337
7738953 8806972
5220793 9996034
7150942 1815417
3313046 1355050
6003392 7953382
6554178 8227006
467588 9373962
3878386 1168995
94461 6799528
8799771 1966589
8636611 9315911
8293234 4185266
4622504 6785707
5901675 706662
6566211 8879065
3145149 8209983
9787881 866711
8468187 8478754
9537197 5413096
8397564 6651571
8579046 5075475
5779347 739032
6859049 2523163
8685398 9475638
3870794 7792711
9620410 8831409
8455646 581787
3154804 4927727
7568059 6986588
5477496 6154325
554101 1869840
7398141 5019527
3553505 1033594
3997687 2009067
865045 4352545
6084250 6817318
5922790 4867400
326364 2703516
7631463 3512566
3133171 1426674
5418991 1638639
9132114 6117903
7328659 3329848
7004335 9130774
3927079 4633111
9422207 2460013
4372928 1169295
4040950 403640
6887859 8506598
3192715 5552349
2431766 6365474
7531250 4937985
4274750 1462663
3595167 3069576
5436095 7386906
7196617 8568216
1954414 7390240
7405539 9040149
2494432 8274206
2838691 3090341
6211435 5054042
4546814 6202541
8504484 510423
8918697 7941074
1297374 5993052
9817881 9121912
9910576 2465133
6067330 7664709
7189103 819791
3534811 1689245
9036207 458503
6977751 2704294
3483461 1021146
8946925 6806725
9024839 8962125
83536 7584798
3202057 3754406
8091382 4176663
794016 9115624
1327508 5951061
5464674 2596186
8241567 6724028
1123299 2875136
2875084 1711602
3904505 4475295
3643536 5213659
7114424 2885436
6029471 8106525
4929269 5738525
1018224 7769629
6326598 8510789
1155254 1057664
3201920 9684603
7207015 4163242
6745142 1168835
7489592 7431872
6184383 2530146
3743519 6719017
2639279 1842397
8581198 8561800
8644572 3950585
3676221 9292738
3410650 3182267
5220256 8682878
2120575 2289257
6086252 8200351
5236703 5676550
9624405 9085002
3459151 2058713
688466 4917349
4188005 6472934
5475606 6452757
4956149 7196146
1401111 7796415
7705364 2881410
8062218 1809159
8994968 123611
1034212 6602323
7171862 5951107
3500378 4464327
628065 7534909
8752993 2508233
8293008 4497168
4277421 4617214
2286072 1253312
5913653 3735114
5053997 4800594
5282348 5044563
4130564 4421643
1075848 8391422
6569746 6230897
379263 143215
1889710 1780935
762116 8913676
4581994 5149076
6430925 9842553
417053 1311131
7410127 237980
3266907 2808419
9822910 7707162
9010297 2564400
7902737 3565400
5632141 1438471
626555 7252090
2174444 5559982
7360371 9919078
8100778 6194984
4732716 4022464
2850076 6178876
5915548 9288046
5435735 5426157
2904953 4929173
1718065 2275970
1700662 7887769
5834174 1608447
1265928 2256032
7742036 1538089
2888806 679694
9386631 489862
2278404 1307146
6172077 1624409
624342 2611062
989402 2972841
563347 2267514
4356707 4806073
5902510 7595129
836445 9232656
3161053 4188185
843551 6896242
9671957 9212734
4297787 538852
6474891 6100878
4083208 9106987
9150132 7995630
7863450 612813
3727813 7134082
5573831 4473869
8188467 8635056
3192739 787954
682290 59677
5343491 8507712
7195321 686893
1086973 2863228
5649659 149254
323045 603115
2997102 8186381
3736400 9106066
7334600 3939302
2573076 1938615
4450044 8638455
1818950 7539165
3326912 4658788
5909305 4616011
7847304 1504275
3401733 9523845
1604107 3421737
7613308 6135888
2010685 4616330
177333 7163057
8125778 4770909
8291460 5460461
722112 5750916
9808127 3517321
1172541 188966
6345082 7352267
8094012 397352
1750027 3265718
4718579 3619887
7167237 4564113
5663319 1022879
484736 2066656
1914397 3028126
108366 9179240
5990329 2358289
758790 951470
803554 7379356
28285 6552568
2716811 1813029
833607 2986697
414443 8629456
8478009 458216
4731893 6720003
1210856 8162265
4481759 2369379
2821162 6129249
8407966 5485652
8464532 1017093
3578599 6844284
3672441 9547146
4043567 3893312
7416945 8920565
6359979 7877060
4305102 627596
2372815 9323118
9826087 1222738
734802 5104611
9677776 2690446
8385191 6492551
9012575 6870468
4628229 5543424
9135656 9849273
9063007 5826482
2449985 1938930
6634603 2310979
3012862 7696820
1603102 3831576
439540 6034437
7298861 7228117
4039417 6441896
7017612 810848
1388833 6883492
7808114 9879006
7927489 5980221
4277458 6904499
7121903 1822968
9277795 8759173
2292095 6674458
3270168 3075001
7181191 9037993
7023143 5612275
5787611 4375144
4617989 3049753
3436944 2388318
8690791 7358288
4501372 7145422
2884290 5692412
3792051 6764991
1487563 2110787
5666699 6585205
6938359 3704073
5438616 284405
9346810 3473780
3112367 44421
2657355 8478185
8260070 6279720
678301 1816076
8261265 7669157
2528998 6110147
6302149 7591039
9315419 1828659
6593496 6728061
1331825 9990592
7502431 9719331
3762013 9482512
8523309 8533814
9938452 6058760
2653657 5856700
913867 1152716
6785976 5126648
6398966 7913794
1290078 9984753
1942476 7083022
9753120 7680746
3084352 9259799
1531924 69738
1210504 9379199
2271630 9331637
2309145 3725486
7556515 1317072
9200680 5605703
541993 194432
6403114 7658160
934580 8826443
2967764 5850125
52890 6523252
9153179 2676676
7718895 7819266
6193715 5571321
5858312 9125433
5136019 3391507
9487867 3973022
4213102 5297845
2453404 8913270
4033082 5678148
1283073 7248966
8794796 7791590
1663614 798804
1274425 2113792
4681256 5451299
7312662 6434487
6950997 9449594
3901752 7852399
8061081 2732381
6742996 1254478
226761 3524624
8536158 1043256
3673723 2178715
4545421 9750739
6377476 4375488
4225876 886276
1139319 1608965
9686121 6359279
9096747 5570608
2976834 9647994
1826357 3493188
6075282 2169033
4695657 1532296
7368270 2996547
4660444 6819200
2055853 2024203
5791075 4810993
4733731 486406
9911444 1022560
511717 7574874
5736004 7189267
3368039 6177388
6477319 5789965
6049119 6494177
1644210 6320917
9225795 2372253
4255963 8127919
7438150 8688581
122581 2212255
478 7258944
9071288 1535597
8219200 9217457
9873239 1821531
2460513 4678141
2084423 4428911
1319157 6428363
9581917 1337711
2450803 4508669
4479663 6563550
7156495 1683515
9682706 9475459
5720253 2161896
5031193 5482082
8157619 1780906
2930715 8713024
547814 572262
6306733 8799266
3624715 5952704
2307491 8206029
68631 5164573
9149970 2928839
3263807 7292964
9646928 8946131
8075000 8442552
6718321 2839032
3488759 2950143
2161226 1095290
1690800 2120285
4520433 3350366
1206106 8661496
7812282 3467241
5240808 3845941
6348731 6389792
2754192 4122936
4011464 4316617
3845831 7064039
7767414 9938536
9931330 8334950
5605531 3932097
1674486 9411739
6550859 6346843
9527704 549163
8222684 533882
3959324 7801595
2042978 6239139
2871353 8593583
7867954 7012764
770274 7512492
3822434 6256104
9814862 2014617
2789318 3192398
9741168 9648089
3038836 8527313
2731134 3754641
5811136 6800696
2665581 1389736
8774591 335239
7358962 9671233
1558087 6046211
771330 7620801
4452204 6251826
740305 9340367
120579 4806743
5407702 7182285
8461090 4613752
7134148 4377315
9427613 9322075
7356690 2873844
3291658 2926980
5628531 4443814
9541949 1000888
6674909 648029
9468363 6648060
7327749 4975935
4060298 8967957
1085408 5658033
1996302 45065
8084515 2827607
5713069 2676763
1256386 5409431
2439035 1403474
7968500 2504342
1876685 162802
6368172 3876152
9556921 5426560
5556257 7528995
9329043 1280961
3023046 3918396
4329841 4089530
7156305 5210023
8315047 4224816
334135 7449802
6631114 9061161
9852845 4866505
3931952 7831273
3207976 8901258
1704045 2090740
6734172 475826
1891543 1180049
9369408 7853989
6782209 8174789
50823 2031625
6757955 9001043
1488296 4286531
9002031 9528001
5229526 8718711
7222172 7765973
5844999 8768779
419103 3160210
5945328 3632676
3961228 5347775
7098246 98470
4206456 8277600
8098686 2474423
5389881 8145210
6179789 1547452
1159779 5033042
7619879 836569
6777803 5036526
4287363 3612660
4943495 49169
6053652 7990577
3958763 1119618
9616208 7829110
6848909 8582212
7320429 164072
9555905 5570078
2232670 3586795
2370716 8807828
7703769 7222437
9916276 1377644
9838290 9501179
1605853 5522857
558080 675601
3612205 4587665
46935 4265165
7819127 9215402
2754059 9111380
2972563 6188344
8305811 7653514
8048531 8258624
9587106 8416533
1012047 8004615
1575342 7236057
775641 793106
9167852 6209788
718984 8118566
4527697 5293923
3763440 1634249
3080978 5029170
1685479 716990
6028964 5411663
4771969 5436172
5054395 8926303
8487187 710647
3388750 6536774
1006515 4664196
1647760 8848554
3536821 9220600
6688632 8212336
2539567 2560728
1207609 7192892
6077557 9282922
2623305 358388
4226333 3122225
4468061 3976125
7318394 4283252
2167274 2895995
5808419 8400951
6710948 2553684
2443373 3152191
594178 9154604
