946611919
931139861
283673955
683766221
103735350
257297866
898783413
606217130
623328447
334322081
848202338
848365673
518159235
238472758
561844249
191381970
174995203
812889597
850760435
152351889
695657016
829592469
699599599
613018091
48975972
669716622
942053420
688312857
229199201
777191904
878825113
77832125
118451741
678353520
205596739
108152346
662093425
742614260
89678870
872347137
165525820
767966273
890422146
594406399
229196282
725951089
828706752
98136191
748856531
88059500
862249506
267914410
483599937
552640250
259302565
390358283
416502722
498461645
265727161
133218845
943406157
542899412
814209586
42503831
19448315
474962496
544764133
150057306
743143366
273499849
559244163
922108072
461079428
939114819
171750731
406929368
444568795
900719916
823929308
671692159
834629192
123521398
156850118
32098440
838757644
355352332
397996109
996028154
285380771
551050584
661957739
116183852
734297740
348914847
186376116
358004139
334846125
976400538
931429340
4770075
743807678
428880117
908055741
341628101
476469359
83290280
825080992
98943385
812548525
916863808
831432731
450488098
802909368
734994499
105783934
964457942
92261073
127003246
769810506
171504202
659811715
449673413
632516324
782229237
705530970
926502870
890031727
250611141
271688904
184342753
210651066
411663171
353766692
438413940
977394459
902785556
440259
881346815
152563405
314283330
547421627
585399234
976974548
605646500
819351621
788450342
530122644
252275409
168283075
202664101
63491580
12769120
565213604
100225420
864513499
684411065
542584193
268212291
258342475
95554786
367322278
910282579
977173624
589110633
858951536
52966811
179790618
778510070
297959230
685197643
438417560
173475898
332076818
71562433
245470071
462196594
492032936
794185592
799144322
979184676
985695826
729866912
244771990
819541188
5702429
416229228
621566924
812314122
733135423
853229112
461006580
913427893
275944294
312784945
834002196
914051611
702755240
958364189
227742191
126107766
917776273
614666455
289529627
81889941
504041783
309745869
941330221
749486564
42145969
166736709
847804525
91718240
942800243
348929084
735076772
355747964
420483102
599654159
644536563
127717287
89366454
377899186
195602754
978953922
857155839
453555112
736130717
783630574
872720948
511508188
205791270
236426817
96781825
453176766
918008099
901725078
51006478
345978485
636934837
677347102
423979946
229861341
157879475
277322575
752331820
939337291
459360944
313398327
997564205
135270603
595663922
760121049
382866357
814697803
262441532
884208542
835645592
325489615
495683864
559798986
180047319
61815840
460953886
61988486
314463769
378636594
593928827
550929677
418300815
30571672
973946255
797460146
933174422
865177069
489948934
143677435
529073728
779725222
171493661
889209588
431916155
108359069
424461124
335296097
811534348
846734194
636572919
399691006
534846711
336587160
738701571
395943942
833072017
154388888
659184539
144505187
280369999
929609538
548546428
223471412
780736840
895931000
338502590
306482885
146663910
397810566
369189158
409198288
388492199
232398670
386148605
941921377
929894143
607495974
392548321
742656375
481895785
309665422
262347796
405136685
613216443
321158994
184215524
985238451
995381152
790936627
138575409
714238392
707591495
58711863
578478464
510657203
49922680
308320010
4629509
258242673
955057804
498500121
874312254
268833689
231534602
632994173
602911807
158887051
845832315
85351451
837490917
233520741
53508551
730300771
639227489
755932512
14129384
778862015
728794677
365518915
609716847
306696642
537537594
92080548
229538402
531549008
347557840
378009903
541906462
341499498
660774820
889340817
329543385
963009117
346174074
340346471
697252414
302889923
225180007
923057424
699568781
710568127
235737676
781791003
983094406
535384072
556823648
336265842
94776471
768447433
81490850
414334034
626862482
162315835
246341728
147859366
617549598
703983433
454501122
321349563
885228033
633476849
213061917
409996024
708054648
807205349
319520824
329327504
364332660
140716081
567522325
386974081
310649693
521891253
103620239
759326716
786226158
827496586
567910292
794340931
955574861
226002791
582995970
492598055
335846793
447938012
475730398
394838916
441974559
663083985
546666591
132004851
450390518
111389732
862680765
456514687
112920213
326193521
57952806
912563567
456832622
984766627
294438930
519162546
55784782
919183733
454555389
490607591
954426672
211246211
761606302
622252895
955262760
699579601
43614941
477417962
940002955
851491734
33186976
440334421
423118872
741316433
369854809
421067818
826248445
948526243
926793910
962540544
755419700
500326332
818575090
398648717
761176102
560032683
313780513
690103217
716605464
191555505
685408741
399366584
990350889
655453992
857434336
714427471
66303943
432118909
511084690
879202489
272298814
846659239
930212356
153688824
743749387
255854552
995877317
965697995
921892069
260075279
320900252
814092209
336522558
785051284
458602321
309772975
846896567
816121232
85854979
111015550
993667864
314122757
240155499
681422461
656303976
885184301
875030372
550731891
991588897
540191093
914229539
920095545
345903222
733772232
681261420
983863428
698551783
383789498
828843037
520397466
729243528
332994685
45571023
365717813
779235378
794886335
125240826
548479576
166272565
426180530
184634548
570912560
928100680
887801850
933686994
474608559
963587125
867651602
106662989
156076512
757404538
32932955
186603355
213584338
160292782
708951616
424298379
653886250
444035599
682620402
768661929
26025481
20026584
992314927
345689389
655223482
879295616
510359629
424377148
790097825
547089587
764787206
9542728
664487627
608263537
263408254
140312971
268358160
254214707
51252503
513457539
708870078
124327004
94204958
264241335
297218553
829828969
898526645
118215382
842201292
243100229
725678191
962590858
119210142
874512977
462426801
859611235
641027409
638672554
292763043
712812507
644243241
522656821
567763260
183085462
190344475
821712321
280510992
877897637
46502789
476029405
563960309
402853182
883433004
421987290
793182008
977104570
774152918
823720500
896783501
408127421
392804884
231704287
510815606
985899833
791864611
272761493
94821665
152921119
773834221
230777818
149302399
718198598
360752354
552232376
774710109
433684640
704106231
15306386
690640132
673650135
686108877
20182965
641843771
430354144
258100023
352843861
990810858
479952288
787614437
985506839
343817884
419744676
127851741
919339729
965678384
786595298
488726862
575659934
394782824
351879793
298190349
431468867
989144169
80766561
972119983
255857727
726563130
388921906
784667465
32187815
538114025
243211520
288418109
207912882
901157972
341568364
200698520
696940711
403646965
773552079
609263458
535663129
576164886
944557615
351164090
939805415
504556822
80670805
480030384
597566472
59116873
994240910
907358029
44315396
52970830
849069448
844165031
633120720
553647303
447664984
925628718
265942762
26976570
224672242
486907248
688488533
927207488
208859670
563803491
245398548
62604002
764175204
120102205
32610843
398242070
853526637
141960334
856836061
680711761
68593008
820697861
223130020
771558834
331420859
531656603
959785252
341204551
423901232
123928745
500029340
297342215
541163777
763872017
34443958
102668829
359549115
824826158
846567840
520839847
944135454
233904249
410394191
389912827
66976726
399200364
655734723
712787507
94737938
862318086
882096184
25427853
638000479
578370219
711525734
92377936
557994863
945357335
198421532
953419993
953820171
649032807
207635756
259626542
93488992
705950076
707690600
475149814
27125024
740813705
201377827
420480579
665838489
485567387
620509752
562554606
741969805
907075864
742860230
143706468
105056003
699471729
282876617
463141081
159850035
492196125
549993350
443263683
923752181
808313558
964648517
850705222
390548033
464463451
750081691
446644393
111221815
196032573
667404086
428588853
764215611
958113271
853084236
516648845
497495030
652585140
216729529
606639171
877956049
403710793
651495249
641590208
248068296
428693764
369959596
963611465
521530810
268535318
457667964
574146116
597992150
515887193
915836726
652955106
122931044
819981969
28879969
331135528
308846577
367316891
279826925
752735528
473874552
349663341
700352584
201624384
700703252
944502785
106897856
650641147
875110702
554182346
896203081
526245524
767862085
335694095
702353963
755233892
162623561
844861521
522995237
777954394
948582536
739963213
124870318
248451813
715921201
512282105
204392507
363276760
267780613
559209114
754870067
743789756
446745668
468763020
115316121
268766902
643865808
38172717
822707338
45850761
305328395
757251584
118933472
370013657
780974268
68965352
223661798
567941929
57826862
62135420
718058644
626021779
489362041
704471864
721563538
501966386
178410388
278157680
243761779
611129163
937090172
702754427
927411509
635477722
833879620
778717892
5131624
647349414
515593130
370940834
938334130
218700492
749325537
611810337
804115015
779119017
204804539
390214073
750960205
452380679
963114639
734569141
876170356
417960262
733947228
374686221
716181378
825763071
749516305
454347034
959669585
210226347
51723298
777109381
932386571
985575642
764970263
596322566
454529781
429839741
821202228
649902950
192058182
92517332
719313121
494692996
449117788
331863070
967486816
183551731
254009917
996974035
153373026
838932727
286078597
947115756
12349904
822210503
878796624
185941757
647017929
70108422
701963392
392147646
849798378
859503525
120633485
107361032
339161319
344784055
58691479
115641839
248723684
963857990
64135293
46335093
302124828
126972280
943005524
942005368
719504846
664326274
109884977
295197806
158268514
822115074
757464461
874071924
79349425
678021364
476428829
929644152
437971651
229869957
234203994
180715264
850570247
352279577
27673286
24335735
796147519
483764413
433540429
44312473
675178568
673849323
709396812
52769043
424280871
172730950
106492547
88661578
778579045
50935510
