1000
3123668 2889781
8206425 3228019
4998943 1884411
937270 9442113
6606144 3411983
3250037 9421314
1757728 3773706
735520 5737581
4975464 154948
4865151 3839613
6549377 3457624
1025948 2033258
7358099 3150749
6364223 1445037
2378121 1665836
5521009 1562751
7133579 8789727
3994876 6555482
2538497 8946767
902121 2232182
4151830 6566741
3776896 6308811
4830897 1940874
9306314 5296661
4540797 2177734
7635089 7700042
9784289 4322083
9526749 183717
6721160 9390457
5851256 3089693
485721 76130
9859818 4961133
6052606 7212087
8726909 2793357
3880544 7536273
9217337 3870263
5898153 2885320
5027175 9936098
7119552 4943478
8555153 6500297
6363215 228596
2994432 6524516
7727039 1356123
5186236 2847852
7390905 5581187
1763598 5835099
7181350 9013382
2145408 8921064
8819887 1467452
2251610 4921742
2408125 8001983
9362982 5197189
4266488 9563752
7373228 2387142
94283 8019792
2034421 3368331
6584030 6861391
3842764 9043147
7195162 1265280
6290487 4135489
5161767 7331513
5032193 862181
5596912 577942
9032754 3720560
6744732 9552366
4976660 7603932
6519446 8098523
5850544 1339104
8536069 1412789
1916621 4480887
3572692 9382167
5255799 6404057
1900586 5578200
9683316 9453183
9933809 2923025
9012303 2275363
3632722 6709021
7717713 3440701
8123575 9338643
7253250 3121029
8170695 7557581
4719532 2158710
3500652 5643491
3956695 9636937
6065359 8572336
1377996 4156405
8051161 8479306
4979349 7595701
129075 2600845
4608378 6975233
2302790 1342352
8484741 8795410
5696315 1468333
9113214 4477025
4699130 1507965
8736495 3150503
7124270 2810201
2290976 816222
1072191 9455705
8718747 450366
4478038 9586647
7462824 2093248
6386907 8135531
2114128 3058717
2703097 3505135
1468125 2581199
5264535 6460924
6670167 5585549
4418912 7732971
3279240 9701202
8352955 9533140
6099192 1078614
2980435 5070482
8186097 6296979
6400015 6698427
574587 4039744
8487705 8838827
5827424 8868568
2423387 3161593
3476392 7426195
6882812 971903
8644381 2999786
161126 847701
7685319 8859542
8635586 1780950
5372271 5656209
4716665 8030873
7441695 7892370
7823028 2045175
5867296 1862548
8865884 4731531
7287033 3538128
1573146 7903404
863094 5373629
3034199 8496628
5143197 9975957
7679804 5247675
779706 7074514
2592946 7909019
2921427 9072812
6672225 7164781
8403763 716956
9390644 4262730
5380707 8619612
7099475 7487626
4242219 8807267
9925286 3259079
3430548 3029356
3683032 9753434
7879272 393199
5771856 7259
2851504 5992869
3041337 6245668
2932275 1468551
7796858 7656398
8130557 1309391
9395518 1532466
1756756 580725
2886380 8554344
9855300 5271986
5490606 1077450
3685779 3456767
4856173 3785841
7323980 9719061
3036627 9537205
2992568 2123246
212039 3236528
5870943 7787585
4317811 67515
4001418 2823177
5656000 3020782
4108355 8588927
2478167 3774115
6304978 379418
3957281 8256243
8505537 2507029
886471 3883575
4474585 2362343
4298418 4168967
7253409 7215691
9541514 7628221
4569700 94394
9149114 7995122
9818283 6412651
5601258 3063550
5321150 5376729
5972867 9127035
5534375 9704507
3616173 1677122
4536622 1489036
6147667 3090156
7077724 1173893
9840796 7797201
322299 4577693
5143411 1622155
3528211 167439
6742015 8167794
3911918 3534034
9642411 9052705
5196948 8516130
6742046 4002159
5443919 5203573
8718018 7486709
6510247 9313669
9725376 2396430
8446822 2176844
5154690 2051281
9009812 147330
4984111 7925528
6765050 169120
8886193 8487547
7748770 4005215
1350577 5151060
9523796 3937336
2188312 8177724
4026522 3988069
8687503 3081996
5945533 5316574
5669375 3239772
3618628 6080988
8366481 3300230
1683707 4093528
2457261 5473571
1120616 5004428
9732222 3717259
2692822 2971887
7869036 156377
9250254 9378492
9024800 9566307
3181976 6430443
3869570 7568837
9141054 7494326
9674557 7296854
1215879 1460884
539320 9890864
130559 671040
2107038 2003756
219245 3120946
7236310 5182690
1630682 8836131
8741515 5447596
5360272 5787148
7313700 3671715
398103 3305639
5404619 722848
1116473 8596075
6763242 6890555
43774 336019
650536 3151438
6751535 8236823
1107055 6208369
6161366 9055665
5062504 8954366
5645500 1415384
9552380 8110990
9964137 5678407
1967444 9412218
2519334 295798
8069209 2512219
3187453 4307742
2985268 6333193
2700982 2147896
776910 960413
4425179 5105278
6256720 2196850
5160884 5961959
4479779 1100063
9109323 8560686
5406831 2035198
4168040 5175499
3335199 9204392
5881108 2366584
4469467 2744181
5569561 8768940
9576075 489983
8058752 7798050
3763162 6418207
8875793 4283218
435887 4095981
3165781 2806773
1559349 2671427
1486998 6591749
1718227 7052730
6722140 2205753
38196 8281003
3015537 7451148
2227391 6313262
6716893 9119926
2365470 9017885
9103082 8692144
8490554 6227216
2336416 9604915
2870077 1747682
481864 3150137
834958 9640746
4133484 5733498
1806167 4473282
6144341 6895983
4687745 6530242
2549643 6091217
6517301 7655428
6627159 9488793
8689884 4054305
2780867 9597313
3527839 7682034
8841751 2336513
5266919 221711
2049629 689362
8100316 1251282
6023773 1842157
1523945 9387604
9807136 2897035
9394102 2807917
3798897 6741286
151212 5761207
5346518 8639862
2773747 5814923
1442074 2413300
510198 8649345
4600901 3656025
8808156 4713972
8836769 8639774
7014928 3821178
1919031 8095741
9271481 9925359
9761742 6562158
1548482 2163690
5843058 2986410
4786770 5767493
5292649 4986282
7917907 5628825
1405759 9129511
5892846 4764094
1335098 2292251
5417101 2536271
2366181 4291262
3959767 4481826
7374217 4203657
9027638 2281555
5326382 4433845
3105363 1498809
6096541 2985532
5257623 3076206
9382496 6432597
5141803 3919563
4838079 9343227
1137400 9103592
3699268 3660518
2208423 5360159
1026871 5492367
7583265 9695113
2459682 5571760
7655438 6569470
9602253 5957697
6227673 9532440
9792706 7003514
6822570 7749424
1497417 9380567
3389545 1499999
6678891 5271694
7727681 8139005
9898866 4340121
8569881 8318628
4141542 2308658
8788124 5477933
4577937 8785
3084465 9629232
9891708 6356143
6664835 5722119
1645806 3576005
6651257 3424203
199794 1850445
2870461 9237972
9130321 9178302
6939449 4729404
6090643 362195
6088724 1945564
4374402 4868
4154424 2463053
4727718 1601803
7321038 8041575
2353864 675423
772415 2657476
9908722 7001531
7290548 5451197
4976749 2729879
9939606 5420522
7511360 1540780
5995406 2007333
2562743 9809651
7410693 1042311
4226392 5360422
6438564 4173161
9613807 809277
3234516 7265635
1728898 2544625
3714877 286671
2625628 3036603
5770570 8184901
5336454 6874708
3397795 5139872
57416 3335350
4497712 8605303
4416427 1797784
6030108 6585507
5750137 8424053
870734 6457151
4185019 6769797
9691761 9486370
2644920 7280066
8732908 4190054
1244028 6533987
6981098 4232931
72781 3426275
4791378 8691508
2533431 641530
3458638 9928112
4560640 3170209
2210120 21616
3683507 4051090
132199 153423
2348953 8612292
937749 8453988
423354 3473394
4085243 3437576
9431519 736020
4789506 6134486
7357074 5638755
8524755 9723813
7159067 5252057
855895 4471695
6647812 7514285
4129335 690796
30614 5229658
5716700 1811927
2720216 4392728
9296878 6691111
630165 7564896
6985176 980085
895702 6497772
2768578 2740636
8017763 3736499
6496533 6837171
1097286 3201008
3407865 213524
4178759 6249627
4394969 4472791
522991 4851565
1470556 3584214
5269896 2533344
6326765 3664170
8635034 93867
3366195 6813996
6707823 8268745
2975513 5474676
5379855 1485554
1776454 1663836
5849796 2414623
2518436 3526909
7942038 9337610
5818204 7399343
6949455 2770602
2644312 5834636
532599 9229114
9275327 3822189
5280471 6584754
5504123 3097963
2520185 2575819
6392629 9630558
5821606 9146623
6284886 3964256
2759013 7744774
3233799 6679113
7818754 1418584
1384497 1650996
4751235 9543472
244093 8342008
2660276 801927
8021076 7955503
7051547 6998548
8209502 4360113
4833411 8742226
3679622 261528
4556533 3907449
9807220 4676925
7779513 3185410
4543760 8969913
6454489 296486
8443141 870372
4508701 7542623
9693754 8035160
9712654 8475108
8228442 9245677
2669686 6638000
510924 9606334
6647389 5226107
4146619 466466
6318605 8420415
6599822 8304307
7997454 4922803
8846831 2239177
7224106 3801042
2491720 3389822
600681 7603028
9488320 1564715
2116884 5234098
7909825 1626729
4330933 8709541
2218612 6332176
3811605 9709607
8876610 8685370
4050108 9085807
8945236 1823424
4958067 4929912
3975699 1302074
6684996 4496634
7498408 4312578
8729847 7770095
5711484 2977201
1974294 3167758
3484856 1780511
2960873 2874706
5213637 517863
6940026 3080691
517067 8330336
8517009 2390378
3419445 4904995
7488567 2863856
9302699 1021834
7834294 805631
5239445 3315503
8082967 7252687
8322718 198120
8962594 314457
924845 2324305
2997984 9381974
7808877 5432257
7649179 2428223
4301253 494546
3632091 4341966
7747424 8356828
6685418 813434
6844837 7003385
2699728 2957054
6714046 4719362
1251159 8430547
4451861 5629328
4614023 815792
4822993 9344507
5748137 7050767
4796380 2894813
498887 3168426
9092191 4726927
6403754 5897977
8654019 5099946
3805274 7963829
6865201 9931398
4923936 7570904
6212114 8306365
2607622 6846745
3151247 9218471
880084 4179699
9856657 9981918
2845716 1068958
2091456 8326203
4694926 9401875
3064327 845015
4156492 7313164
6127758 9957386
8647190 7247616
2193342 7274351
9947765 2233770
3059391 1331932
3365683 1465218
9323900 7399149
827608 3753537
69788 3804025
4403246 6192865
3031050 1319194
4967230 2877721
2277485 3397801
4806351 4571876
6036784 6066238
3935853 6545018
6267258 7763635
59230 9084373
1374773 7955617
3997486 7162028
5196810 6158816
4208035 9314042
2433379 8928650
4581576 4551030
8874727 7229304
2799462 6039067
3114880 73410
1224965 8924194
5488343 8748483
2488686 9315458
2622677 9415698
9766699 3964278
4481187 4400264
8862980 8590454
9629226 2349248
8442627 929467
7853203 5293713
6365424 3386942
6415559 8593428
7953493 6066232
5731822 4684708
3813882 5462051
645619 5060824
9967977 8476855
1906302 9251850
8343658 6224749
1106807 6639826
3587974 348798
1845385 2370699
5496327 3599844
4604827 8177099
5932661 7089879
5000408 749550
2430106 8421071
63399 4686476
4438527 4988296
5846707 5502973
3724395 7265656
4939491 6223194
9942634 8290393
6436321 8718462
8470210 745765
6976151 8661376
8935934 1960212
2872620 1540282
8278119 8680095
4750218 7909828
4042117 7644031
5003866 6536569
4824737 3243310
1712133 8130544
1444293 3723620
681652 6366210
4292538 7960089
1226576 2149962
1732999 7254665
9583106 1071135
170872 4932266
1477171 7386651
2958611 6068150
8525324 2260630
7016356 2125479
4656246 8364842
8597937 903861
6246681 9384752
6037509 4557913
743520 2349633
8135337 7533645
3628019 7784757
5062629 7485832
1317562 7717414
6551362 5026117
5955168 5224429
2658058 8794492
1991628 8424226
1927110 7708774
701609 4994208
5758013 6850556
2036574 4555133
7781115 9831800
3764886 9200533
7022790 4821714
4733368 6829439
3909802 7156675
3697262 4166165
1069421 7264196
1964450 7396080
1813658 5359374
6353659 5125608
2380282 6376731
3475043 6035607
5287445 1530275
3059203 6405462
2858932 3439262
6708804 1612349
6183777 681160
5843279 9996711
7671781 3390615
1613837 7704362
9142599 5352902
8578599 9732386
4842195 8750796
2461574 8480294
7312783 6925796
1355602 4488464
3170246 3124999
744950 2595705
6929537 8463468
1190170 1119417
1404424 7944078
185639 4798186
2615269 9537188
7591749 7517157
407136 196777
8097375 670403
643202 5505494
9145500 9557852
7285909 3853218
6571751 6585418
7601313 2851656
4842855 1436389
226544 8020672
8676231 3244488
8438666 3084227
5500910 543562
3784377 6110154
252038 1745540
4330245 5345934
9456248 500049
8296504 7203977
7106734 7158472
8141530 3852659
7958735 2018755
9865652 2581701
7594821 1507034
3715280 1888952
6851513 7569895
6518519 2493381
8538644 461955
4293552 2091046
1108095 4632199
4156615 8207187
1000035 7046667
218690 3135237
4948329 7312233
2270829 5713333
5952506 2212794
3641038 4929181
2699198 7431382
333361 9957300
6068256 5851096
1714076 2325173
2465480 1038358
7890778 7441176
8682526 460588
9740660 9671831
8450893 4227441
4935474 5810985
8538172 9180287
7469725 7030025
6653206 5174191
1665279 3116207
9258306 6409241
5548000 3891412
7620203 7719703
88586 5909617
2390136 1131714
8431621 9992896
1454483 8111475
8779931 9659832
1627558 4736834
9823060 4596244
4741592 7607177
5542521 4570956
7474963 2529504
4336660 4816410
3701376 9686177
2700526 277877
4190088 6211429
5148559 204440
9218260 3919877
134592 3959675
4330317 8092698
5727755 7089367
3854620 2404732
3320376 4667685
377130 2600004
2390993 4497439
5170720 7307597
9983646 7957692
9346535 5420078
4969001 5246391
1026471 4409025
5202234 259081
6935499 8606367
6664538 4079209
181115 5308448
5547219 9754321
7908383 3077598
7821742 4747771
7241698 6212402
8675251 8685279
5248683 674996
3617259 4651958
5264805 1137982
9760928 6402170
6639799 8371689
9240282 2462562
5613964 6563214
6867683 224361
88075 6363717
889027 7545031
5520350 8115560
5742276 3186165
3175535 6346512
6976494 6979628
4321125 1264533
7995402 2194022
569386 7891473
2215458 8072667
1801831 8320221
55295 9214980
2310277 9622673
2653865 3136410
9468589 5096071
321897 4806806
279624 9608408
6293833 7363378
7199615 6369117
8826897 9378790
4144699 1484718
9187019 1610603
104484 3531685
6330687 5526586
8003749 6166619
2858359 1924108
995430 6236072
1555771 27995
344912 9433126
6286868 287583
9422987 8099758
4882380 2429201
8449154 617048
5671916 4996650
5658076 2023295
5450683 6674339
2278148 2615865
5553733 5732918
8578721 5000802
3613393 5477211
7094814 4389009
6557544 2507467
5848994 2059680
6597715 4490623
319511 566056
6271005 1767728
7861542 376705
876172 7973208
3938873 7733062
656427 2884015
7124471 6018509
59587 2697646
71114 2252722
8305372 7270542
2932955 6152012
2281279 8573769
299283 3361205
1485686 6416150
3574811 6720582
4199497 2920432
891740 80663
6675138 5700495
6858751 8566914
5038889 1507821
2890093 7749408
8403720 1513665
8789198 4639561
2054311 7927558
3689357 7591319
7212944 7628660
6711506 505059
638091 1633924
602885 6167110
6445345 6176751
9363409 6320408
2372636 4134958
3508766 1472243
1631108 7362427
1435540 3037104
488611 222030
6289693 978151
5023618 73440
2057315 7123442
2290920 2263466
5628109 6990186
9480673 3425126
1845254 1538599
2241971 4048908
9413237 1198020
6624233 1631444
7757764 9740951
4444236 1783738
5044316 8437948
1030116 226676
6215526 8371210
1115258 4964988
8205259 8919963
6307736 6382220
6811956 1765704
129031 4498460
1051914 6485417
6628302 4670181
8119030 4063384
4855737 6725088
5636705 1304238
5059790 1696071
9744756 2743748
3037785 942482
6792600 6005874
5617376 7892346
1670646 8669458
2261038 1992568
7963894 982460
6874188 2508869
3008579 4785611
3402754 8701275
6697668 9193686
9538905 7376753
4997796 8186551
7288731 2060546
3358539 8520582
4198097 7276998
9845473 2308893
2230466 2502455
2280272 7284373
7000058 8605836
1755074 612934
6300735 5386048
3333918 2540619
3314973 7728651
8884110 8656379
2445914 8906854
5553660 6052847
6989057 4257163
9717263 284418
4721883 2673393
830769 4310731
2364784 732755
1150731 4365987
9218185 7417897
2505094 1591077
8675888 3829548
2747979 4165288
4649006 5554518
14019 9066310
7600778 7684190
2160535 5822679
343824 7716671
2195632 3786102
4144582 2322993
9829815 8689530
5368951 9371693
1074452 6985340
4733996 4219629
818162 4903255
3981101 4491240
2613945 8703906
541828 5599577
6102289 7055159
8309113 661176
894181 1288238
259477 1112382
1212636 491361
2146338 8068709
8530017 9596265
7814952 2651236
5009563 6212639
7047409 8426422
6591605 9015067
3695621 5926803
4681750 9174071
4103086 6281844
8231656 5481356
8780020 6863251
8009749 4884338
7769377 9105383
194948 224899
7956925 5452459
1034335 7231256
1366289 6748887
7294991 9109578
2939175 4074533
6475837 9276401
7487304 2905100
1975634 2444071
7108219 8841159
8180599 5892164
7039628 7302605
3966741 1701347
6425346 8526938
4044757 5444443
6265382 8125540
5662752 4043334
3654145 6763685
3266846 4237052
5426398 9865879
8146874 7546647
4844355 6299762
5741340 9699696
2368379 6746927
9794092 7468448
2160911 9798023
