1000
9621892 3264256
2143903 4789584
3851787 519389
9104067 360038
6415635 8253246
8686621 8324044
9115348 102412
1714564 584716
3848264 721008
6218002 3765870
9577638 7707987
5975839 172028
7508329 4525533
5158469 1738494
132681 8159737
4959581 8620798
1114815 793167
4408448 6938436
1761412 3476808
297990 5570905
4027794 6531852
661129 1076231
65313 2027526
7728994 7251799
69802 5963229
5813929 1548945
9620454 1176444
6463672 6583230
3606094 4650890
5178664 6176040
1702940 3128946
3060690 1632855
4281032 9329755
9507406 8908821
1016843 7239599
825078 3123434
1417310 3981208
6786531 3808288
7738234 9807741
185325 7862847
9865305 7022856
9781550 6307600
4432946 8169890
306815 6418973
5608448 5998452
776184 5892271
5105788 1350375
4665459 6976462
8914845 1968932
4735113 6251971
6998558 3932692
9351187 3279128
7378294 8395616
519593 6426517
7152608 7059697
3030821 2952516
997461 959216
1697824 6474093
1365388 2104134
5848690 4593817
4099328 4626331
800053 4247059
2337768 4649818
8874178 3592033
8552383 2187947
5674162 4689742
1258942 7978870
72285 9598690
9050844 3125350
3943005 1329127
1426388 4004066
8823562 1897062
8783901 2446357
4018302 9728038
6912882 7142502
5712915 400819
5065676 8466687
521311 1299667
5522402 3918410
6964798 256145
6736559 4047598
1651527 8273334
5391467 7325397
6017620 3608650
4293391 4117800
3819517 6987927
5731028 3773776
5230748 9713573
421939 4389366
5035978 4421053
7080166 4161027
3813984 1707881
4793573 8869920
9652342 6811761
1656169 1238966
9940710 562271
3963883 6487022
6864713 4329723
2728869 9064369
172791 1935311
8763662 2093480
4006411 4736931
6659937 5671483
9132763 4125312
7140374 5792917
6148995 7724593
2466151 3556766
8946266 4622268
8399819 2031998
9656826 6431340
782077 6471200
6555196 4787017
7907061 1831851
1083320 5660189
9073516 562570
4042568 6120304
4399451 5951972
8355333 3370380
6344955 4393124
252871 2151929
604998 9604209
6370217 667905
9906164 9391541
9588482 9163692
557054 6796313
6344171 3760196
4855581 2537863
1933118 3425489
5778507 4271398
9480084 3381404
2599488 2621152
4291398 4837679
4721781 8139102
1698796 9584339
2378147 2853129
7004257 5336463
7947587 1471498
4855995 9744687
5701391 7884746
745302 853177
5679870 5069297
3024969 4897273
4194251 2595306
5472750 506997
6541934 519133
6178654 2674296
9623073 5703731
8100209 1212299
4499035 9562644
4558017 8108790
2150871 4194283
4358823 3376194
7477517 9156319
6731195 4573113
2637878 8928859
4879063 4313060
8046155 2015494
4444436 4145034
7172998 4372299
3790667 7510199
1483359 1432401
7158932 4744369
5172111 2774146
7013321 8867844
4469519 4395272
564610 9721718
7995672 6594762
2829466 193810
2321060 2025330
5062056 3768481
758635 1848425
6734982 5217323
3756262 1284312
614092 2087417
989134 8107176
11860 4825109
5283740 185218
7320631 3425479
6114698 100687
5073742 9590297
312848 6108984
3271089 3313107
3612519 2011430
7054778 7156095
1657736 2009410
4524034 4125157
1931692 7970421
6518497 7634831
4780749 8918759
4198513 8857541
2839971 4924675
3445643 6520593
3027111 4272753
1529031 6793531
533394 7518617
8551167 3359820
4671581 4125094
7631692 8218126
7735746 3633407
982023 5887881
7484089 7434447
6474184 1807623
2377595 2692989
6918761 357264
9987585 3236403
8500099 595438
10244 6270939
3950574 9800873
4144254 6448284
1448644 3682315
431527 3781344
6619614 3791772
7764984 5649104
2659285 576805
4507946 7495381
7768961 1907632
2955063 7538584
5068924 932613
9494486 7165698
3971871 737582
8137090 4138044
3933442 3893108
7649523 2964783
7240319 7775710
3719202 2754820
431151 9935416
1613001 7278756
1281130 5833480
1622368 952120
3855818 4004505
6843679 7182760
8257704 969972
5293954 6114847
2142237 1253473
9181887 3012101
2414721 4817514
9095888 8931714
4848878 5577686
8711919 6952193
463037 261425
9932820 1593129
3850118 2079298
7555192 490981
8362787 1109778
9383572 3786076
1686317 9966315
9463458 7310841
2902396 1796821
9543705 6441187
9812138 2233882
4047028 8454020
8291728 4093378
6367339 2145285
1410887 7055510
5193976 1843024
2452647 8125984
3362258 5312268
9764938 2150185
1713588 6848931
6464905 3076281
1802006 187198
1305852 2537881
1734065 4134342
4579325 4429779
7005438 2803684
8452133 5803439
8352695 317313
509133 6351415
8947924 4130501
5922061 2999347
8615310 7019035
5778111 8726573
2792286 6593195
4462971 9450477
5125629 1161950
3558044 3259516
5196517 4232412
7316025 5148836
7586381 7937936
3910699 8486894
2652464 3947425
7379853 3902626
682822 7218554
1570358 6698697
6485769 6905666
6224448 4113325
5124144 7088740
3918083 2906710
2694710 4608519
2035098 2837390
808403 8393749
985692 7703773
6698880 7520824
3759842 2537485
7081079 5983319
9547271 882726
1889711 8625820
1131362 212337
6782563 8144752
5019596 3495160
9056651 321148
5885664 5281924
3490144 8716713
3069941 9007133
8273755 6757792
2292005 2210444
4960566 5322314
5902792 1703387
1022825 3468240
8439801 1304146
7753005 9194395
1443343 4523643
7777915 6318932
4992803 8670366
6526860 8140260
5924496 7573444
9527258 1107059
505965 2523448
9894301 648044
6792980 8935552
9945294 6995191
6228765 2622055
12966 1305980
9846882 6664693
1558303 7254310
9601020 323700
6429168 3372380
9335748 5131501
5981588 9247305
5589074 192551
4991427 313556
3151744 9365678
965110 2847271
3162471 4132296
8533863 6540460
9697119 9420800
8140301 8897802
6776322 4510111
2194467 943915
9602601 7099181
6277153 9811256
8085613 8518900
3547328 2351258
6971046 4734204
150266 7124602
9043694 7694
3202823 1804609
5568029 286516
1705567 8987800
9470542 4264758
7057085 2066664
9606744 6717342
3168026 783194
753620 3007668
3968685 3482583
198045 2921474
102129 5126024
7171530 3473616
2095902 7150677
9327925 5108392
9496237 5921513
8957046 23506
1997655 7254700
1902184 3870679
9493654 4316102
4602914 5892737
5282721 6963618
6284669 45912
734067 5646439
8534164 3723174
6798020 5763968
8871358 7764596
2012046 81684
9120277 1997321
916872 3517198
3635185 1686256
7651373 5545621
5260012 6491890
9111605 1272339
3642335 5397399
6275481 2738481
7306083 7350185
2706066 9178585
7007568 2498608
1308954 7031858
1395904 901877
1719912 7057958
188812 825858
1786103 9068254
8153804 2328224
5094271 8041539
3075034 1325014
2846970 539902
1384911 4030960
5065631 1673720
5904003 4046324
8797417 7934553
663953 2607662
1241488 6287372
513616 239908
1889165 6442809
3648217 3660449
8905753 867785
8276614 8463790
3571118 6895076
1427056 2800275
9769348 4904693
70256 5302617
6004500 9287459
2591903 7086666
2200599 8239449
2264149 1289327
54662 3836606
9897132 1113743
7538587 8326077
6354044 6322358
7308621 3696893
9256031 5679786
7794647 382568
8355374 9858039
8726961 9655592
7784834 7449571
8452245 708260
203443 599033
7587706 8993798
6602843 6703362
5786267 7180599
8854611 6034054
2002672 5238880
8905012 2717518
4229042 9233770
4775382 4829924
5828827 1298686
4446931 1011088
6754722 613893
8081411 8166236
5635330 1336744
663680 5133329
2188723 1713744
5995683 4612534
4785582 7863078
3177989 2706710
1424173 6243603
9308542 144570
2475431 3312831
3932841 5672298
8961111 9530261
7756252 2991280
6194997 4968765
6459059 6941780
5052922 1412127
8918405 9988703
913056 8836710
6503916 6211355
8658270 5156857
95040 7129232
4335151 4391811
8597916 7593224
6374603 8552043
8724823 3062667
5484460 6151899
733835 7788771
6828169 4807613
5744016 9052952
6701405 3445432
900992 8982004
2629727 5877430
5007668 3070591
6635786 5612384
8639556 5912450
2977687 872863
5868299 2846343
7578621 6195356
2782624 3929175
8295159 9610560
6940124 2991225
6694269 7629620
3747289 9950009
6220232 2794593
4314481 8751901
6132817 7141872
9251514 6651633
9239889 2843850
5036944 9553211
4211266 4632856
3929098 1312326
4030044 2938691
3867906 4096539
826520 2568051
5536016 1115266
8253487 9389715
5359374 3628805
9165595 9717962
6670357 5690731
5398804 4390659
3398526 7696576
3946002 740453
7063009 2358219
2763728 460891
75161 729493
7657799 8539532
2117692 1333736
6374574 1300451
9523494 8247884
5026304 4562311
3029486 9798411
7616245 8361442
2938222 1946029
9627142 6589597
9884862 2289019
5811180 671650
4935225 8906751
5240097 9236120
9750134 1217154
7681373 7707241
3576526 7563148
6342168 7562430
9475036 3231334
8716942 6203264
5081591 5747610
5212597 1962968
9912505 5410800
4136775 1947183
7946234 3276786
4179262 1200045
7331284 5933800
5759954 1431741
8863776 9619420
8228732 6349575
2057975 530966
828150 7505652
4948657 8976927
1777207 66988
4682088 6289857
2149242 9772058
706549 6331397
8591031 9444069
1277168 7011891
407207 9208824
597172 3859412
2293827 9317754
5874903 3394994
8190917 7561046
2873269 7604181
6487589 6996659
5321829 9061127
3592604 2384124
7122497 9918160
2206755 9161688
6250338 5650682
9691123 7075633
8474272 915085
8342534 7774000
5950613 6379474
3036051 4108862
3562522 3381715
4222869 6955524
9632583 8619737
503749 2990315
6273014 8050284
8908058 2833692
5398848 9319253
3673423 1160064
584958 9842206
6974171 383936
7546568 8542479
6426617 1640645
1534200 2075826
4180770 2296248
5893799 5758799
3503373 3859586
2460205 8614640
4108981 7221835
857508 981725
2927057 6344574
2253541 9671327
8444252 928323
1711753 3333248
9485071 8435202
9372264 1170696
3808353 3686630
6412828 4799233
9036557 8075606
5856893 6032756
5010699 6932221
5716646 1935912
7488788 9441090
7704814 6843049
3381793 7385167
666478 7219133
1674603 4112014
7849601 8760304
1883628 3938086
4265278 928776
4981852 6711553
8616063 5513360
6825908 357192
3263708 4909265
9598125 2674788
3034543 936659
5927232 17150
6882833 5841759
6367271 7517951
628955 6861183
957146 2514320
3087397 9287547
1983378 1520154
8386889 6160733
509640 470214
6385120 5044973
3837750 630397
7651650 9913141
3319891 5252840
4756874 7230973
3040858 7772144
7555342 2112079
2045635 2531133
3507690 12403
2247240 2731450
278261 4922482
3934048 6823054
8574409 4576918
2655814 7702052
7232191 6552167
9642482 2763043
6074607 976175
6370333 7316598
1143603 4858359
4085824 5417796
9580068 4452230
4183573 6476152
8889883 5474791
4320147 3757625
8014000 507235
116981 4382705
8914237 5425026
6978355 7305161
2688218 1549582
3453447 3823531
4349153 8575887
2687208 1013822
4626795 2184782
8244113 4660204
6272849 1803221
6987898 9718878
6318636 4141933
2141788 1822973
985428 181149
1585968 8758642
7140066 459441
8300976 8693670
3329841 6365231
1504595 6692033
6940376 2057187
4774484 5532846
7441969 4929235
4309675 8814741
3481941 62026
5197458 2536031
4001692 9541969
3951360 7086900
474528 5028784
2308016 2064639
676026 3201776
2668954 6996583
195202 2411867
9409015 7643095
6650066 6359930
9596737 8396918
197571 2514324
8186415 2002607
5998894 58165
4409276 5111721
579371 4119459
4353824 7019855
948244 7860714
5912788 3444680
4012801 6390736
2845457 7697534
7731277 8638304
1419345 910490
2973711 1344611
2661708 549765
1797537 241633
3024507 2455912
9527323 7713955
1307287 91436
5580631 8733747
3447193 9554298
1815790 957402
5620923 2244795
5445049 3721887
7442293 7851544
2040656 9257038
7773952 8959994
550797 1235821
5462101 3536522
4599177 8858055
1045933 6262833
3316636 4523237
6065794 6937879
5965792 6871055
8349452 8987047
164654 7523535
2105540 6936713
1003294 296429
8856035 8100773
1158027 8791282
5913570 5892774
5618699 4499880
298875 7394931
5685626 1270935
6017702 3159479
9915119 1519753
1549980 7206233
7008452 4400774
5376982 1337987
2040850 8842840
655117 7179167
4553393 108423
9912379 8576596
4151996 7027805
4974872 4979084
9404681 1080418
4693149 6280688
3846068 9776991
5351299 1280361
5170580 1828958
1388740 1333152
8658371 4092456
5757847 2301438
7417370 6645188
3421687 3827628
2820145 1455102
2864156 9597203
3751522 8919388
7732992 4904796
1266630 7784618
9698138 3761520
599605 8196590
8518181 6382072
9454025 9833459
9208985 1062237
8487131 5332546
1409071 3010375
8090500 4150691
9125024 3965601
7038492 1493536
5283941 8638226
5476285 202881
7594680 2116229
5463232 2176975
6096657 6949281
6381885 4310740
2892457 9089361
9392270 6925848
7174649 1854524
4258892 6101605
2778299 3294285
7951439 3382083
759654 8728619
9061937 8118524
5008693 4192576
5682507 9480472
5160993 7079093
9070006 7809504
5526241 7061876
7135818 9885790
7804527 6019364
9792161 4715995
4432773 2385327
4027796 1845215
1601691 6191934
1442875 1494579
6450666 2761402
2020336 4045153
7782635 6136012
2051276 7764273
8582872 1252061
4933288 1021997
2306217 112661
2168860 9196317
7235991 1768159
14466 8072459
8093595 8845155
8944754 5995455
7709038 6652810
5937095 5908930
3769866 1946748
9152792 7089502
4382246 4434084
2462271 4293532
8497725 4058281
5296852 7222340
8204807 5655542
8761521 4290783
8722942 3477170
9945583 7536055
1024985 7053896
9893478 9346900
572307 6389087
7165361 8063744
6966372 233826
5098919 9169475
9450309 1485688
9419233 9453927
8874352 5744651
2982714 4283636
2932828 8798020
6616265 3236659
7314884 6544396
236007 9273774
9044256 1748364
316079 1550638
8695721 1350061
317048 4130363
1849177 2172056
2304348 4601758
6314599 4003382
2315827 7049569
2547918 1659056
8984728 8526924
609222 5865711
5553506 2462825
2857672 3269660
8537386 384256
1197966 2421920
3940683 4612251
5796751 9349027
6104668 2243330
4033030 8610832
5779127 7016510
2355179 8229007
3703796 7403801
5933431 481160
115693 3310748
9898020 5503014
7644859 4175246
7621545 3090384
15543 2939515
4137601 7945137
7619577 5385641
2237028 347440
4031963 7776804
8759627 2137591
2590710 6811570
961008 7171440
7808930 975711
8336842 8063170
1843833 6376177
3278228 1170519
2574292 5109363
5512134 9641048
3725388 5716398
3052697 7882286
381625 5837354
7148935 5245826
4408501 4479152
4451912 3978685
2320408 2166858
1418580 8933000
1752829 3500352
6193255 1066700
8385083 5366556
9126647 8912818
3920492 8361126
6974014 58403
97896 6038888
8240566 3480904
342985 6250794
6228375 1777546
7655144 6080374
3748826 8273425
8703966 3763732
6860984 8922824
1946115 6059149
4407979 8414806
5908721 143787
4360298 284838
2535680 3176054
9204720 6982239
4897355 5733432
830069 7100268
4224041 2706426
7336691 4162548
9266100 3983875
684705 1246690
8467780 4889183
175482 5297629
4599411 1010516
1251638 6668111
2251162 9449965
3173838 7393761
6707794 9810547
4886139 8232317
2908787 3787246
3219255 2098378
5891223 1004711
5551929 9501618
2074903 809384
787452 4794462
9967883 976314
4763832 1092279
6960845 8138596
1567591 4489830
6726646 7698162
7078080 1234260
8393182 956138
293182 2050729
5548192 4285592
2726297 1751120
3484435 800386
2174922 8884849
6163536 7742451
2634762 8104693
3526706 1867508
6605651 8968836
7128016 8568909
1419869 9470601
3581699 8582023
6278177 3823275
5993318 7943404
8384600 544085
6456144 4821381
7276283 2711470
4329435 2040729
8392388 8417057
7354847 3977140
7525802 7780821
9870710 96156
8905576 6057525
9550073 2505565
8543351 5891048
4693761 6709053
1665806 4370008
2800870 9545159
7195815 372398
7539394 1006532
1271548 4173267
9063662 5663804
683781 7250928
1924995 9676280
8096635 8920558
5918169 6562562
646872 4879734
2621322 9875235
6738003 5218673
5712494 4727010
2210407 847368
7249055 3602187
5763020 2219940
3598454 3766308
2172155 3569390
1142796 2546424
8959406 7029455
2284602 5881616
3140572 7599983
8757784 2961972
6367040 8207673
8549247 786798
2444498 8505941
8354314 3429894
7546571 9245867
1462672 4236037
528165 1477606
620971 4494773
8948503 6178285
372660 9272094
3144988 8005099
5129283 5129354
6887404 7211719
219186 4897409
7609089 9834411
7735322 4296013
1022482 5531649
1920851 1362166
5462938 8099952
6694775 1110598
755280 9535842
7697375 6069957
887984 357632
7674915 219452
7403248 3006387
3207326 6784309
5852682 8708772
6309479 4913017
1882552 2030653
4943319 1949583
4577522 5006628
9861001 1528643
7138673 5695045
6988500 3977756
9592238 5494344
419153 3283939
4649059 134294
3704027 3819681
914695 3145048
8810377 126497
9340885 2416759
9671349 8339177
