1000
415872 2329810
2552254 9451487
4575324 7558848
4531414 5664423
9455775 9948670
5722781 4879329
5415211 3223711
4166037 5833021
9924512 9228531
1037951 8317741
4026079 1668876
5518044 6146530
7220874 3247673
389101 7552716
1718145 2016652
3857458 6700061
3607653 6871766
7306350 5333957
1434775 721705
9047968 8388342
8118585 8986068
394 7775008
4976428 8847210
9510829 9497333
2434191 5904059
1362889 8696294
5138501 4814807
6655841 4114083
9851502 7307153
683572 3694622
2428780 9386745
8951876 7805575
1654495 9354080
1013586 5967056
9463464 474711
3530975 6139434
8388457 2232623
9987884 4405253
1458818 4281850
5312441 9092114
5020180 9438727
6911432 9567939
5302656 2267368
1434842 8495945
9423848 2793711
6700208 224789
5273773 8011179
2885579 1115351
2467438 6413295
7900652 2770176
5442702 8775371
3812243 2489922
6176557 520207
4111490 6108814
2716205 4027470
3643194 4576276
5553965 9598680
691580 705862
4945937 8179518
5538121 6662356
1146871 2264529
986721 2255024
6445634 832546
6143431 2822027
4207634 3855363
6572602 896213
3355977 9181059
9115836 9842752
1208070 6944372
5880590 4344636
6876973 2566248
4381489 9449723
4833244 2560174
6840037 5795694
5445494 7679449
1853484 4830405
8400155 9403961
2832712 1922033
3669676 6714078
4730936 7708196
2084043 1945243
8502077 4473423
5339864 3086464
7658842 5962914
8538997 6166238
7705039 2684943
6134914 2583878
9913756 5727431
1776032 420105
4154371 4577850
4616624 6581433
9380869 2136602
3254740 4324005
4229859 48087
9067372 8751327
1915677 1732899
3821977 1587129
9514102 1146606
4280893 6190915
909677 9810666
3967096 23117
4374340 7878408
827436 9096682
3892988 2289016
9761912 1387370
5062102 2859564
7563199 7110750
9505491 1283028
250146 7687063
9225907 5922658
2387328 5032998
5768568 5516166
3960956 8488668
5097699 7721650
2202231 9012170
4664821 2142743
9387025 2273217
2960751 289573
1752235 514386
9810898 8399502
3572326 3162703
2167134 381250
8341028 928455
7356949 6292851
2975109 837389
7723704 9973265
9298794 8815921
6329288 7057999
5653877 9319171
6834694 8810523
1096838 3830166
1779314 7095720
4152638 7876666
3964239 1294183
4619647 5562368
8093596 243209
7794665 8867641
5331227 9731582
7917405 9993590
7974861 3245303
7098876 8896392
4843506 4836454
3946536 6165505
4396813 2253052
4940290 6683696
6029661 7389865
1317225 5960360
4914276 8749983
7071104 8339000
8754915 3498574
4597544 5668083
4321627 5046761
9099392 7282216
6386317 2216542
8244203 7273194
5117305 7463904
3514889 2758921
9899362 6510816
8829116 8563862
9380935 1938702
6030500 7233890
142954 2256092
6437026 3578878
633803 628859
3318616 822587
1413293 6723803
3750182 2862890
4261263 4284205
5202477 1391132
4354228 1053156
7626190 2000803
6903067 7003310
6385579 8109198
8116614 4431999
6865828 3164016
8515189 9106694
8237275 5502360
8189483 4933684
3680176 9218457
4178343 6417979
4362308 3778243
2421676 9849484
7585529 4372135
8822329 8891223
4014958 7992214
4211600 6450446
1619207 1668129
5825201 396258
4943074 5358361
5503327 2099907
4750562 7377039
6307609 6378466
3455271 1431636
4516129 6292785
9788435 5941881
6983544 2543457
3088709 7946320
6231903 7849570
2271649 5365096
7859799 6584934
4092741 4278036
8037537 2650078
5563284 6467812
6051645 4287354
1759790 1805608
485741 3618347
442228 4064883
7998642 4591396
72456 7521685
3137869 7236307
4560842 893855
4080703 3949164
5803740 650466
2408264 1232222
5130781 3509743
9058154 3663066
5564209 1756695
7679078 8869202
6463862 6874987
57789 6255863
7819151 3972541
7692080 2607417
7350620 4622236
3992512 4615626
2207614 5723227
1240365 1384346
7979607 9357065
4397434 811355
184839 2389241
1651430 7287038
8687471 9790907
9756019 8786739
5042609 2773663
4223457 3527148
4361901 9615160
2940467 6326233
693509 8698070
6946088 8317036
9572632 9218442
9335619 6959317
2143369 2672805
7088579 9600262
2931257 2627896
6175274 9920816
4199239 7542293
5525560 4765123
6423830 2480459
3412336 5100657
6607175 7345325
6824977 9977642
79545 7099338
8780190 2328992
3502992 4328949
4914390 5819460
8100010 2643005
5020986 831302
5202089 9015157
2835469 7527447
2601455 2667949
7113807 4840426
4870045 9340470
1820224 3978029
6106258 9885601
4744290 5531028
9032305 3728447
7610614 6236942
6712475 8205857
3325565 7116492
8237999 1162904
7315384 9920704
6850704 1879477
5667495 9844891
1171935 8547914
6545165 9867853
9876731 8458086
5158121 4731144
8939015 6487260
1301629 7547197
8162147 5029563
8848714 3094044
1236017 2713814
1718288 1456662
2018769 2296765
4285522 8578013
7948900 8594753
6624463 7160290
6954316 2306162
9952521 5038293
8425769 6562083
9806273 9556008
3086300 5047396
9532280 7665420
7356807 2586375
4081774 5311345
887945 7759131
9740582 9370377
823430 744050
6743519 7194052
9916380 8074014
4562971 8582356
8221742 9639406
6922139 8561321
1733212 5156597
545504 2944245
6162952 8120322
9245866 7519272
6900754 2766376
542204 3876724
35867 2660919
2982933 9237578
7824516 4806591
7773687 3656282
7245167 7931155
3193059 6817942
7954364 5085379
512986 1371183
6928013 933408
5956892 4939285
6531650 2195772
7203116 1384953
6585596 9900262
5348809 2111437
9535900 2621744
1865333 493378
4142916 3018220
2181361 8663240
8866644 737321
6182845 4203025
6226670 4896442
6793628 6281742
2019314 6160046
9892365 6783215
4324481 4525784
454098 4212133
2681468 2762312
3563244 8722531
7733125 5102543
1057564 5260055
5611900 8718589
9210723 3385589
2242051 8293413
4637185 6056812
2206713 1734360
5716601 9839789
654465 2944613
407050 1993898
2165756 6072542
7684534 3381268
3548938 5568148
9245630 4500059
577292 1663513
5180450 5214897
4870691 1896508
2113957 3101574
6024753 4958608
2254406 141964
5181398 6623076
1220679 2384180
5658995 936907
5221929 4081582
7850794 3616533
3516973 7230188
2878555 354131
9188691 6094110
180648 7576790
9554142 4214070
4378992 8985391
2013773 6699492
5272662 3732911
985058 4545818
1748539 866151
1561886 7060233
241086 1741992
4124354 4896417
4417346 1778052
3544270 2720532
6532840 7242698
2807685 2173650
2051087 5674125
4684774 5104781
9461338 4624028
2800179 1587766
7005866 5333130
4444013 1837437
1236766 9054247
9516373 1472467
5332249 7255427
559339 2930027
6228284 4366065
3017457 7123636
8858726 7338241
2650857 2801759
1539258 6820356
3270930 9050974
9918233 4225163
6753261 906337
2228258 9216616
7845821 4371035
7868984 2158634
3927682 3217402
8641404 8773027
1474300 8598577
2782669 9924069
6600493 2856369
8294734 6156351
7390422 5195499
4024031 9044932
5001976 6898831
3449250 6585668
2914772 4288270
4373367 5620431
1443306 5916827
5168511 3894072
852092 6707236
1507868 9750287
9207691 3290205
8905838 8991653
204376 5221941
6236374 8556555
8009060 2007261
2657397 9959698
8002672 1240391
9880365 9332555
9999100 4470820
1867935 988040
359370 3199716
1521578 4067544
398172 2764473
5553905 8980110
7486960 5798547
6873300 2237625
5952010 7134884
3859189 1759148
9449578 2179933
1281972 2557046
8170128 696814
615346 6823914
4772158 3878344
2547920 5056152
3844342 984734
9688624 9374417
7611510 6084318
233010 2132006
4843330 3296188
7956728 7021032
7105562 9861927
5312226 6926632
4104574 4696784
2953617 5768119
4256304 1029802
5217254 786215
9639729 5683043
3256067 2803527
7141442 7278703
4034760 730666
5794532 7537532
5332055 7978271
389591 6625150
1386000 7433913
730782 229156
8676116 6774984
8513784 8897376
3002052 421084
9793639 1739490
9309250 5817544
1866412 6811036
4081774 6309404
1797447 5328062
4079338 3682601
7472507 2359482
6839445 2565120
961607 6030784
7474322 8830962
1725037 9807042
1238594 2004625
850030 9400689
2694213 9241900
8356363 2137149
8681852 9462613
808773 6352984
7304328 9485406
13276 6861107
9005131 6835670
9294930 5720446
8697189 910480
2613480 645162
3961911 5092124
5063967 5714409
9235555 8488395
4004280 8709164
6870089 6811309
8199732 948643
994442 5750933
7648211 1686208
8232584 6599059
9658135 5373364
9003107 934009
9116225 9357423
5501053 4330838
2390226 4657954
8609525 2623740
7063051 313151
9531822 1963260
6988141 7677047
2551497 7595304
9863992 2211130
1015205 9539599
8143086 7799226
1391077 9020548
3042384 3536360
8766314 1121175
3549279 157044
4405459 1211160
6932060 597712
9223683 1698970
6864711 1510700
8355867 476653
1247331 2215930
2240378 6727586
5990959 6344938
4057283 3143434
3343597 2778862
4889815 6390198
4494238 2976951
6319701 4008311
2845955 1380021
612128 3389663
4419228 5911577
4784472 2033981
8557611 5662550
3776863 5358243
6162226 4512282
533077 5209571
7223535 8532313
2200859 6625549
4064102 9064898
1689939 2397681
3717591 3308359
4751965 6249762
7807810 2705688
9351386 602096
7395050 8265126
5302700 5453548
1710542 870564
9090931 7627751
8677296 3366017
2232848 4010610
9773201 943982
9615140 9442654
1505329 6994525
7493777 6189756
5255315 5723519
1471351 5326557
6734582 9120580
642616 1021139
7343196 4154846
2969588 793709
7763334 5038397
9078412 9344190
8380789 7574803
5438114 7862677
4557417 6198481
631189 1743493
8021221 3830311
5643017 1369694
1537960 4174854
6367708 3709745
8436020 1949089
6572081 1807055
9580234 9973607
8970088 1155017
501994 8881673
3465123 7637616
4223959 5723001
8955586 5827925
2786448 7531112
8043110 7319241
1229272 6628422
4213616 4790365
6992430 3452612
1542786 8344547
5981140 3202901
8347132 1184106
822090 4475176
5691648 7904581
6302291 1657006
9365485 3837187
8091502 1472153
1022439 4141943
6679773 6657754
4425932 1112241
3046305 7263905
3106751 1689986
2773371 8323808
2358432 3917563
5187948 4608583
9202320 7987309
7423668 2261832
60401 4839529
1204309 2083091
7201379 6254400
593297 8534043
4133320 7429507
9883495 3217166
2503487 1709700
8162200 7607519
5456556 9932114
8701223 6827839
3620653 208448
1196499 5800863
6299173 164573
2727967 6548143
5564212 7113468
4678218 3489376
6635835 287916
5767126 7175780
2349916 7655616
3147140 5498156
63223 2124616
3297236 1552488
3577517 6090645
6921097 8491658
9740000 8359736
57122 9199555
8858032 4455042
6394721 9938051
9825406 8207620
1264071 2230267
4465772 8785808
205077 3433374
2104794 5343413
7566411 4616474
6525161 2009669
8212395 7928931
8559355 9583570
607287 5621416
905648 1252012
9681838 2293594
8542570 3094627
4870802 6313387
3504584 7888842
4478627 4911500
4356397 5078001
7506532 7396653
6979385 4318377
729620 7319040
9605070 5585155
602037 3524021
7459212 4526928
3055368 8525886
1119060 136865
820366 2408780
8011080 7692359
8508424 4649935
6209864 5629779
7327862 7975288
10997 6776087
183067 9995578
3875633 4551586
8608246 7215300
5032476 508999
4549577 8742023
4127127 3037717
3801621 9036213
5402052 7633503
8965530 7572927
195587 8921013
9074395 2533461
6908661 3097319
2585367 1825641
1886587 7996552
6008912 5289003
1933239 5195880
9055815 432141
8833930 5247128
673021 4032959
5253395 8785130
4179891 4259507
9412661 8103917
7042025 7459098
5547536 709107
4870497 4503140
9375110 2653197
2529052 1294531
6930359 3675917
6654299 8369703
6080772 540546
6782751 2142402
3013007 2898239
5659561 639109
4326839 7205460
3281273 494496
9811488 2227217
3145041 2829189
4639144 1162121
7436594 5452388
950258 9888908
7018717 6495279
9030366 5961771
4215763 6448662
3244046 1919799
2070228 522635
695393 9842114
5755747 1767615
3240699 4583835
8365887 2802082
9209402 1698516
8286826 7454950
7350081 5292990
3403941 1041019
2272368 7348843
2299505 209939
9401065 2431018
6660110 788510
1199627 6974990
1320190 7407054
4662649 3521511
1371523 8542356
6220820 764742
9119132 1722016
8109308 6921979
5980682 1307748
3295762 7179673
7092560 7419792
393719 8483568
6487982 9505686
7586829 9131281
6258980 118311
92532 3504718
1156724 7780147
5608078 1056182
8123679 5935979
3083386 8957723
2284774 2411202
7141915 9757711
462921 4568294
45074 291041
462859 9340363
3399999 6598308
5900587 5084192
3159491 2273063
9026795 4110934
9954047 6404093
5451596 2305824
3613333 6641398
3549327 8442860
3369189 4220323
7884341 3139182
4761744 3080917
3768830 7332500
1319288 4225309
1220204 5064594
6176189 2069324
698944 4649815
803520 5189235
9354235 8575124
5260707 4741859
7728094 7000252
145734 7489582
2941545 2006013
3421130 1702947
2030559 1455435
1545617 2192725
9641663 837589
2141627 4431891
1855179 7263884
5874345 287600
4278788 2855586
6913917 1475260
2858283 5436936
9215255 3668359
5678912 8466286
6832536 7559332
7745926 9174854
2808034 5919139
679420 7411392
9888661 9536341
2373476 3719502
3283474 618059
7879231 1137697
9302267 9647191
2229453 8858281
5621296 2040328
6597649 9956248
5967186 4619568
5092426 7395550
5804483 2471265
1657210 7651117
9141283 467178
5820770 5100533
1061075 5765086
5826435 7804648
1868405 4875020
9683230 5937143
6275305 1052295
1636531 2279890
1494736 3830559
9534980 2663403
9704843 8813797
2063251 6988146
1964220 4212394
3669023 7887577
7788356 81535
3473577 3871184
5307074 1253557
8121972 8833225
8855577 6366045
4196735 708981
3998185 1217609
2176909 832324
5100180 2059528
6735901 5206632
4782010 8047469
442481 8517969
7470524 2091655
4328585 9304881
6921403 7260585
3754664 1291385
3989145 4086498
4103245 6585561
5144054 7645189
2866619 8236227
8280244 4962466
5023729 4672103
1848947 3718282
1385905 1817527
823700 6881486
7539323 3934307
3267769 5094335
9562514 1461469
1039809 1768558
7400309 7462486
8176080 619180
2528230 9768126
6462788 7607691
9715558 1882823
4354240 1706202
4739126 2075745
3285796 6054188
5080663 5402942
3219857 5842896
5607945 3511502
2630121 1694425
9619023 8502467
5759180 1793430
5774824 6138638
5000092 1763866
5956054 7122015
1785465 7344181
939098 6301224
854084 426360
9164276 9222041
725918 8935092
6224231 9243940
4944617 3399418
1553202 4458746
5923653 7533979
1359255 5818507
3615123 433833
644375 7516041
5384693 1741683
2530035 5080932
1649099 9510539
8165036 3331278
6634807 6152643
60930 6575159
3750296 3509674
271736 9900881
6622354 6195219
7723597 1016589
3432835 3593614
7464451 9933723
7129614 7139820
5679450 2301420
5255187 2067005
8557909 3554355
231603 3704020
9739315 6095455
9922512 3009
1461623 2379681
4224010 6987093
7859552 5581547
9837122 6727842
3376624 5411054
5196442 751479
7567719 1094426
6299506 2241894
3757000 5111969
7273451 7514049
8172242 7581555
4202087 5786391
1423751 2245698
7235718 7535547
990121 2123518
6093481 6899644
3990582 372441
2705906 6444525
6545138 159044
5315393 7291102
7727453 2050287
4729527 3337440
3860279 1444556
5809590 8826500
1391106 9104011
6256734 3969563
5105279 8810654
2996496 3254
2088751 3527094
6122222 5300390
4556755 4052931
6823128 8330237
7662955 1928311
3588719 3475594
4310330 7967554
8959509 9391967
1768127 3270614
6132714 5614158
9384124 8735011
277199 2049382
6470577 6031323
2306149 4660602
7951201 4787695
8290190 7709082
9510604 7782415
8438891 7230743
7648306 3423277
8183771 6470786
9913109 3831289
8427009 6297516
7396790 8475493
9065917 4834982
1602454 4690978
4501553 1500993
581621 7039392
4355261 3394190
2084054 667152
2056834 8029662
4953080 6583652
5268706 3507779
7432285 2157645
1184381 1245836
3909446 668860
1239476 8401996
451380 2127841
600360 587730
9344103 8817965
8652219 7243057
3439330 7860306
9094157 2527929
4847588 4089921
6292352 633979
3866735 600106
275124 6349896
9134020 1239423
3285898 3124657
6360548 8233456
868003 8159879
7782671 6097007
7947873 1954139
3921096 8970797
4301412 2466302
6393934 2616602
4482062 3307393
295075 8857832
9450111 6881974
512520 6677383
7621144 9421740
9553533 7337001
8863994 9677238
5211205 7817790
1657095 2559587
2198367 3217273
3971935 9989126
5042573 8931656
8624484 6497583
1315280 8771294
7255478 867759
875497 9669036
7451446 1415831
419545 7708002
634757 1956536
4042208 7856498
9204869 9652131
4361473 3418637
379222 3141417
9781499 7561763
8178905 1820635
4493392 46182
6269488 9861899
4970433 3495110
6260923 9676872
3478222 7238261
5018396 2437988
5434810 7369955
6358194 4517745
6931588 4111682
8242464 3323967
4534894 8368899
4040903 1081950
1764601 166102
