1000
182 880
941 287
559 550
847 266
52 957
565 586
602 200
962 936
312 962
62 741
818 326
956 96
707 252
114 998
771 796
952 100
75 571
169 78
982 507
831 401
281 788
188 242
872 409
582 745
22 750
934 392
221 13
732 275
929 383
465 218
221 859
585 892
290 482
49 791
337 801
471 385
487 527
822 106
787 101
340 232
594 696
787 314
253 32
854 344
246 990
590 91
986 436
58 415
791 854
443 824
958 652
391 379
831 929
677 942
604 971
741 40
18 65
326 164
831 97
34 930
864 997
437 460
420 679
742 256
274 549
249 648
385 388
724 28
706 612
724 356
8 638
893 301
831 192
585 340
268 896
738 914
55 829
660 683
585 948
828 958
292 404
248 475
112 354
936 190
157 913
307 382
941 562
94 963
272 975
853 922
641 856
316 188
509 360
280 399
824 417
381 323
535 699
281 928
685 299
97 76
360 345
602 622
865 576
505 184
830 352
863 132
923 34
948 822
20 349
706 911
796 102
835 151
335 231
202 467
832 57
316 548
553 136
293 748
221 353
565 732
49 268
47 665
888 160
215 50
928 459
876 377
866 391
621 754
155 367
234 629
831 506
871 545
268 319
445 520
364 700
672 763
903 478
68 372
412 923
474 176
719 116
40 210
71 973
8 632
388 733
181 328
712 400
459 446
152 500
416 943
117 21
435 607
345 624
792 904
1000 538
535 894
117 615
532 396
993 510
312 234
665 255
733 979
276 717
982 258
894 805
11 919
376 155
548 118
214 653
484 611
56 224
959 496
366 834
901 59
556 739
101 451
364 556
863 846
893 555
45 31
431 491
268 109
594 839
134 294
735 961
39 247
394 909
775 889
521 803
766 431
209 114
787 855
443 107
172 951
47 950
896 309
986 337
735 229
681 282
493 157
959 126
199 497
604 887
880 814
261 737
459 18
80 322
47 954
888 674
912 471
398 912
550 1000
221 867
855 343
140 756
326 368
982 813
841 590
232 825
811 784
828 473
424 798
249 63
831 221
417 48
412 640
882 807
986 812
990 916
281 45
845 752
887 986
888 546
386 783
953 744
183 585
692 298
741 779
690 92
757 917
962 849
542 774
653 643
221 477
556 94
5 933
276 770
971 363
282 691
588 940
354 827
621 428
186 747
294 213
535 888
248 712
358 658
235 557
986 292
565 761
38 288
909 286
291 476
113 452
677 721
604 976
971 908
775 626
274 251
959 787
542 844
815 647
801 117
589 147
208 677
76 966
962 879
85 64
372 14
485 179
585 216
712 709
299 996
604 982
986 778
801 504
958 470
219 692
181 265
560 424
548 874
68 593
314 71
240 46
738 675
206 955
802 137
15 152
250 189
84 444
93 140
648 939
172 139
831 315
854 47
715 262
986 439
269 44
397 637
209 289
430 277
441 80
513 334
988 646
837 769
364 835
862 246
316 715
364 512
263 868
519 79
865 877
883 402
847 775
606 843
68 11
920 162
221 325
405 603
588 564
912 223
184 335
555 578
801 516
548 853
487 135
625 581
182 900
885 487
757 596
689 630
366 327
296 483
421 656
936 168
959 481
304 991
686 455
115 281
991 635
880 553
438 397
482 864
885 480
461 980
565 899
560 123
792 680
798 871
918 41
268 141
202 1
8 110
487 307
825 484
40 374
412 493
575 574
735 269
162 183
363 378
602 686
441 29
887 209
243 74
677 279
162 746
503 413
751 61
830 772
554 369
361 86
700 575
604 418
986 421
43 233
498 89
313 302
578 449
183 25
818 115
978 201
958 142
557 559
617 145
274 199
120 826
753 689
869 49
18 30
436 893
621 403
741 485
75 280
7 906
76 130
509 365
484 810
690 150
49 535
365 786
275 873
221 456
827 443
519 563
680 613
486 58
292 324
222 339
338 642
546 897
37 308
271 193
239 977
292 219
296 609
840 832
636 494
384 985
406 771
578 181
249 627
868 394
526 765
296 90
111 259
223 714
306 454
290 857
765 26
109 60
252 341
852 502
655 625
532 6
723 891
609 228
845 989
382 599
694 995
337 87
439 479
741 149
919 338
802 707
119 129
336 346
127 158
830 863
990 584
830 386
353 263
578 616
306 245
276 558
672 375
390 320
822 237
393 838
557 19
787 907
91 809
290 376
249 180
893 711
482 217
558 926
480 767
96 758
402 178
312 128
818 437
421 523
685 865
354 842
134 525
838 173
820 762
20 342
619 425
968 690
970 819
284 668
87 492
781 170
996 547
330 702
376 250
26 38
304 539
86 84
247 649
555 70
560 194
635 433
467 918
783 448
408 16
753 412
593 660
404 836
305 254
81 659
209 876
712 561
40 970
692 7
368 605
585 120
432 790
491 667
590 159
222 225
312 920
571 161
326 713
545 703
299 125
903 303
928 619
115 503
636 317
418 390
277 657
155 938
913 768
835 993
900 395
577 20
546 992
20 361
965 671
577 230
364 885
68 650
402 416
986 62
87 85
546 462
830 82
120 313
522 645
436 959
791 800
294 730
24 88
485 724
202 389
370 533
75 532
745 347
65 185
546 518
237 664
621 441
900 105
189 915
232 111
134 882
902 27
83 146
527 423
249 817
386 321
920 112
392 370
604 621
883 350
181 820
69 673
209 662
42 177
261 333
705 196
773 56
334 695
291 274
440 701
261 271
462 895
684 795
289 248
362 710
815 554
280 127
743 438
976 98
903 312
732 166
724 799
692 273
900 283
896 883
854 498
724 781
577 531
839 77
186 670
787 442
923 755
240 509
831 51
787 195
656 499
764 734
746 351
151 204
478 815
61 495
259 534
177 937
249 489
374 705
303 450
688 878
443 108
946 103
435 187
903 419
292 808
55 587
887 594
674 264
936 9
145 934
757 366
741 965
461 956
421 191
590 430
692 743
456 407
232 220
936 793
324 875
599 434
508 305
70 945
15 541
510 39
430 3
62 236
234 95
963 203
746 742
689 729
652 131
340 797
365 567
986 862
696 921
487 23
437 738
329 663
996 981
725 257
374 577
427 528
766 866
904 760
602 304
369 463
982 953
741 831
926 144
374 802
274 474
1000 592
2 753
739 186
947 519
243 641
175 931
664 782
913 406
221 447
282 740
412 261
200 511
227 623
732 331
746 606
97 952
982 818
914 12
513 633
232 901
349 453
248 984
222 816
971 508
233 890
565 2
368 847
841 672
681 17
845 405
22 121
188 598
338 329
754 284
700 357
36 595
96 207
986 794
403 722
887 719
726 104
371 472
387 156
508 579
866 486
512 698
788 759
815 336
418 10
233 239
345 610
705 198
791 169
527 639
263 751
965 735
348 569
1 837
87 568
627 706
251 728
685 172
115 869
994 925
62 464
419 806
352 358
191 205
811 589
1000 861
691 318
276 227
367 852
393 68
615 840
798 113
400 241
565 316
746 440
53 905
689 600
323 43
657 490
986 924
674 682
646 330
263 560
368 524
471 306
120 708
204 429
812 601
916 723
387 501
22 726
555 526
278 666
480 968
831 766
505 949
76 845
862 540
813 411
816 422
729 676
119 175
182 414
704 597
391 681
741 521
70 514
982 295
2 804
909 987
192 426
815 848
262 688
684 154
845 552
505 52
845 427
767 935
216 872
929 830
184 530
455 618
333 542
292 182
470 119
718 517
749 212
262 661
292 163
233 153
543 148
365 420
741 381
621 290
273 513
941 278
26 24
647 291
928 757
552 972
51 297
15 469
460 651
477 36
487 296
75 580
182 202
64 359
813 588
240 870
700 93
986 789
984 851
527 780
255 529
50 551
483 718
526 617
504 22
585 124
776 165
634 174
460 445
604 393
437 15
655 833
240 384
801 850
436 543
172 655
119 634
993 138
872 515
141 81
792 960
909 566
713 727
912 4
892 362
62 941
119 946
402 881
196 300
343 371
958 964
54 764
15 967
437 249
264 947
881 884
741 684
130 53
918 544
753 244
578 285
882 811
825 572
818 582
188 66
97 208
544 821
717 620
592 697
363 410
204 886
100 999
945 465
585 731
835 408
509 522
889 253
883 69
82 583
507 573
423 932
206 122
689 73
316 72
848 310
377 974
692 776
724 133
139 644
97 215
326 841
206 222
323 355
855 693
685 785
411 969
621 823
199 143
593 380
735 67
23 536
951 537
856 99
294 235
200 55
115 628
828 466
615 238
852 631
509 373
292 687
548 678
569 858
290 902
7 725
461 134
221 240
154 994
70 773
240 214
354 5
919 983
774 736
374 654
555 694
792 387
507 8
23 591
594 260
604 243
715 348
251 777
474 614
1 749
773 488
412 910
887 364
70 332
34 716
292 792
963 704
818 903
637 860
581 636
494 927
910 83
498 167
217 293
164 398
651 270
478 685
672 461
976 42
591 468
4 608
103 458
556 435
890 226
268 565
459 211
570 432
887 75
737 35
876 944
489 267
848 311
219 276
460 33
955 272
192 206
686 505
290 669
527 828
408 988
337 171
333 54
192 570
613 457
327 720
776 197
283 898
62 602
986 978
617 37
14 0
201 0
264 0
271 0
136 0
38 0
250 0
184 0
21 0
232 0
84 0
288 0
243 0
260 0
152 0
68 0
252 0
283 0
94 0
99 0
80 0
123 0
74 0
37 0
151 0
190 0
271 0
111 0
254 0
169 0
18 0
114 0
243 0
66 0
238 0
139 0
111 0
273 0
202 0
67 0
14 0
220 0
57 0
251 0
254 0
64 0
279 0
207 0
226 0
245 0
49 0
127 0
128 0
45 0
175 0
234 0
21 0
281 0
258 0
261 0
14 0
24 0
122 0
208 0
228 0
140 0
173 0
11 0
81 0
67 0
249 0
19 0
37 0
298 0
158 0
147 0
159 0
81 0
143 0
281 0
58 0
187 0
92 0
230 0
161 0
168 0
227 0
112 0
120 0
259 0
232 0
8 0
186 0
143 0
149 0
163 0
253 1
128 0
275 0
49 0
37 0
228 0
129 0
200 0
201 0
66 0
61 0
274 0
196 0
202 0
271 0
235 0
197 0
48 0
224 0
93 0
185 0
227 0
244 0
177 0
81 0
185 0
103 0
131 0
252 0
238 0
165 0
89 0
147 0
100 0
108 0
18 0
206 0
109 0
155 0
125 0
256 0
170 0
272 0
187 0
49 0
44 0
18 0
137 0
62 0
10 0
9 0
58 0
102 0
164 0
2 0
204 0
215 0
132 0
210 0
41 0
223 0
39 0
240 0
182 0
203 0
190 0
223 0
28 0
116 0
200 0
236 0
281 0
246 0
117 0
141 0
68 0
210 0
85 0
182 0
50 0
285 0
153 0
19 0
245 0
287 0
87 0
130 0
162 0
290 0
121 0
125 0
29 0
293 0
55 0
160 0
199 0
6 0
138 0
235 0
95 0
124 0
159 0
79 0
189 0
107 0
297 0
205 0
116 0
137 0
11 0
198 0
118 0
21 0
286 0
21 0
204 0
91 0
229 0
222 0
26 0
15 0
184 0
197 0
292 0
274 0
149 0
74 0
72 0
267 0
239 0
86 0
211 0
61 0
277 0
3 0
132 0
3 0
281 0
277 0
112 0
250 0
138 0
234 0
292 0
9 0
300 0
261 0
20 0
36 0
193 1
171 0
197 0
123 0
261 0
53 0
84 1
166 0
234 0
32 0
199 0
15 0
159 0
253 0
89 0
49 0
50 0
252 0
268 0
57 0
282 0
31 0
104 0
201 0
263 0
22 0
127 0
144 0
264 0
172 0
213 0
95 0
198 0
73 0
300 0
17 0
47 0
81 0
267 0
213 0
143 0
21 0
232 0
23 0
240 0
29 0
82 0
189 0
299 0
32 0
62 0
176 0
211 0
67 0
130 0
100 0
23 0
211 0
266 0
287 0
33 0
19 0
241 0
71 0
115 0
18 0
219 0
203 0
175 0
21 0
108 0
63 0
89 0
169 0
122 0
272 0
240 0
147 0
25 0
13 0
249 0
252 0
110 0
195 0
69 0
87 0
15 0
102 0
148 0
149 0
103 0
252 0
110 0
135 0
300 0
131 0
123 0
271 0
224 0
27 0
300 0
149 0
283 0
227 0
184 0
246 0
23 1
259 0
180 0
38 0
237 0
280 0
196 0
286 0
247 0
175 0
68 0
16 0
279 0
165 0
218 0
78 0
294 0
55 0
32 0
126 0
22 0
243 0
82 0
245 0
166 0
169 0
8 0
88 0
161 0
183 0
209 0
284 0
71 0
195 0
198 0
275 0
218 0
183 0
41 0
14 0
6 0
100 0
129 0
107 0
125 0
242 0
154 0
161 0
141 0
199 0
64 0
163 0
163 0
151 0
129 0
209 0
3 0
292 0
215 0
41 0
59 0
94 0
236 0
59 0
86 0
49 0
176 0
248 0
175 0
266 0
25 0
107 0
80 0
294 0
46 0
32 0
100 0
37 1
189 0
15 0
268 0
148 0
285 0
254 0
270 0
265 0
179 0
281 0
66 0
174 0
266 0
127 0
29 0
82 0
34 0
116 0
299 0
143 0
266 0
155 0
229 0
134 0
177 0
175 0
52 0
124 0
103 0
228 0
48 0
171 0
118 0
68 0
227 0
37 0
45 0
216 0
224 0
269 0
198 0
270 0
43 0
30 0
187 0
16 0
144 0
133 0
118 0
240 0
57 0
266 0
178 0
106 0
76 0
187 0
138 0
237 0
79 0
48 0
49 0
146 0
4 0
38 0
99 0
224 0
241 0
171 0
10 0
88 0
283 0
5 0
254 0
31 0
46 0
176 0
268 0
269 0
209 0
220 0
154 0
3 0
54 0
261 0
280 0
89 0
65 0
47 0
281 0
78 0
168 0
14 0
167 0
283 0
54 0
68 0
150 0
296 0
196 0
195 0
76 0
139 0
225 0
78 0
192 0
240 0
26 0
140 0
274 0
208 0
60 0
49 0
290 0
45 0
265 0
117 0
243 0
126 0
228 0
125 0
199 0
13 0
35 0
222 0
218 0
280 0
172 0
183 0
158 0
35 0
294 0
107 0
31 0
126 0
112 0
258 0
47 0
256 0
240 0
49 0
285 0
287 0
93 0
12 0
71 0
266 0
280 0
163 0
247 0
124 0
73 0
6 1
7 0
3 0
74 0
296 0
114 0
8 0
130 0
61 0
292 0
94 0
120 0
72 0
153 0
273 0
292 0
197 0
193 0
187 0
41 0
300 0
98 0
97 0
257 0
235 0
90 0
60 0
233 0
73 0
156 0
69 0
249 0
89 0
109 0
15 0
30 0
296 0
65 0
214 0
265 0
36 0
38 0
68 0
49 0
56 0
85 0
17 0
22 0
118 0
224 0
68 0
217 0
225 0
45 0
276 0
84 0
163 0
50 0
71 0
35 0
101 0
125 0
88 0
80 0
151 0
160 0
276 0
268 0
268 0
95 0
146 0
188 0
173 0
47 0
146 0
74 0
45 0
242 0
229 0
225 0
118 0
194 0
81 0
37 0
59 0
83 0
66 0
126 0
224 0
18 0
207 0
18 0
144 0
139 0
117 0
138 0
37 0
213 0
89 0
124 0
117 0
228 0
176 0
210 0
134 0
171 0
172 0
98 0
86 0
123 0
23 0
126 0
114 0
182 0
294 0
97 0
58 0
239 0
70 0
25 0
58 0
109 0
207 0
159 0
223 0
18 0
172 0
281 0
208 0
176 0
115 0
54 0
72 0
255 0
233 0
197 0
61 0
26 0
18 0
103 0
248 0
205 0
235 0
167 0
280 0
248 0
25 0
43 0
107 0
178 1
280 0
22 0
84 0
203 0
190 0
13 0
4 0
299 0
59 0
224 0
296 0
220 0
12 0
255 0
272 0
192 0
226 0
156 0
214 0
229 0
284 0
16 0
239 0
299 0
54 0
127 0
109 0
153 0
211 1
98 0
27 0
153 0
102 0
211 0
68 0
238 0
233 0
243 0
47 0
128 0
154 0
45 0
90 0
33 0
105 0
136 0
129 0
130 0
71 0
257 0
138 0
293 0
94 0
227 0
15 0
74 0
238 0
300 0
109 0
274 0
218 0
67 0
156 0
299 0
23 0
251 0
237 1
161 0
106 0
155 0
186 0
105 0
170 0
192 0
182 0
289 0
24 0
105 0
21 0
29 0
211 0
258 0
203 0
206 0
24 0
69 0
142 0
20 0
236 0
81 0
82 0
233 0
293 0
84 0
134 0
222 0
265 0
235 0
134 0
114 0
21 0
60 0
24 0
255 0
254 0
293 0
10 0
290 0
91 0
198 0
292 0
211 0
74 0
156 0
73 0
76 0
247 0
14 0
38 0
88 0
263 0
129 0
130 0
221 0
22 0
177 0
43 0
141 0
166 0
220 0
52 0
234 0
116 0
243 0
221 0
287 0
108 0
245 0
206 0
100 0
53 0
24 0
72 0
137 0
81 0
288 0
231 0
101 0
41 0
160 0
232 0
106 0
170 0
146 0
122 0
103 0
98 0
78 0
162 0
30 0
153 0
72 0
92 0
86 0
97 0
289 0
16 0
269 0
75 0
229 0
33 0
2 0
229 0
80 0
59 0
227 0
153 0
281 0
258 0
156 0
125 0
93 0
162 0
236 0
118 0
16 0
274 0
243 0
62 0
29 0
34 0
28 0
196 0
156 0
52 0
215 0
221 0
277 0
174 0
196 0
161 0
262 0
186 0
103 0
39 0
110 0
136 0
67 0
67 0
91 0
150 0
144 0
73 0
128 0
45 0
293 0
247 0
202 0
14 0
182 0
211 0
238 0
94 0
72 0
153 0
292 0
239 0
284 0
6 0
164 0
197 0
40 0
60 0
81 0
244 0
8 0
93 0
95 0
298 0
27 0
82 0
117 0
63 0
172 0
170 0
133 0
242 0
170 0
12 0
149 0
210 0
89 0
159 0
2 0
274 0
265 0
50 0
154 0
38 1
92 0
149 0
181 0
36 0
150 0
274 0
61 0
296 0
268 0
60 0
152 0
