1000
756 250
196 164
969 137
540 231
982 437
852 735
833 25
833 513
712 877
340 186
145 341
756 97
396 176
957 519
439 787
34 295
8 305
497 807
570 581
675 122
40 222
599 926
599 573
878 630
742 417
390 537
942 791
636 405
869 84
42 606
390 359
639 533
812 929
977 23
613 944
185 221
186 842
71 559
151 730
467 451
437 907
557 744
155 583
573 956
573 799
744 29
882 996
250 342
792 829
230 806
707 462
113 385
693 247
305 443
375 534
692 984
10 972
440 912
931 887
252 367
870 243
757 578
327 594
990 103
582 899
46 413
972 149
957 452
376 80
758 121
468 516
559 68
246 88
113 554
246 282
237 197
4 430
806 344
690 819
883 114
867 854
204 974
756 494
117 251
576 662
401 476
982 798
152 897
115 706
571 368
882 557
878 284
303 438
252 208
279 696
574 863
326 358
861 302
957 664
660 740
368 623
262 691
583 196
947 32
668 800
908 211
833 139
570 834
958 178
402 58
513 48
60 698
982 824
443 804
29 425
882 398
15 892
546 543
249 609
214 276
783 1
449 138
591 160
644 950
732 651
363 66
189 508
381 569
208 418
680 958
340 823
940 472
550 848
612 668
955 843
842 891
161 613
48 395
934 621
630 442
985 244
587 931
432 580
899 52
189 148
92 278
722 745
700 720
287 40
259 116
514 973
723 325
221 964
698 924
118 597
665 615
534 665
97 822
23 199
108 528
69 538
815 326
398 36
8 934
198 372
214 223
362 427
798 656
249 230
540 506
84 805
520 241
321 434
712 995
437 865
283 322
743 658
583 112
756 942
382 440
645 619
350 731
168 255
780 133
385 37
627 49
634 134
646 375
243 923
106 817
972 402
647 204
869 214
647 159
951 641
824 985
721 274
599 296
475 480
163 676
634 349
164 505
402 629
842 67
930 477
175 868
705 624
503 446
540 253
51 684
798 142
15 369
830 714
367 739
401 491
449 788
878 105
157 833
497 790
975 571
970 814
252 269
37 718
972 318
375 411
878 355
533 902
300 909
452 853
660 631
272 770
888 605
422 674
195 570
852 592
546 601
155 747
590 13
734 809
105 857
219 881
364 693
964 136
926 313
842 548
508 338
452 345
378 660
265 729
822 586
339 501
815 460
239 645
997 939
629 128
237 319
960 483
680 249
634 925
336 260
60 246
815 955
513 283
214 423
815 646
926 859
290 280
882 2
511 233
259 19
270 835
250 220
80 539
275 608
713 725
250 708
751 818
387 62
802 379
219 763
714 712
925 488
259 56
437 485
227 916
147 883
972 870
714 245
822 989
557 686
931 526
762 11
971 126
533 73
982 161
311 329
165 101
385 612
847 17
967 382
950 461
630 279
564 289
36 362
207 228
975 643
29 637
805 87
573 471
451 552
129 271
639 663
229 825
353 285
660 435
610 820
492 392
121 145
923 577
587 414
708 109
970 4
830 756
844 292
169 962
474 918
536 339
261 5
230 773
318 463
822 640
627 157
715 177
191 391
775 544
378 990
566 409
528 721
148 308
567 689
250 639
18 297
980 801
354 332
533 252
78 781
400 510
507 258
78 21
186 158
860 218
906 741
846 540
682 618
338 41
217 500
192 880
660 447
744 226
809 851
924 733
632 802
113 610
355 93
182 697
228 475
10 242
125 987
805 986
450 1000
980 755
513 53
533 935
300 456
398 424
251 374
533 680
497 522
92 566
84 715
194 704
10 182
55 754
162 561
869 187
844 953
119 872
449 971
395 509
728 743
289 981
92 380
533 127
610 808
602 386
490 454
23 954
444 194
118 98
719 524
573 515
886 761
131 352
189 904
681 203
43 229
8 91
53 778
795 591
946 695
680 168
686 353
537 298
867 213
360 518
982 55
396 681
139 8
955 459
229 575
165 444
29 50
259 351
599 982
467 517
570 240
383 184
720 468
71 300
269 482
337 752
773 81
490 845
84 832
845 603
360 499
610 272
268 64
686 486
711 779
84 682
266 202
982 117
930 617
686 106
653 550
863 277
629 638
940 625
571 59
217 512
36 498
432 236
415 861
454 188
742 78
599 43
363 626
931 100
475 933
756 813
814 210
149 502
867 254
610 920
859 717
970 949
659 320
342 357
97 553
610 657
415 232
862 63
841 943
951 467
149 811
497 167
390 75
663 20
396 699
602 439
208 847
715 340
321 479
531 993
651 991
52 365
417 828
598 70
252 988
161 99
262 175
449 529
313 190
949 760
415 632
833 92
449 234
602 364
639 547
812 655
528 290
991 288
478 130
535 422
357 47
982 104
367 45
924 936
615 495
583 171
431 789
646 762
857 406
277 716
224 281
988 390
48 901
401 894
923 450
431 616
508 268
675 261
360 841
412 749
860 119
431 377
131 998
646 963
882 85
298 525
506 959
80 107
129 564
587 354
639 301
899 235
644 738
395 913
752 330
799 976
62 653
18 759
134 860
59 777
139 672
740 849
583 373
610 885
482 346
845 521
333 264
627 470
112 675
767 992
289 915
226 827
250 155
97 189
791 850
796 536
392 884
349 679
45 478
534 172
719 310
805 337
928 108
452 568
957 873
149 54
288 604
885 919
44 152
669 123
668 732
634 224
439 556
113 303
630 44
757 633
126 65
946 783
322 496
305 30
182 523
564 945
262 324
959 898
655 673
238 531
4 376
612 35
139 323
152 940
196 195
131 598
928 782
542 270
168 350
663 192
76 419
814 707
671 864
405 871
285 766
161 74
303 193
385 336
894 238
646 896
206 141
757 334
436 503
296 396
583 757
591 702
743 736
485 79
452 174
975 713
851 173
864 445
10 753
270 96
415 670
982 466
83 335
490 381
725 917
735 198
302 858
497 906
531 257
452 737
27 911
228 890
214 772
306 267
707 239
161 407
505 361
554 866
306 786
353 856
187 90
796 7
375 378
571 61
640 154
942 780
81 886
718 952
313 206
456 307
323 314
345 688
44 18
519 914
491 464
778 764
209 215
505 644
513 994
592 928
61 262
27 751
138 765
518 76
330 910
296 287
681 758
871 316
442 960
364 487
269 734
602 589
323 14
680 166
910 33
539 263
975 968
269 905
830 431
63 932
957 449
718 937
718 95
577 315
861 724
188 948
171 527
237 484
616 514
185 837
567 347
957 57
470 775
217 750
360 317
646 306
881 420
969 794
132 410
910 170
535 469
44 969
902 273
886 667
442 678
603 895
670 596
45 51
990 312
28 9
520 209
521 941
713 727
485 946
513 620
845 921
355 256
931 191
975 22
327 875
432 421
567 94
517 839
451 124
862 703
539 628
617 34
318 504
846 227
686 433
509 110
982 888
756 185
920 593
42 709
476 511
247 311
46 200
935 922
414 748
780 690
502 181
584 448
928 135
828 291
844 388
766 611
863 584
249 677
159 683
520 659
971 492
381 951
756 627
646 383
231 719
533 784
644 102
679 560
313 961
975 567
161 12
519 862
491 259
506 321
485 545
597 69
985 343
4 294
671 304
21 24
22 530
583 666
697 792
931 700
569 150
998 546
186 728
808 776
474 542
534 980
271 458
830 71
844 869
396 938
703 572
882 844
882 635
385 711
198 144
972 661
79 710
529 810
630 812
873 746
557 286
669 183
881 393
754 889
152 535
630 77
266 769
609 793
602 878
378 132
471 590
286 384
694 86
26 163
796 797
613 722
305 654
533 599
131 694
166 768
998 795
815 957
138 549
443 436
513 647
882 520
298 397
18 774
951 248
141 412
971 481
686 970
85 489
375 671
437 967
196 507
214 983
905 692
694 876
664 15
756 882
716 169
187 803
191 266
533 541
613 574
815 642
986 582
663 201
187 207
375 366
198 28
71 327
376 428
846 275
728 82
157 10
499 3
128 687
815 60
825 441
340 908
384 120
630 742
148 426
744 614
485 328
827 389
554 474
926 497
491 180
573 348
449 39
534 893
628 333
699 997
574 237
157 363
74 370
250 602
280 165
609 453
375 978
129 401
986 648
220 432
363 151
717 403
5 16
474 225
534 649
780 562
220 129
57 387
420 836
296 146
856 72
815 179
436 331
335 493
349 371
811 455
147 394
935 634
982 125
407 265
174 46
796 27
712 867
220 771
874 6
842 153
716 726
756 977
642 551
264 879
135 685
499 162
108 309
386 131
703 652
747 838
26 532
970 118
815 156
631 26
189 217
690 579
273 473
722 900
894 796
112 83
809 821
452 429
196 408
686 565
859 852
113 588
432 360
129 846
554 785
138 212
796 622
646 576
215 205
520 555
492 723
676 585
756 874
470 650
953 600
540 115
553 490
756 815
808 89
982 113
4 299
259 400
365 143
358 855
744 947
43 111
370 399
152 465
422 595
711 705
700 636
942 558
255 457
806 404
226 140
834 826
421 216
151 816
982 415
401 587
336 669
354 965
104 416
173 42
120 966
977 147
854 767
745 999
73 607
350 927
862 38
373 563
290 701
400 979
47 831
207 930
870 903
365 840
694 31
573 975
750 293
663 356
482 219
7 0
154 0
299 0
22 0
88 0
194 0
221 0
175 0
71 0
144 0
71 0
191 0
82 0
272 0
201 0
62 0
101 0
206 0
20 0
45 0
193 0
279 0
283 0
207 0
49 0
51 0
9 0
65 0
70 0
277 0
273 0
287 0
210 0
67 0
134 0
253 0
280 0
176 0
211 0
146 0
256 0
262 0
22 0
17 0
22 0
164 0
157 0
237 0
289 0
145 0
232 0
144 0
93 0
18 0
242 0
61 0
102 0
229 0
175 0
132 0
133 0
247 0
6 0
214 0
251 0
19 0
128 0
119 0
268 0
90 0
125 0
119 0
48 0
176 0
215 0
220 0
136 0
106 0
131 0
296 0
257 0
166 1
98 0
148 0
243 0
228 0
47 0
53 0
171 0
82 0
140 0
202 0
188 0
157 0
16 0
264 0
202 0
215 0
3 0
160 0
211 0
115 0
109 0
112 0
191 0
283 0
209 0
286 0
295 0
215 0
40 0
51 0
24 0
274 0
142 0
211 0
22 0
36 0
100 0
240 0
38 0
161 0
248 0
2 0
157 0
9 0
214 0
111 0
115 0
10 0
174 0
154 0
35 0
181 0
299 0
250 0
33 0
40 0
10 0
166 0
221 0
144 0
134 0
37 0
17 0
298 0
300 0
284 0
117 0
163 0
159 0
183 0
58 0
281 0
218 0
24 0
79 0
125 0
234 0
197 0
200 0
19 0
295 0
189 0
136 0
160 0
269 0
113 0
175 0
62 0
166 0
3 0
87 0
50 0
299 0
1 0
136 0
116 0
203 0
248 0
177 0
35 0
56 0
147 0
252 0
29 0
136 0
239 0
251 0
125 0
238 0
204 0
128 0
106 0
14 0
115 0
259 0
92 0
206 0
230 0
81 0
27 0
28 0
88 0
146 0
292 0
93 0
254 0
229 0
138 0
58 0
112 0
209 0
149 0
131 0
154 0
185 0
45 0
66 0
146 0
9 0
216 0
163 0
283 0
214 0
151 0
231 0
23 0
224 0
240 0
257 0
40 0
59 0
37 0
77 0
227 0
253 0
281 0
272 0
60 0
279 0
51 0
297 0
40 0
180 0
197 0
152 0
123 0
285 0
125 0
66 0
212 0
94 0
258 0
294 0
265 0
246 0
21 0
164 0
186 0
132 0
46 0
22 0
278 0
192 0
297 0
116 0
71 0
96 0
283 0
1 0
101 0
20 0
220 0
234 0
126 0
198 0
142 0
277 0
115 0
294 0
38 0
200 0
111 0
183 0
118 0
91 0
115 0
135 0
182 0
108 0
13 0
98 0
294 0
273 0
237 0
214 0
29 0
263 0
3 0
148 0
83 0
148 0
49 0
6 0
160 0
109 0
190 0
279 0
227 0
183 0
187 0
274 0
191 0
5 0
195 0
267 0
38 0
222 0
68 0
34 0
239 0
71 0
125 0
159 0
84 0
203 0
241 0
239 0
258 0
199 0
242 0
199 0
128 0
160 0
232 0
117 0
176 0
65 0
293 0
217 0
49 0
46 0
41 0
79 0
259 0
87 0
59 0
216 0
206 0
260 0
146 0
231 0
298 0
186 0
86 0
120 0
104 0
66 0
108 0
122 0
172 0
22 0
112 0
253 0
11 0
230 0
222 0
246 0
179 0
54 0
131 0
296 0
97 0
147 0
163 0
227 0
4 0
186 0
79 0
101 0
190 0
138 0
152 0
48 0
288 0
265 0
248 0
169 0
108 0
171 0
213 0
225 0
292 0
102 0
59 0
202 0
133 0
123 0
142 0
113 0
36 0
249 0
279 0
58 0
123 0
61 0
216 0
204 0
160 0
163 0
2 0
199 0
157 0
210 0
131 0
7 0
217 0
138 0
182 0
86 0
173 0
227 0
35 0
192 0
149 0
106 0
195 0
280 0
200 0
213 0
192 0
2 0
215 0
138 0
202 0
29 0
30 0
98 0
140 0
27 0
202 0
128 0
232 0
266 0
2 0
235 0
115 0
299 0
225 0
203 0
37 0
155 0
229 0
124 0
221 0
221 0
259 0
11 0
244 0
254 0
52 0
179 0
15 0
253 0
108 0
239 0
60 0
230 0
86 0
300 0
74 0
55 0
171 0
176 0
162 0
168 0
113 0
108 0
218 0
160 0
206 0
11 0
133 0
229 0
285 0
25 0
252 0
237 0
248 0
239 0
80 0
40 0
295 0
202 0
17 0
206 0
46 0
270 0
228 0
115 0
11 0
190 0
157 0
140 0
132 0
274 0
299 0
126 0
123 0
45 0
114 0
148 0
32 0
245 0
159 0
58 0
188 0
109 0
187 0
161 0
132 0
167 0
201 0
276 0
119 0
139 0
179 0
174 0
128 0
282 0
252 0
273 0
96 0
282 0
13 0
266 0
300 0
261 0
182 0
4 0
146 0
255 0
266 0
25 0
232 0
113 0
227 0
134 0
35 0
75 0
42 0
120 0
117 0
259 0
149 0
164 0
297 0
207 0
229 0
121 0
205 0
249 0
223 0
27 0
188 0
90 0
144 0
298 0
250 0
81 0
252 0
170 0
148 0
245 0
175 0
141 0
270 0
83 0
59 0
188 0
1 0
124 0
10 0
85 0
213 0
246 0
79 0
191 0
208 0
86 0
39 0
183 0
147 0
114 0
61 0
56 0
92 0
218 0
102 0
235 0
283 0
239 0
103 0
259 0
138 0
144 0
20 0
239 0
83 0
123 0
274 0
265 0
178 0
66 0
119 0
271 0
189 0
174 0
107 0
117 0
122 0
43 0
61 0
234 0
28 0
48 0
21 0
48 0
124 0
92 0
22 0
172 0
76 0
236 0
193 0
111 0
97 0
45 0
116 0
57 0
224 0
134 0
290 0
195 0
57 0
233 0
110 0
10 0
105 0
241 0
190 0
138 0
41 0
180 0
15 0
157 0
76 0
239 0
143 0
226 0
133 0
242 0
250 0
229 0
239 0
284 0
240 0
188 0
253 0
286 0
19 0
186 0
33 0
245 0
83 0
284 0
259 0
104 0
135 0
231 0
179 0
213 0
133 0
151 0
6 0
51 0
37 0
54 0
30 0
212 0
11 0
167 0
248 0
242 0
170 0
290 0
258 0
37 0
2 0
108 0
197 0
57 0
67 0
91 0
99 0
59 0
45 0
24 0
196 0
233 0
227 0
260 0
3 0
160 0
172 0
168 0
258 0
157 0
152 0
70 0
30 0
85 0
97 0
289 0
10 0
253 0
192 0
53 0
130 0
104 0
88 0
130 0
45 0
104 0
7 0
166 0
254 0
245 0
97 0
151 0
139 0
117 0
145 0
193 0
210 0
24 0
160 0
246 0
119 0
16 0
94 0
234 0
35 0
162 0
129 0
210 0
260 0
149 0
155 0
189 0
282 0
169 0
231 0
77 0
186 0
106 0
284 0
266 0
112 0
66 0
245 0
177 0
162 0
10 0
293 0
93 0
235 0
79 0
146 0
43 0
90 0
5 0
52 0
13 0
197 0
99 0
62 0
176 0
222 0
5 0
51 0
68 0
276 0
108 0
120 0
8 0
38 0
158 0
146 0
45 0
82 0
23 0
12 0
69 0
265 0
250 0
284 0
194 0
18 0
13 0
97 0
238 0
10 0
9 0
106 0
147 0
250 0
62 0
197 0
172 0
209 0
131 0
22 0
124 0
82 0
156 0
169 0
116 0
291 0
138 0
227 0
205 0
112 0
297 0
241 0
253 0
147 0
62 0
279 0
286 0
260 0
69 0
14 0
24 0
49 0
125 0
90 0
273 0
192 0
272 0
129 0
153 0
31 0
211 0
75 0
148 0
48 0
123 0
91 0
153 0
291 0
105 0
77 0
63 0
186 0
226 0
178 0
22 0
245 0
175 0
161 0
28 0
226 0
107 0
260 0
28 0
171 0
212 0
245 0
280 0
295 0
64 0
215 0
147 0
248 0
189 0
48 0
27 0
123 0
66 0
266 0
247 0
210 0
252 0
167 0
57 0
278 0
253 0
89 0
121 0
287 0
255 0
192 0
190 0
129 0
39 0
13 0
39 0
287 0
50 0
28 0
36 0
241 0
110 0
56 0
181 0
106 0
193 0
166 0
279 0
249 0
175 0
209 0
2 0
221 0
288 0
1 0
23 0
259 0
10 0
142 0
191 0
32 0
265 0
119 0
43 0
99 0
253 0
12 0
298 0
203 0
144 0
98 0
276 0
194 0
228 0
237 0
115 0
243 0
222 0
111 0
242 0
94 0
286 0
104 0
260 0
10 0
22 0
128 0
262 0
207 0
113 0
272 0
144 0
245 0
16 0
208 0
75 0
91 0
199 0
156 0
157 0
49 0
245 0
79 0
73 0
252 0
160 0
175 0
243 0
196 0
247 0
97 0
194 0
198 0
11 0
210 0
248 0
207 0
240 0
112 0
195 0
213 0
97 0
169 0
51 0
90 0
11 0
209 0
