1000
401 906
602 781
342 276
602 563
35 700
276 352
489 927
628 272
120 407
317 354
825 684
820 72
919 562
553 222
558 459
241 914
878 119
627 228
342 541
550 363
386 489
912 595
931 985
194 328
687 820
127 963
623 578
14 561
163 690
401 696
163 670
743 959
412 279
622 210
855 398
539 292
608 68
158 614
516 3
861 497
825 163
957 646
767 57
993 608
354 656
571 259
163 577
80 788
457 199
93 657
489 604
4 511
565 349
197 822
90 66
359 924
118 246
301 605
589 182
35 245
758 92
73 301
620 948
266 861
164 99
740 62
792 624
493 708
860 556
165 441
758 741
946 754
849 877
648 597
445 190
750 227
500 433
154 553
743 370
752 439
216 668
749 581
486 513
268 211
770 663
949 507
748 198
714 266
230 375
356 535
693 156
28 469
109 111
347 263
696 253
142 576
28 126
825 793
583 481
35 18
384 735
213 904
378 248
913 474
35 821
40 347
516 976
561 785
276 353
954 559
397 371
836 161
353 747
152 744
195 42
360 955
356 767
370 206
967 188
894 525
370 882
630 81
976 94
56 404
754 443
203 644
658 736
441 388
726 169
907 265
189 416
26 172
709 638
620 983
963 220
680 750
723 56
852 564
807 773
418 739
338 941
602 486
602 135
535 621
463 794
785 437
399 193
648 29
847 843
146 288
179 365
410 831
467 782
311 403
118 406
800 287
658 989
384 543
117 78
343 283
109 122
26 953
26 82
75 216
929 824
306 71
470 171
777 207
537 589
105 738
906 903
271 461
981 823
403 275
276 937
164 166
860 623
760 546
772 791
406 295
225 552
569 120
117 15
401 755
553 203
324 792
840 167
180 176
577 115
853 655
334 951
446 784
399 148
100 907
194 177
122 849
186 672
769 217
600 711
228 810
278 815
444 952
392 599
715 601
546 797
174 187
648 908
60 592
675 399
236 67
906 770
552 864
324 630
225 106
885 945
208 90
308 430
740 16
69 613
620 667
918 333
319 452
648 215
488 548
916 844
342 565
698 318
574 336
385 701
342 311
164 339
462 693
26 186
457 658
461 721
900 48
115 530
813 969
571 619
31 606
471 751
935 367
913 900
947 628
501 715
843 125
642 453
767 740
935 745
365 806
575 296
814 97
54 996
430 212
4 760
26 58
423 194
746 377
847 241
800 61
849 144
172 7
534 147
445 858
801 32
163 478
390 408
355 43
177 450
899 611
989 642
276 225
672 993
268 617
658 857
932 987
774 961
931 107
602 411
434 37
854 69
390 175
360 695
949 1
424 931
127 545
758 314
983 492
800 476
172 368
513 639
829 688
746 331
963 341
403 671
486 465
375 532
660 159
146 828
511 451
405 340
100 954
525 966
759 226
913 73
675 230
317 866
982 957
457 583
428 369
164 569
683 385
568 75
146 641
919 538
471 520
581 372
501 607
490 221
511 202
131 842
404 502
97 967
97 896
255 380
922 878
896 183
675 778
511 517
620 405
723 787
769 51
204 890
107 970
410 707
250 338
687 249
596 80
820 635
648 756
149 643
259 376
658 949
423 901
789 110
836 519
422 892
760 137
800 710
88 766
103 446
562 838
792 922
792 393
626 692
982 41
41 570
342 383
840 479
543 928
591 549
353 509
844 962
800 759
20 626
528 733
125 96
80 854
952 992
513 462
441 327
324 748
80 374
767 758
849 981
63 964
488 429
373 980
376 647
146 359
36 848
780 881
860 431
194 825
317 846
752 64
30 343
401 463
621 774
723 229
256 895
368 835
762 39
170 79
766 146
814 587
955 573
276 913
301 600
933 930
996 334
120 674
353 531
949 610
107 697
728 410
429 421
742 256
342 208
565 34
953 59
821 834
969 920
94 1000
760 150
85 386
328 418
981 357
457 95
109 93
422 499
127 269
765 52
48 8
814 103
963 999
317 464
867 977
406 506
58 494
100 746
81 731
451 799
668 943
21 101
913 17
575 257
637 273
409 686
487 783
774 909
514 270
600 27
840 389
628 445
409 926
614 304
982 467
606 330
981 205
55 986
295 258
546 809
380 923
88 255
911 47
45 974
423 164
637 297
688 936
969 267
620 938
981 306
242 271
602 165
728 470
451 789
982 38
455 876
425 891
922 50
517 902
127 76
953 455
916 482
896 291
571 867
465 728
839 524
673 542
993 254
172 145
639 702
495 444
337 28
401 872
321 264
45 771
317 63
900 929
405 997
847 412
488 173
795 826
925 921
245 143
189 400
738 839
935 847
268 978
163 102
137 968
311 698
364 873
687 680
286 316
659 503
847 366
156 131
335 387
767 722
313 631
269 490
423 860
35 317
454 438
800 898
88 687
186 22
60 950
594 749
26 807
815 555
266 837
152 521
97 286
417 547
99 960
932 449
342 874
84 201
112 652
496 683
107 473
673 567
855 725
993 574
245 915
154 303
602 504
41 294
224 512
667 720
967 223
886 305
598 277
556 919
900 805
326 70
619 622
753 888
752 988
626 845
494 790
208 423
496 734
504 417
675 832
4 88
845 142
953 117
571 250
694 689
61 320
431 127
562 912
404 302
419 196
422 840
916 392
855 134
432 990
414 350
782 409
78 200
709 682
780 420
456 185
54 458
48 911
376 979
634 346
457 488
455 192
698 361
457 154
4 664
118 850
226 780
501 313
727 816
353 752
368 179
691 33
299 31
703 776
975 795
495 516
353 435
196 475
937 588
327 586
943 634
324 139
169 9
596 675
567 495
239 666
62 761
829 153
993 440
428 152
857 44
672 274
266 566
707 651
317 168
26 596
157 123
713 244
537 958
3 802
163 905
736 480
818 104
249 422
128 527
839 603
14 91
766 358
60 769
342 356
836 853
623 786
520 21
518 868
410 60
800 660
300 424
516 645
170 278
646 925
353 615
237 55
230 204
482 632
230 487
288 870
167 25
937 323
332 308
245 468
25 940
499 11
878 742
170 98
146 933
281 23
516 237
172 348
118 627
900 13
141 819
437 155
536 471
91 887
300 691
342 947
136 232
444 247
229 298
595 189
896 484
703 515
203 426
259 875
398 590
801 36
665 114
120 557
16 827
449 884
747 863
766 447
186 197
924 436
360 191
146 528
818 355
5 994
434 865
596 836
652 238
422 812
728 14
245 726
672 859
873 262
628 428
332 285
831 893
929 337
324 568
982 814
353 309
671 879
511 727
67 491
4 918
126 685
423 239
106 149
598 654
556 141
217 585
56 12
106 732
273 448
194 136
259 653
998 811
970 329
849 344
226 180
749 804
492 214
683 529
127 818
530 498
261 402
388 382
390 935
470 20
974 89
127 523
929 719
363 560
953 332
877 362
138 493
622 841
627 252
277 514
931 326
13 5
565 659
480 772
825 2
156 851
117 550
915 243
494 862
759 157
892 280
840 319
812 757
471 391
484 534
535 87
348 829
317 300
949 629
441 86
143 396
360 995
353 315
856 910
960 939
673 594
969 730
935 378
462 699
284 397
528 620
544 518
423 83
426 650
915 442
241 777
715 775
602 281
360 972
2 460
431 501
912 855
100 852
376 74
779 633
78 209
505 718
190 665
215 151
535 129
816 496
809 539
328 540
709 571
497 85
299 612
83 457
594 434
943 716
729 414
976 195
567 800
109 765
208 100
141 717
502 49
596 284
17 485
13 427
118 916
537 723
948 456
513 946
330 975
45 584
660 466
486 753
652 307
423 4
567 30
35 384
683 213
619 413
186 310
790 973
608 116
923 500
810 705
786 830
807 289
860 35
860 26
727 598
258 472
553 181
667 971
726 322
411 869
589 425
283 53
30 45
800 299
182 505
406 321
320 231
823 885
722 856
359 290
953 662
567 118
660 661
944 381
800 579
266 956
509 236
748 240
638 158
315 640
367 282
921 871
941 325
408 77
130 636
57 694
569 108
434 713
312 335
127 572
287 432
434 637
268 132
559 942
213 19
845 235
797 704
865 764
222 419
234 268
723 84
314 10
694 676
971 779
423 673
594 706
165 174
56 508
111 991
401 880
317 130
370 889
175 224
246 679
759 934
117 394
673 128
19 580
718 510
187 897
750 575
111 6
35 401
353 379
131 894
558 554
399 681
495 648
246 618
950 526
750 886
281 798
556 324
892 944
638 373
911 984
846 133
362 251
558 998
853 609
169 40
349 170
553 544
284 625
203 817
600 112
146 242
540 582
146 219
602 709
915 312
814 743
375 803
166 454
422 477
202 649
5 522
35 714
404 801
301 677
859 138
289 808
828 345
230 917
705 729
658 105
461 883
210 899
241 24
208 932
792 737
641 160
924 616
849 813
91 703
565 124
918 602
618 162
293 763
410 261
588 260
319 483
277 121
326 678
919 796
667 233
226 833
959 712
496 65
508 113
5 184
385 533
275 395
546 982
245 46
4 537
420 669
157 364
812 360
839 768
825 54
324 234
630 551
377 415
825 351
540 724
900 558
332 536
26 965
60 593
952 140
342 293
973 218
596 109
947 762
83 390
977 178
457 591
144 0
226 0
51 0
138 0
144 0
47 0
202 0
147 0
14 0
6 0
190 0
84 0
40 0
48 0
55 0
6 0
170 0
35 0
12 0
164 0
94 0
173 0
141 0
104 0
160 0
80 0
192 0
151 0
227 0
112 0
145 0
273 0
263 0
6 0
231 0
235 0
131 0
251 0
234 0
287 0
46 0
73 0
246 0
262 0
12 0
110 0
48 0
242 0
169 0
68 0
180 0
238 0
87 0
52 0
1 0
206 0
230 0
190 0
21 0
154 0
147 0
104 0
223 0
234 0
114 0
37 0
52 0
278 0
78 0
249 0
208 0
300 0
107 0
34 0
117 0
197 0
179 0
214 0
78 0
296 0
176 0
147 0
158 0
16 0
212 0
40 0
133 0
175 0
18 0
240 0
260 0
266 0
164 0
125 0
188 0
213 0
194 0
8 0
13 0
65 0
243 0
268 0
269 0
288 0
298 0
206 0
174 0
221 0
187 0
279 0
64 0
101 0
214 0
184 0
189 0
56 0
252 0
184 0
169 0
208 0
53 0
112 0
295 0
170 0
65 0
61 0
175 0
289 0
16 0
260 0
213 0
113 0
242 0
12 0
277 0
251 0
157 0
283 0
38 0
74 0
122 0
12 0
238 0
155 0
17 0
222 0
218 0
42 0
198 0
134 0
182 0
25 0
19 0
88 0
86 0
288 0
77 0
100 0
210 0
240 0
269 0
226 0
285 0
143 0
25 0
80 0
5 0
195 0
117 1
102 0
261 0
158 0
39 0
237 0
76 0
290 0
133 0
286 0
167 0
228 0
190 0
2 0
289 0
194 0
20 0
246 0
19 0
300 0
104 0
113 0
12 0
263 0
297 0
17 0
274 0
214 0
207 0
106 0
205 0
139 0
64 0
164 0
78 0
28 0
61 0
95 0
60 0
270 0
120 0
259 0
111 0
175 0
119 0
265 0
141 0
168 0
164 0
112 0
245 0
57 0
139 0
105 0
248 0
248 0
185 0
149 0
21 0
82 0
63 0
298 0
80 0
124 0
246 0
94 0
200 0
265 0
237 0
245 0
227 0
35 0
215 0
142 0
162 0
37 0
80 0
214 0
9 0
290 0
107 0
143 0
283 0
243 1
38 0
274 0
47 0
137 0
278 0
214 0
178 0
269 0
113 0
237 0
199 0
77 0
20 0
168 0
71 0
71 0
2 0
225 0
260 0
34 0
149 0
161 0
261 0
198 0
261 0
107 0
45 0
163 0
104 0
237 0
58 0
295 0
68 0
252 0
52 0
182 0
19 0
170 0
266 0
34 0
84 0
165 0
206 0
133 0
262 0
167 0
245 0
98 0
242 0
173 0
157 0
128 0
189 0
216 0
52 0
89 0
155 0
56 0
67 0
91 0
257 0
57 0
193 0
23 0
21 0
215 0
188 0
14 0
247 0
44 0
295 0
162 0
185 0
58 0
156 0
174 0
198 0
135 0
227 0
71 0
271 0
147 0
55 0
92 0
56 0
5 0
19 0
267 0
51 0
268 0
183 0
202 0
45 0
277 0
141 0
70 0
176 0
87 0
90 0
165 0
290 0
14 0
17 0
75 0
44 0
153 0
153 0
14 0
4 0
152 0
185 0
134 0
255 0
47 0
30 0
293 0
219 0
128 0
56 0
269 0
129 0
49 0
86 0
135 0
245 0
264 0
278 0
127 0
142 0
67 0
106 0
66 0
69 0
32 0
50 0
32 0
144 0
7 0
263 0
127 0
138 0
283 0
138 0
169 0
288 0
37 0
14 0
175 0
136 0
272 0
204 0
102 0
67 0
242 0
250 0
229 0
106 0
295 1
281 0
84 0
106 0
88 0
210 0
38 0
52 0
73 0
87 0
44 0
135 0
159 0
125 0
218 0
61 0
98 0
265 0
84 0
50 0
279 0
168 0
179 0
131 0
64 0
107 1
129 0
174 0
239 0
8 0
66 0
300 0
77 0
134 0
31 0
119 0
22 0
257 0
7 0
197 0
79 0
224 0
136 0
187 0
113 0
114 0
259 0
190 0
35 0
252 0
296 0
247 0
161 0
279 0
171 0
261 0
123 0
138 0
188 0
189 0
292 0
251 0
43 0
67 0
238 0
24 0
32 0
200 0
201 0
289 0
132 0
244 0
33 0
91 0
209 0
278 0
41 0
229 0
125 0
264 0
52 0
165 0
264 0
226 0
178 0
96 0
115 0
100 0
292 0
127 0
219 0
118 0
141 0
12 0
225 0
228 0
213 0
297 0
85 0
272 0
53 0
296 0
50 0
294 0
42 0
142 0
229 0
92 0
57 0
189 0
109 0
172 0
160 0
45 0
273 0
107 0
207 0
87 0
215 0
92 0
191 0
76 1
275 0
262 0
238 0
50 0
152 0
163 0
118 0
253 0
298 0
135 0
299 0
209 0
89 0
116 0
234 0
238 0
178 0
85 0
4 0
174 0
20 0
216 0
201 0
151 0
37 0
258 0
70 0
284 0
289 0
1 0
286 0
99 0
266 0
220 0
157 0
28 0
103 0
223 0
297 0
225 0
68 0
269 0
189 0
98 0
126 0
22 0
222 0
291 0
158 0
100 0
299 0
215 0
1 0
59 0
88 0
160 0
229 0
61 0
5 0
223 0
181 0
60 0
231 0
156 0
227 0
60 0
256 0
274 0
120 0
185 0
290 0
259 0
249 0
271 0
148 0
212 0
125 0
5 0
36 0
126 0
273 0
220 0
193 0
282 0
221 0
256 0
13 0
267 0
286 0
67 0
84 0
102 0
8 0
105 0
262 0
249 0
27 0
78 0
155 0
136 0
185 0
137 0
272 1
185 0
226 0
268 1
48 0
135 0
136 0
182 0
172 0
137 0
87 0
112 0
238 0
296 0
214 0
29 0
103 0
38 0
130 0
272 0
109 0
156 0
87 0
294 0
274 0
268 0
9 0
153 0
232 0
90 0
60 0
42 0
200 0
164 0
165 0
139 0
265 0
150 0
204 0
288 0
142 1
44 0
50 0
256 0
54 0
115 0
207 0
119 0
35 0
79 0
224 0
291 0
196 0
208 0
132 0
186 0
268 0
121 0
104 0
92 0
125 0
300 0
296 0
3 0
168 0
77 0
166 0
129 0
54 0
126 0
4 0
277 0
299 0
18 0
92 0
50 0
210 0
130 0
121 0
48 0
85 0
165 0
178 0
130 0
275 0
123 0
174 0
45 0
262 0
26 0
248 0
205 0
132 0
122 0
216 0
130 0
194 0
82 0
143 0
299 0
60 0
263 0
67 0
164 0
232 0
79 0
270 0
107 0
131 0
4 0
84 0
286 0
184 0
34 0
259 0
108 0
149 0
224 0
297 0
165 0
178 0
194 0
106 0
112 0
61 0
273 0
85 0
3 0
3 0
108 0
114 0
290 0
221 0
133 0
208 0
110 0
25 0
92 0
110 0
105 0
174 0
19 0
101 0
298 0
234 0
259 0
167 0
259 0
268 0
150 0
38 0
277 0
74 0
79 0
68 0
170 0
58 0
147 0
85 0
35 0
239 0
241 0
279 0
173 0
154 0
145 0
102 0
265 0
240 0
153 0
41 0
5 0
247 0
163 0
264 0
246 0
37 0
69 0
236 0
33 0
290 0
115 0
193 0
63 0
160 0
179 0
258 0
100 0
70 0
213 0
25 0
154 0
226 0
75 0
71 0
72 0
67 0
6 0
278 0
166 0
300 0
67 0
157 0
4 0
85 0
184 0
29 0
46 0
32 0
286 0
74 0
278 0
51 0
67 0
60 1
50 0
265 0
211 0
187 0
147 0
257 0
33 0
204 0
15 0
279 0
121 0
72 0
89 0
294 0
49 0
218 0
112 0
117 0
276 0
139 0
60 0
116 0
275 0
41 0
13 0
92 0
217 0
260 0
278 0
270 0
285 0
13 0
21 0
9 0
151 0
78 0
187 0
3 0
90 0
13 0
147 0
191 0
249 0
272 0
148 0
253 0
275 0
227 0
55 0
43 0
35 0
271 0
165 0
250 0
91 0
12 0
255 0
103 0
145 0
39 0
41 0
22 0
243 0
189 0
24 0
140 0
7 0
222 0
232 0
210 0
20 0
200 0
258 0
73 0
169 0
6 0
283 0
28 0
73 0
196 0
89 0
105 0
170 0
23 1
263 0
287 0
47 0
128 0
202 0
200 0
296 0
228 0
167 0
183 0
50 0
200 0
275 0
295 0
5 0
258 0
250 0
293 0
155 0
62 0
216 0
53 0
124 0
174 0
53 0
66 0
240 0
284 0
89 0
148 0
144 0
217 0
54 0
229 0
205 0
173 0
26 0
36 0
152 0
49 0
21 0
230 0
272 0
105 0
40 0
168 0
271 0
44 0
137 0
228 0
117 0
228 0
272 0
209 0
105 0
282 0
255 0
66 0
104 0
284 0
224 0
23 0
63 0
77 0
206 0
55 0
262 0
296 0
