1250
181398 190247
175963 167371
173258 189068
182712 168226
183503 170096
196497 196991
171910 197609
182344 182920
184062 169979
182259 176677
190747 194177
188239 195355
184896 166409
169245 167656
189904 186961
193216 192299
165906 187842
169928 198973
196525 197039
179408 165950
174047 193524
182186 197853
160562 186214
173522 162794
198899 198561
175622 199716
164872 171230
180050 171461
170117 169613
166717 176416
181893 168942
176949 164929
164259 169741
195158 183308
174677 193123
173078 172675
195715 192192
182052 179825
182027 189968
182314 168864
194999 174955
163606 192120
176096 160291
183168 165349
185438 176435
195746 187162
162716 194138
170536 187324
181811 177472
187366 174113
191185 185712
184633 183788
197997 190172
166560 175538
187323 188499
173348 189034
180800 171658
197272 183825
191551 195745
173905 163307
180359 197372
196189 191958
167608 197414
194092 163286
176800 167426
185424 161750
196780 176952
162682 195082
197684 191239
197885 195346
179848 183507
182233 179889
171424 179699
196187 172169
191983 177633
196477 194532
175701 189904
174223 195593
169724 182160
198355 198764
188688 193896
165660 191416
198386 195481
191933 198698
182856 188943
199833 175444
173511 180413
180397 190075
192991 161462
180875 172008
193395 187385
167319 199151
195727 162599
173180 170020
186605 190147
183103 174701
182453 160560
164066 188008
177923 163989
197023 198947
166571 169384
161169 194819
168849 195887
164654 183039
170946 185652
186846 193969
182367 187190
198191 186788
169097 172472
174365 179726
168273 180330
181734 197698
176040 180031
177573 177557
181736 196558
199411 176696
197900 180021
163791 163785
178317 195401
176953 185120
173770 191145
180338 188737
190741 160793
173933 180608
175938 172181
169680 184060
162706 174242
185560 181900
190589 188538
182601 186874
189927 165205
176974 163403
196019 181482
197806 178782
172510 168938
185382 173391
196305 181608
176581 186359
170004 194788
165643 170438
174479 171900
177093 182593
160574 163180
196621 183738
194183 160949
172843 185371
180908 191684
191418 197223
188143 199000
180712 164966
173715 166398
194727 184463
166812 193590
174539 188112
197392 197178
162529 175635
192418 175776
197843 183205
160208 175520
174654 193436
184897 170757
172318 192891
188802 175080
164619 194378
160110 183426
168790 185950
188140 191629
185118 173151
174293 186453
168367 199241
195971 173534
193622 194476
190537 171334
194282 179490
172603 199726
196978 177680
195700 193839
199423 161351
169390 173158
170337 188774
167233 175926
180613 199570
169035 184084
189959 176166
171118 192905
166529 185345
174032 179295
176198 193739
197295 191311
177153 179052
169883 169481
196793 188411
188640 197739
168593 175419
189622 191830
191613 168760
167385 164599
190257 160362
168720 182532
160752 185690
163571 190408
161845 182942
164700 172043
167267 193210
172201 179453
181499 164685
189764 197700
182537 171626
170800 184120
170816 199287
182393 168222
168236 183293
190872 195965
171565 167693
166827 186505
199890 173944
179985 179505
175906 164550
192300 192715
183115 196005
162700 170611
172044 184518
192201 172124
169758 165148
171257 165173
169193 160808
183095 189215
194300 172066
161148 173260
185344 199297
173159 181061
197340 198559
185437 171092
173912 196238
164589 166470
190842 165358
193583 170128
182078 182322
196785 194753
196352 169606
175267 172630
182833 170147
193722 175193
180459 182826
188431 173588
195678 195271
167827 188490
167302 187222
163447 184275
166833 179647
192997 170399
186108 186373
199950 180155
180410 185004
192498 187298
191530 179151
161802 186836
160428 199331
177013 198396
172103 196237
188436 190436
181627 185478
199232 166573
170943 188726
199281 170539
174529 177055
175793 195880
167577 185584
171558 165567
186682 163053
185415 190719
194050 187435
173769 185675
191923 192763
171007 191722
192775 161354
196686 186223
189787 195792
167298 166895
177648 170183
187663 181539
169781 190963
161940 179524
165633 192956
180359 196611
161679 167864
190241 172580
178161 166936
196579 176977
164815 165718
160000 185951
165622 161152
194613 160826
182242 197895
174722 197924
179910 162420
186604 191675
180249 176563
163680 170056
185790 175581
199101 188867
172324 189527
181574 168073
197026 182176
168021 161989
165786 162709
160243 186291
194503 179615
161173 193865
166841 164725
181465 167870
195936 175527
168403 174256
188861 194918
197279 181141
184896 168326
189657 163015
193828 177737
173301 188067
180505 172893
193664 196760
179604 169638
174543 199256
199638 174361
175840 192270
198183 197332
184791 161859
197389 172380
164134 192740
186299 174724
180034 195081
175384 168987
169831 169854
189548 162921
197866 188938
169997 164602
168575 173047
191694 168081
177123 172987
197997 171857
163117 169828
176120 180638
193084 182134
169255 166539
193956 199051
162567 166803
197402 191980
187193 176988
165874 161938
190925 197232
185317 164464
182623 160755
190733 173014
174659 186737
189908 172519
197029 173490
182887 182602
185701 180013
180314 176577
178119 162541
180018 165980
173987 165042
168256 170232
161226 195659
180967 163424
194076 165298
171440 182751
181082 178351
182748 191766
186351 170375
188412 177567
194853 162431
178249 162583
161641 177170
184914 197324
174881 195719
187528 177790
182451 197780
195169 199395
181251 176399
188045 174942
190718 195609
196344 198396
179036 169304
189314 191343
195862 179007
188924 192728
196166 164634
181743 199135
191479 195852
168632 161679
160793 161284
173611 182257
180772 177086
176688 172240
194626 192993
197018 198387
199829 170152
193618 193328
176102 180111
198129 179312
185688 197721
185189 196921
165347 191579
197271 167664
162863 162509
188520 198464
191120 182082
179779 172737
181698 184740
174382 183677
193898 170242
161638 186939
189613 199851
181559 185890
182165 175771
175989 174042
196640 196727
164495 196129
192937 185257
163033 171654
196215 167803
191201 189859
178732 196918
195581 167333
184067 168554
193225 175600
170608 194590
161598 198056
163327 174525
189213 187995
188888 165297
174472 182341
182287 173409
190212 165576
165113 167207
190976 174637
167318 173924
190137 188356
174551 161175
196529 188475
196950 169415
175011 165606
173455 172085
196232 165759
174723 195081
175518 168352
185347 181775
188464 184410
178384 175119
173159 175656
190451 163434
196788 179763
195605 162836
184170 161074
181884 169420
183069 198337
188454 191449
187387 163485
190248 179822
198202 176328
196756 191849
165214 167035
161402 190603
186126 161547
198310 197154
168563 192063
164726 170423
195229 172000
171011 180478
166854 195528
162205 187117
182757 164524
177602 169123
161224 167705
164237 161875
165312 175825
165913 176217
198434 171905
183400 188812
162928 174294
194096 179619
190793 163343
197167 193424
170673 199737
193761 160993
188271 161946
186251 165568
165448 195009
169676 173842
175018 180026
176683 162739
177561 166467
163499 168916
179343 182950
191737 161931
191644 188540
167943 187426
184615 182241
187565 165277
193646 190313
162199 173481
168002 199957
174971 177969
185517 178564
195739 175529
160985 182626
171509 196291
161263 184850
169525 184924
177309 190710
170419 170028
182564 184986
192188 183454
195700 188498
185613 186983
181141 183115
188699 175792
180029 170474
177260 171435
178123 193673
162287 189995
195789 184483
166799 170333
181536 179448
179435 168398
181111 163335
172571 190654
187336 166948
165951 198606
199155 179654
172065 187010
191300 172551
195887 176180
178733 170659
191510 167431
174287 161274
198752 175559
186969 199693
180647 195680
161935 179319
166695 184857
194079 196357
197961 162685
179134 195111
174878 191053
179686 175343
173737 182070
172594 177723
181799 167972
164337 170946
189007 189628
185811 179523
186197 189391
173403 164954
169889 161795
194880 180446
170394 185602
177990 160425
171345 180086
170403 171834
161300 199130
194800 165542
194141 187820
178156 193915
160715 168460
182235 167467
194228 195938
199195 182620
173168 167209
163730 198479
196028 189286
198652 177160
173810 192224
167669 168999
172727 182766
166914 182797
160270 198233
174115 170972
199562 177479
198186 183904
162108 164863
197101 166682
172999 194094
167310 182095
172835 166552
188167 199708
181655 182251
183729 185938
172746 188152
166475 164737
186555 166041
169356 192994
183673 179257
181949 194811
193903 165655
183002 170333
166604 185275
186545 191211
172018 168978
169559 192606
199482 177051
194790 180386
187628 160672
178057 165304
196453 172843
197254 199219
193453 186541
165955 199902
170114 168432
199500 171111
197671 183905
163958 166880
193463 191261
178267 180807
172938 171644
167033 165780
168508 190095
193587 195312
191292 193136
193298 161079
175981 165474
180042 187736
171873 166283
175232 191364
182700 187543
161611 165559
180621 195322
174676 169005
181264 184094
199195 165620
171043 177211
190207 167319
176555 186529
171741 180110
196405 188277
199354 166124
198609 181208
177422 167239
173444 198604
176360 168952
197412 171215
185829 199616
172534 189226
182188 175577
178524 174300
180722 193472
191806 161224
189449 198938
194094 170924
161292 160841
197388 172653
195719 184661
192221 173832
160187 162806
164407 168746
186315 195639
178117 181894
174070 182111
174405 166696
175054 188354
163597 189029
185874 185129
170021 180280
163032 188352
166136 163961
197346 164471
162393 192996
194718 176421
192961 196016
164862 179330
182399 163912
190532 195846
180145 184263
198925 184907
161624 176997
176146 169817
174568 170136
167467 190771
161004 190306
178864 196952
194423 191667
174653 197201
163237 168423
174469 190350
176691 188306
199726 182482
199677 198264
198137 194476
177199 194751
173649 175926
193307 195023
182739 180785
166054 194004
196757 181842
198207 198909
185234 171914
177884 163444
180800 169892
176081 198234
182676 160110
172556 186106
193350 164505
185452 179413
199615 169738
195037 165021
188269 173319
176624 198055
165440 181640
164045 161994
191547 185065
198474 170393
189890 197663
168509 182964
163417 165303
184118 183898
184838 180553
177298 195559
194656 167446
195366 194804
168636 186161
184473 176745
190264 162056
194329 174564
197564 179799
178894 196735
192776 196550
187652 194108
180058 172529
180168 171115
198809 175198
178569 175946
180722 166961
195977 161283
177190 190329
196657 183685
170631 170851
194610 181318
164467 160741
166504 179894
199649 180428
166621 198188
174641 183958
173514 197193
187054 190586
196686 173988
197120 196274
169919 190069
174987 167397
170649 165368
165694 160620
172986 162696
194693 184347
188669 163111
180096 186039
175809 163694
165772 182916
181760 173498
176284 169620
160122 161405
164424 191331
169360 195544
174064 177170
170966 174811
182955 199509
162704 173880
184417 160296
195159 175084
172850 176626
191931 169954
191240 162074
179893 177901
173362 170497
168634 160763
179376 184362
172659 183075
162017 179671
185526 189322
170215 180699
190081 183390
184842 183047
164031 197503
195931 179567
180383 177630
173672 199669
196224 178354
191103 194064
163855 197481
181938 190313
180906 172528
169793 198746
195667 197349
197684 170502
181429 195657
185828 162081
173119 173863
169884 166829
165973 179123
196284 199690
198236 166754
168905 173600
168807 170942
172210 197710
170676 160783
195586 194963
190129 181193
173003 173594
178410 195953
197425 160223
180139 179599
165446 177922
163762 190969
167178 184985
173052 184624
168959 189484
173751 175647
171128 174762
171648 193172
191507 173520
194517 198067
186483 187534
196834 170317
160936 179109
180211 181884
163980 186810
188190 192579
198305 193729
164641 176221
182770 188865
196806 170959
165591 181263
165914 193266
181113 181046
183367 164465
192997 175264
168092 170080
160429 163415
181040 176248
163308 165375
175212 193400
190671 169128
197591 180876
166885 166300
176602 185719
188716 174886
186634 162536
198038 181264
162830 189477
169394 176215
173894 189680
190394 184074
195874 187251
180184 166317
166608 180781
173456 165338
177469 161565
163627 178955
172528 191349
161040 169982
191348 169476
178249 161827
170289 182632
185165 176354
174026 194322
167086 182064
183796 170600
166939 195029
181022 167648
188626 181416
178480 180502
196544 185809
162335 160571
177519 166866
171382 189991
174594 171760
176709 170669
162174 176879
164649 183001
176543 183852
196744 186754
189156 185732
181079 161535
161019 170668
166300 196905
168455 164437
184917 172373
169307 199440
186465 185763
167170 197407
162398 183622
172740 167172
191238 176541
169690 181136
173719 168447
160335 189380
194569 173164
174106 176465
170598 184437
175385 198077
183301 183222
172313 192586
162634 165987
187242 180174
175151 190026
167163 196152
162659 174065
171568 167986
174314 189811
189542 192856
166539 197180
197060 161723
176953 181013
185370 197264
192260 183951
186064 174145
188140 178832
165785 195763
191603 170248
198861 167607
170842 169634
169289 166598
194544 189614
190085 194529
166453 195274
176541 184055
199632 189199
173216 195763
193707 197112
184128 175861
165168 168369
194177 196743
199650 193478
175950 181664
197276 196482
174469 180771
189173 198836
178395 190491
186771 188646
179528 162107
187180 186208
188529 160354
163048 193449
188629 176748
178994 181045
185917 167259
176381 175005
182148 183192
176884 187120
160850 163279
181654 174464
166936 188912
180074 186079
161369 197101
181773 178561
187403 182047
175655 196233
191018 170608
178735 188915
171929 162227
181101 194757
182329 190668
189869 195233
194969 177429
168678 177476
164072 168293
181892 171765
161000 197745
186433 187812
184180 195290
169710 167096
198685 169111
172747 190667
194878 162371
194209 181594
190864 181707
187927 185200
182896 187038
185164 193320
180886 186422
194970 163768
185990 196803
166387 176981
186893 171186
199997 190973
177712 186698
189068 194952
163967 195618
161122 180994
179709 199761
179070 188027
163723 161675
186067 191567
199436 185947
189218 167647
176696 164745
164286 160680
199101 167512
199204 195902
187406 191853
163644 177445
160113 198586
189399 166078
188912 165092
178086 190482
180436 164030
160987 169460
184748 168862
189916 193711
165333 193397
194992 185684
179237 178879
195001 195295
175899 197312
162400 178857
175905 171086
193360 196363
185746 172288
165550 166451
187545 164559
184411 183165
171275 180158
175417 182511
179312 160958
172558 199740
199288 191934
180400 199081
197544 188107
173496 193456
165050 188709
177963 160017
195533 189354
193244 173663
185453 160813
164266 194450
165901 167603
195568 199958
178211 164168
185024 185707
161742 187972
185828 171922
197402 184980
170140 160349
173581 191416
168840 160852
192424 164746
161561 168754
197678 174968
183954 167804
184312 180909
177964 165875
191792 168407
164058 178251
166293 196122
161572 197277
160191 177658
177981 190329
171118 168732
190592 164233
162382 161503
172798 160563
177239 195499
178686 187700
185639 176610
165274 198764
179110 161271
175378 173017
168887 168052
170647 190330
183443 169171
184333 199854
170129 178616
197400 186853
188311 184531
187942 197195
168509 199761
183629 199488
195193 178265
191121 199653
170871 175885
183575 174705
167273 175912
165559 184778
176714 181337
177494 186427
164969 188095
182711 166721
183307 198983
165071 163112
186202 177874
168201 161461
177338 184698
191318 181795
160231 176982
193826 182672
176127 186001
198768 183448
196332 173983
198487 198503
181336 194516
166995 196688
167339 174142
191212 195194
167918 190333
188994 180734
167683 191908
183363 194039
190459 197653
188957 193096
185581 174114
192484 165511
184350 164825
180439 199267
185591 173389
196226 186728
179583 174563
191005 170336
169195 170540
192590 169100
163753 161770
182317 187685
175549 197232
169447 184440
164146 168163
177850 170788
161410 176353
163957 174805
170942 175392
196200 169155
198402 171742
175735 197085
166084 169660
171352 168515
161397 187972
196322 160103
191885 198342
197999 182685
173157 195672
160119 176096
197408 196287
193860 162639
166519 186634
192588 164551
198287 170625
174272 180587
191530 194112
164029 162875
195684 179830
160559 166015
162051 178173
167647 199285
196883 175410
178696 191561
164317 161312
181855 161239
177488 162525
177814 177056
199166 197745
166769 179157
183264 164027
188147 178496
160608 192695
188314 173692
182349 199624
186403 194013
193968 198447
160488 178753
178479 194502
193799 164027
162058 172302
182926 165764
161656 189569
188938 186917
161754 163845
182590 191531
181148 193241
187362 189325
191940 193462
181097 196339
173683 177035
162346 188250
164083 182517
163285 166520
174746 184455
163417 189276
196163 185381
163000 178073
172597 198922
169928 176584
177017 180725
195598 166057
196370 176103
187010 184386
165727 197620
168900 195973
181300 176149
186784 174036
161903 167362
166705 162772
167712 179503
163125 161716
184356 162354
183978 199772
160280 181204
181307 176924
182650 175214
197348 190605
180922 185096
180361 162619
176207 161240
190654 168541
182614 175680
191914 168348
183374 179952
185696 167667
188611 169048
181786 182024
188902 165103
185864 176707
191469 188764
195805 180350
167404 187178
197882 175216
172101 196902
179156 162535
193058 184412
172815 174230
169372 164556
188330 184276
199364 176324
167961 169943
163081 191306
196721 196160
164920 197916
196480 168307
178086 191850
181486 195235
162736 194389
195653 160808
188200 161663
175704 172088
163139 181609
187228 166443
198549 164392
199888 187889
164582 172986
174017 165848
174838 197518
187498 199134
196128 184063
165122 192490
