500 499 0
468 449 47 77 126 174 353 328 292 384 453 408 204 225 424 309 271 467 27 410 435 405 431 480 145 424 203 335 492 498 1 13 455 233 467 175 468 326 51 157 267 24 447 220 313 147 335 454 13 11 466 351 26 60 416 348 328 55 214 123 120 93 194 488 29 313 44 338 369 183 114 269 77 490 130 138 18 119 295 27 462 400 192 163 303 242 45 427 240 168 396 293 439 415 121 265 457 120 76 232 368 443 25 414 209 168 216 325 77 391 98 455 139 116 21 440 124 372 472 176 161 61 259 249 300 259 49 172 282 463 69 12 52 28 376 215 198 449 268 445 164 405 317 427 25 455 218 480 2 175 54 219 291 177 181 16 316 398 432 256 163 138 200 429 375 303 93 203 130 12 55 4 104 18 365 21 207 209 439 343 173 328 118 168 163 161 201 219 293 369 312 114 343 481 334 412 401 130 333 218 223 289 158 191 42 100 241 139 153 451 65 32 418 290 261 258 19 345 71 223 137 449 189 187 487 210 231 263 336 38 445 53 469 489 109 495 496 472 406 137 349 407 356 424 437 172 390 272 336 113 271 122 267 352 85 410 494 193 459 365 131 75 319 90 3 249 85 51 392 317 497 83 265 413 349 373 364 28 135 59 200 214 282 432 206 3 154 187 31 324 201 284 268 141 179 268 64 211 57 264 66 483 462 354 319 205 165 39 33 500 41 385 243 417 134 317 178 394 182 272 13 104 417 259 282 200 142 95 241 153 467 495 152 282 459 80 440 289 184 186 139 166 436 184 18 288 117 105 215 96 236 117 270 159 282 282 31 162 227 478 31 371 339 12 73 499 268 232 180 400 345 157 255 337 94 118 282 99 182 220 476 244 299 88 253 156 26 487 324 185 112 212 468 322 485 405 494 472 333 69 16 53 366 257 46 488 27 404 465 200 20 247 319 21 413 320 364 296 63 171 187 308 469 115 38 297 445 233 233 323 186 137 498 119 377 307 112 169 381 495 422 190 373 361 358 97 211 223 20 475 398 455 359 391 232 86 391 249 481 160 453 50 426 293 440 120 6 185 213 156 51 344 328 367 194 412 280 241 411 72 371 160 414 110 400 404 40 356 275 53 370 317 252 263 297 351 93 494 402 109 
500 1
11 1
366 1
136 11
5 366
128 5
339 136
42 5
111 128
346 42
60 111
8 346
39 8
297 39
156 297
320 297
217 156
249 156
103 217
58 249
437 58
20 103
96 58
365 20
86 20
77 365
241 365
102 86
80 102
376 241
440 80
187 440
442 187
386 187
444 386
394 442
161 386
48 394
224 48
422 224
368 48
324 422
164 368
492 164
165 492
334 164
228 492
388 228
149 388
270 149
209 270
41 149
495 41
109 41
28 495
157 495
391 28
379 28
234 379
250 391
137 234
154 234
18 154
294 18
413 18
382 294
450 382
198 450
438 198
309 438
145 198
57 438
354 57
35 354
177 57
487 354
79 177
318 79
463 487
81 79
126 463
374 126
301 374
289 301
255 374
256 301
64 256
196 64
120 64
276 64
143 120
322 143
353 276
355 143
24 322
393 353
416 393
7 416
227 393
16 227
205 16
257 227
477 16
441 257
476 477
252 441
323 252
499 252
140 323
155 499
216 155
75 216
481 216
349 216
170 75
430 349
238 349
328 170
407 430
62 238
116 328
412 407
214 62
206 412
110 412
56 206
286 56
370 286
47 286
66 370
498 66
267 498
278 66
359 498
384 267
337 278
261 337
491 261
215 491
378 491
40 378
219 215
25 40
411 219
194 25
142 194
483 142
418 142
295 142
493 483
244 418
46 493
98 244
262 46
410 262
306 98
69 306
204 410
70 306
169 70
283 204
326 283
95 169
141 326
231 95
488 95
462 141
478 231
201 478
496 462
83 496
377 83
399 377
188 399
208 399
472 188
333 188
350 472
131 333
132 333
123 131
3 131
186 123
288 3
106 288
459 288
45 288
212 106
469 212
173 212
271 212
314 173
302 271
305 302
152 305
259 152
232 259
246 259
332 246
458 246
202 458
387 458
311 458
423 311
269 423
199 269
348 199
342 269
242 348
443 342
298 242
480 443
266 298
99 298
383 99
420 266
490 99
55 383
281 420
71 490
446 55
229 281
139 446
221 446
486 221
88 486
425 486
482 486
445 88
191 482
127 445
406 445
49 406
381 406
279 49
119 381
211 279
85 211
317 211
475 317
121 85
65 317
427 121
362 121
456 427
361 456
200 456
43 200
178 200
485 178
146 178
356 146
263 485
454 485
248 263
274 356
52 178
74 52
182 74
426 454
494 52
264 356
76 494
453 74
280 76
193 453
471 274
51 485
344 485
236 182
112 193
484 454
179 146
254 178
265 426
67 426
467 265
14 485
403 51
433 182
124 182
360 484
4 52
489 494
190 52
203 265
68 182
421 248
184 467
89 344
168 182
313 74
341 203
150 51
308 89
101 263
247 356
338 265
171 341
54 274
61 171
380 313
268 433
197 308
287 171
415 494
233 52
479 146
395 454
329 14
237 338
253 203
32 380
299 14
73 203
17 14
434 356
447 485
50 360
31 51
357 32
436 51
223 76
429 76
428 280
330 190
63 494
78 67
293 89
108 360
192 253
405 489
400 254
36 168
172 54
373 14
277 330
414 17
474 108
335 78
258 395
351 360
284 426
26 264
117 233
138 484
180 434
6 293
29 14
352 433
100 403
275 171
113 436
105 287
162 68
30 179
273 182
304 67
432 247
84 61
176 447
401 54
122 485
347 61
148 233
72 335
315 61
296 485
13 192
343 400
272 168
37 52
424 341
303 171
12 272
473 236
175 373
285 150
90 150
251 31
307 400
452 105
210 360
260 51
151 303
397 210
166 380
367 176
34 489
408 428
398 108
455 180
21 101
2 89
449 52
130 233
451 108
419 263
385 236
82 34
336 447
363 343
457 52
115 344
282 421
222 395
129 307
292 287
159 380
402 222
27 68
331 329
93 436
144 197
160 352
468 373
404 307
358 277
225 284
167 74
10 468
240 236
291 402
364 474
163 360
327 293
345 180
235 84
87 373
9 74
470 222
195 331
392 122
125 331
372 193
174 4
439 424
181 451
183 32
107 419
243 273
417 330
465 494
44 292
310 182
94 417
448 195
325 87
19 310
390 251
230 14
22 163
226 265
59 236
38 426
300 474
460 439
218 282
147 67
104 12
312 429
290 26
371 287
207 54
220 343
431 108
23 403
375 264
369 21
409 12
114 310
134 30
389 233
464 303
33 474
213 313
15 181
319 356
245 389
340 398
466 360
185 431
461 59
158 275
97 395
239 263
435 264
189 447
497 470
53 401
153 235
321 50
118 179
396 325
316 101
92 398
135 38
133 293
91 52
2 62 481
2 122 82
1 91 77 499
1 24 21 458
2 475 282
1 26 76 76
1 169 90 422
1 353 18 456
1 262 297 297
1 326 86 291
2 143 174
2 153 130
2 388 414
2 436 389
2 367 75
2 291 226
2 479 391
2 445 170
1 334 146 322
1 91 68 456
2 48 396
1 440 19 458
2 317 238
1 264 179 199
1 369 122 336
1 91 69 450
1 333 119 364
2 496 456
2 21 108
1 381 11 339
2 344 99
2 338 399
2 245 307
2 196 261
1 91 59 397
1 370 1 289
2 186 337
2 405 480
1 382 10 438
2 101 67
1 91 120 406
2 46 266
1 128 287 428
2 67 487
1 218 27 482
2 466 321
2 485 63
2 344 423
2 44 461
1 338 70 493
2 306 78
2 115 14
1 376 472 472
1 8 6 6
1 52 17 472
1 465 4 222
2 339 465
1 294 172 428
2 317 111
1 198 131 131
1 346 115 500
1 255 101 408
1 91 39 415
1 62 71 415
1 347 396 396
2 84 225
2 21 246
1 102 16 480
2 424 90
2 29 417
1 492 55 465
1 405 316 415
1 91 263 290
2 154 431
2 331 431
1 199 30 400
2 66 192
1 351 3 475
2 443 275
2 429 156
2 423 93
1 252 45 376
2 265 154
1 123 150 409
2 447 123
2 300 140
2 427 72
2 334 366
1 2 21 370
1 196 94 349
1 30 227 484
1 378 9 484
1 376 55 212
2 262 198
1 430 79 495
1 96 118 465
2 389 278
1 170 28 490
2 255 281
2 52 446
2 230 264
1 34 178 494
2 92 67
2 498 133
1 41 26 402
1 91 78 492
1 293 42 345
1 131 101 484
1 477 171 494
1 99 364 364
2 311 482
1 193 14 498
2 327 459
1 85 76 414
2 344 61
2 38 92
1 332 133 363
2 65 127
2 235 9
1 354 46 472
2 257 404
1 178 44 428
1 228 194 331
1 91 53 424
1 220 131 489
1 166 213 298
1 209 237 237
1 34 75 306
1 6 8 497
1 45 3 73
1 212 120 440
2 70 34
1 289 25 43
2 217 253
1 47 265 449
1 91 185 216
1 98 2 498
2 302 95
2 40 252
2 412 152
2 132 135
2 222 286
1 198 8 461
2 294 371
1 233 33 500
1 366 10 483
2 83 216
1 305 18 481
2 382 229
2 429 3
2 291 71
1 324 8 497
1 112 66 479
1 411 1 465
1 164 80 400
1 482 39 475
2 230 65
2 115 105
1 225 88 291
2 465 201
2 294 83
1 418 430 430
1 74 252 327
1 54 1 489
1 499 410 410
2 221 147
2 57 148
2 448 119
2 324 236
1 239 133 326
1 91 5 497
2 139 46
2 133 173
1 91 260 260
1 109 345 354
1 329 60 415
2 193 225
1 192 34 425
2 156 246
2 489 116
2 123 343
2 374 114
2 227 310
2 368 126
1 43 42 499
2 145 165
2 295 331
2 144 63
1 143 136 136
1 66 25 388
2 107 460
1 8 55 475
1 469 135 266
1 177 45 430
1 327 240 393
1 231 139 248
1 388 138 298
2 40 165
1 355 28 459
1 11 146 485
2 325 48
2 87 219
2 404 51
1 91 71 498
2 78 348
2 195 203
1 12 164 353
1 437 2 437
1 202 14 493
2 119 286
1 91 443 467
2 443 289
2 24 360
2 494 45
2 55 96
1 496 367 489
2 357 295
2 238 220
2 500 410
2 426 89
1 101 12 373
1 91 62 480
2 225 119
2 178 354
1 193 24 392
1 211 101 457
1 91 77 494
1 25 99 370
1 174 269 418
1 309 229 411
1 332 95 392
1 39 96 151
2 50 161
2 52 450
1 345 115 451
2 460 340
2 45 464
1 224 176 176
2 185 54
2 181 14
1 326 133 470
2 190 39
1 91 93 461
2 467 437
2 429 151
2 153 94
2 248 204
2 47 388
1 196 294 316
1 91 178 180
1 91 22 476
1 381 269 389
2 64 56
2 269 89
2 489 262
1 145 95 434
2 218 330
1 334 29 497
2 487 376
1 115 36 275
2 184 441
2 361 195
1 117 15 447
2 173 244
1 70 53 392
2 314 458
2 4 158
2 321 360
2 485 384
1 91 374 401
1 353 33 428
2 139 213
2 483 166
2 69 442
1 333 74 491
1 339 314 490
1 118 383 461
2 148 372
2 33 147
1 336 15 499
2 29 150
2 344 407
2 218 392
2 281 464
2 20 486
2 80 328
2 153 238
1 242 364 364
2 77 215
2 241 30
1 91 35 493
2 48 381
2 414 336
1 177 35 300
2 57 490
1 287 298 420
1 169 380 380
1 91 174 439
2 486 22
2 15 306
2 468 355
2 229 349
1 103 164 221
1 353 265 336
1 311 7 497
1 124 70 468
1 346 25 424
2 204 271
1 184 39 437
1 42 228 465
2 496 311
1 342 51 494
2 299 327
2 100 115
2 379 20
2 206 217
1 244 46 463
2 363 334
2 221 81
2 232 76
2 488 8
1 440 13 480
1 154 26 498
1 379 7 448
2 161 352
1 376 201 364
1 77 412 412
2 333 301
1 35 167 462
2 432 437
2 273 162
2 103 283
2 482 330
2 84 91
1 383 15 429
2 185 383
2 434 133
2 148 452
2 181 155
1 217 121 481
2 77 138
1 26 9 500
2 478 24
1 393 337 398
2 114 265
2 297 229
1 228 23 469
2 58 272
1 373 270 343
2 76 246
2 245 329
2 487 466
2 188 251
2 322 387
1 217 264 407
1 474 14 496
2 53 41
1 463 165 285
2 460 336
1 29 67 472
2 186 150
2 493 342
2 433 246
1 175 21 380
2 342 411
1 467 171 298
2 151 361
2 112 361
1 167 64 474
2 140 170
2 418 337
2 382 7
2 212 16
1 444 4 363
2 75 390
1 198 53 376
1 444 358 358
2 320 437
1 286 11 424
1 91 35 422
2 80 367
1 376 106 391
2 110 206
1 438 30 329
2 289 323
1 480 19 445
2 153 22
1 91 2 495
2 415 420
2 289 195
2 255 217
2 471 334
1 11 112 409
1 182 483 483
2 491 323
1 270 351 356
1 407 45 436
2 7 88
2 418 237
1 478 43 475
1 443 3 390
1 279 11 156
2 229 247
1 17 403 481
2 344 442
2 219 119
1 91 261 466
1 207 23 500
1 91 2 255
1 69 14 205
2 500 180
2 435 264
1 54 278 284
1 339 7 495
2 344 98
1 53 40 40
2 181 173
1 76 32 295
1 75 290 290
2 99 219
2 184 42
1 474 30 472
2 276 65
1 416 18 386
1 277 235 269
1 462 93 93
1 108 153 285
2 303 444
2 363 236
2 209 494
2 124 356
2 39 407
1 268 45 472
2 412 238
1 91 58 496
1 196 6 421
2 335 413
1 91 121 476
1 80 98 211
1 91 7 382
1 491 449 449
1 187 2 457
1 91 55 478
1 188 119 427
1 91 205 459
2 200 276
2 368 295
2 65 56
1 372 195 366
1 366 161 161
1 142 243 243
2 311 349
1 223 32 460
2 367 269
1 338 218 484
1 76 60 401
2 263 354
2 496 71
1 272 485 485
1 143 9 465
2 209 238
2 18 128
1 67 69 325
1 487 271 271
1 459 147 410
2 41 183
1 356 2 489
2 413 107
2 379 349
1 337 190 205
1 292 65 479
1 91 30 395
1 473 57 57
2 470 401
1 366 123 480
2 347 160
2 85 378
1 438 2 481
1 368 186 347
2 400 385
2 221 254
2 437 176
1 170 23 214
1 103 106 488
2 100 496
1 59 70 387
1 347 92 450
1 250 81 153
1 440 370 385
1 95 91 217
2 50 205
2 64 113
1 116 196 196
2 239 314
1 370 8 261
2 11 430
1 178 62 392
2 56 66
1 379 3 486

