267
805
4915
4807
115
7864
417
10803
82
93
3140
792
123
58
984293
19559
91
1748
389
191
832
2740
160
147
602
180
375
1692
803
120
140
368
120
8277
21177
255
55
327
79
358426
49513
11552
743
1584
560
1045
127
45
282
323
42946
109
1995
151
319
2894
6571
59
154
465
234
534
171
69
1362
154
1871
417
2236
1451
102
1230
117
418
179
29589
1314
343493
1855
46
35732
1913
315
448
360
55
303
759
1283
132
177
518
109
220
215
4682
435
69
316
132
648
375
7419
238628
57
63860
368
129
427
47766
12315
737
118
2471
57
706
961
55
2315
400224
136
190
888
14943
96
81792
3664
803
266
173
405
530
1273
3478
7376
634
720
96
240
2051
626
368
725
189
35768
199
1813
925
1178
79
3007
57157
128
38876
3067
2762527
134405
112
5339
3442
9974
392
161
805
123
96
7872
102
439
165
63
409
9933
4208
209
59
677
304
2505
132
1170
1348
68
112
692404
315
87
808
59
4291
517
59
89
72
584
4628
4757
199
527
799
58
6628
908
1042
1717
91
107
267
9205
336
337
2622
1973
1802
475
144
2099144
28879
58
879
1413
734
5623
2785
151
3542
229
207
46
443
118
4796
139
381
46
599
126
597
96
12393
493
11427
285
132
216
7131
170118
19200706
1121
158
3054
96
501
455
178
12763
25836
45
838
121
79
439
427927
395
18431
207
140
76204
115
115
8853
59067
33015
128
4139159
431
1407
56903
14541
148
10014
79
139
266
129
2740
516
987
39072
1787
105
3461
138576
2418
212
11802
544
741675
564
278
200
68
128
445
441
4113
119
128
246
69
121
2033
1056
2618
1154
230
79
1441
91
10089
663
92
23328
971
2435
74
2966
128
89
1549
283691
9324
42
799
8777
57947
6306
4713
25003
91
102
1569
171
1895382
3784
3465
1512
63
57
106145
612
203
1347
79
2870
883
236
216
427
12150
957
1665
203
45
16215
4435
357
169
117
6282
6791
68323
859
1463
271884
783
103
64
6146
1942
192
98
192
2152
983
79
3319
241
74
465
30192
7523
3616
358
859
2212
2777
1541
325
2337
59
1206027
265
112
1405
19886
2298
87
10592
37839
4555
91
246
865
612
639
21646
391
52215
6023
41100
2677
526
1292
103
179
112
15881
346
169
140
42
10143
880
612
273
424987
4558460
91
2576
5903
3237
754
87
45
2106
190
280
268
118
1482
417
46
518
582
72
718
1750687
205
102
35335
85
46
435
842
443
78438
497
458
1306
57
1378
9929
192
10531
187498
58
3813
323
82
1682170
178
126
297
123
144
54559
140
25029
309
72
1266
694
824
287
1362
538
300
165
2349
1762
733
331
136
308
15188
1131042
839
139
1142
3638
115
126
58
70218
3732
6223
465
108
431
118
395
79
1217
36845
191
307
625
2627
16020
79
244
71
62969
72
280
3951
8345
121
533
224
2893
412
227
147
216
93
3917
455243
916
317
3236
315
67435
604
96
1740
2942
179
1559
511
485
1218
397
2518
1042
388
937
3300
287
654
1158
228548
805
642
165323
72
93
770854
415
120
764
3655
611
518
115
8837
832
42
32
120
525
62
72
642
10585
100071
442
3300
2961
198
5992
154
123
46
14059
156
42
8731
123
123
1152
557
64
147
1254
551
1811
21148
156
404
160
357
241
669
212
1016
2734
598
114794
147
68
10517
78
53385
74
990893
146
2119
117
10366
101
1228
266
21629
10007
79
588
276
115
64
570
17296
1430
62
655
7153
12464
8164
9683
377
59
55
5141
1872
141
96
15305
6477
1545
204
64
1581
126
5189
3017
480
1025
115
69
572
129
1068
57
45
337
310
141
1926
586
136
475
96
268
384
175
1506
1125
205
13819
278
105687
93
6449
40841
948
1125
253
3031
169
54627
1713
486
41927
1315
2789
57
2699
1371050
11347
23123
735
458
63
4230
63
18537
123
226
728464
262
129210
276
1710
96
333172
384
268
397
98
365
876
1532
3497
5715
1067
1811
274
45
12526
242
888
1115
3089
199
132
216
32
57
259
1102
236
581
296
123
86913624
504
87
599
1913
32013
100
167
107
274
105
17489
743
4020
61364
7131
69
212
769
305
45549
303
174
901
46
10186
100
53985
380
243
546
169
199
191
146
469
91
1412
42
7123
23008
102
1111
8458
11421
12732
80
23506
251
275690
35963176
604
400
127
343
58
158
1142
8243
2929
9866
1302
78
5714
64
193929
588
566
200
323
289
92
310
2385
96
452
103314
441
42
46
1480
64
103
319
1194
68
78
452364
304
452
199
346
695
199
229
620
3618
280
3691
32
11107
6566
773
45
3271
711
2115
1297
1471
4900
46
92
1286
171
375
5023
69
301468
71
241
219
82
259
1254
376
71
394
352
451
149
74084
190
340
920727
32
9040
80
71
10925
190
152
68
1351
128
296
185
90405
42
1246
92
1575
927
277
87
80959
332
62
815
1720
8195
1523
1287
268
58
55
119842
297
289970
468
146
603
85
55750
10709
8189
117
1270153
21468
516
2211
21196
297
4969
4625
75
271
7311
7740
64
588
196
234
227
464
270
1260
237
2034
205
144
127
7827
384
144
1125
514
2500
123
102
2275
69
1529
659
1738
313
1931
3315
302
592
1097
1694
1982
941
69
413
540
46
9324
7875
199
2451
42
166
45
9295
