1000
7568375 4741424 41899
1077242 353807 17390
5807791 9047532 341932
3029513 1979504 20777
4871218 147344 9505
5627398 8720072 213146
1085398 2814361 64719
2438618 6375492 186924
2006006 8050631 183740
8321073 9398424 104279
1864945 5134240 84417
8720892 2681466 173448
966443 8186093 43255
4664815 9379622 228933
4623113 1074233 11220
1002501 9836890 83698
2514168 779735 47948
8792570 2989017 83755
3760741 6903387 49254
8737102 1047401 41296
3825987 570013 28664
5726279 8247383 260647
5136266 6657596 151446
482157 9438832 22523
8266164 7337111 295359
3012877 2034440 7427
3192257 4412115 179800
4040632 7493493 58556
8750386 8425690 727623
4173124 7029651 90445
3281040 9451992 164391
4225096 7266880 228625
8085476 7088446 462979
149154 8160479 6726
9024702 7530306 62462
8375027 7185879 471769
4008241 174939 15012
8300831 1151378 13888
244819 2537543 19
3361487 4462337 138286
6063167 8514054 16572
7480433 2451733 121797
4299157 5862494 263665
1731125 6862789 85057
3937782 3515095 53715
3007248 5018253 110900
6333707 895807 89171
4503611 6423402 77943
6206717 9002534 138095
2065714 1185377 73354
1741052 4937953 64096
2115896 8139384 15197
5209147 4308872 271791
7401679 9673530 499658
5919216 3322490 140243
2447938 894773 73053
5283158 5924694 218823
7633054 5806333 560085
5044141 4341889 242317
9963698 218153 18086
2837686 9549733 23577
7023765 8932434 632186
5910842 724910 18923
3102878 4416281 201262
3643906 6685134 68010
3756139 4348192 161738
1705438 731640 17417
9036637 2213902 129613
1586081 7800806 82968
6214680 6093454 196390
2499489 8074645 132100
3998086 3836366 101010
5804217 5572294 219520
5694163 9907202 15333
3770825 6787581 80527
6749680 6947552 613454
3556915 6642691 66361
5377170 5092900 266429
3964509 1720038 90144
732978 750348 44897
9048244 9302006 807098
5300492 910043 26595
6228645 2922312 190238
8333090 2442072 137051
9390755 7683252 721913
806969 991310 71226
8671398 1195097 37298
2028121 4220811 183808
2728361 1186838 90513
9814864 926691 81130
355369 8701073 2146
9506093 9501741 89576
1938475 3220018 186382
753351 1570242 2750
9366325 7096486 411757
3150517 6430211 291190
6233553 4293342 191281
6863445 6461394 404287
2395919 4962320 9830
7808840 308886 14746
3094658 7714227 66719
6979058 9437754 579224
5725888 8560261 202196
786429 7156653 38557
822884 1988615 51562
572373 8269537 15641
987022 1745021 87097
4774443 5672909 327075
5135840 3830512 179154
8623732 4783469 77023
1438592 6109102 75900
3791081 1531711 29556
2351003 7636551 178180
8525063 8207430 529994
4485214 5305232 363352
5724046 5137929 430173
5916669 9771810 463156
658692 9221907 49659
1631406 7691481 29410
6234417 7446386 384354
2502828 4191191 30102
1311779 8140858 7714
864439 1881217 75758
4317481 1090818 86079
5847313 3280127 151445
4391386 5044964 156687
9504897 4489534 402394
2251405 4198783 154920
6196689 1087344 76780
6346209 8698998 314791
8591441 3000456 299390
4768948 7291248 440500
214996 1717825 10394
3130158 3922712 47149
3823664 7764374 175243
5934774 6772380 331215
324929 6185800 30125
2167673 6663856 194641
6186212 7667166 9427
8695656 8892043 863015
8002046 6527518 245188
2470328 6015463 234907
7106293 5783703 389787
9143266 2619267 192118
2891699 7308825 1761
5139107 462242 7301
959657 2583481 94835
6769147 6286475 40972
2226247 6448208 179475
4047920 2426249 186328
1544455 5147130 137750
8870858 5277290 410267
1012961 483738 118
2169623 4825218 96988
1520086 1959506 108640
9807014 5722664 478864
440552 3088909 11655
280142 3305398 22495
9026717 7917176 535068
6385830 3896203 157259
7723906 845186 34265
8127245 8758410 59935
6740772 9335906 656348
9543330 3011482 203011
5089943 8824719 268228
9728970 4964390 192904
1030001 3683527 43167
2655791 6375581 207582
6412110 40331 2489
3694013 4127857 124703
7855564 6348575 303917
1768101 7301145 123328
5698573 3625101 207205
2775772 2970129 111186
1853626 6766497 20459
212379 799319 11422
3046781 4248684 270894
6695263 7427951 593237
9946372 1268675 104640
6617961 8821470 13355
6485507 1056191 51546
2512189 5793584 208317
2772016 8823741 87928
2175908 5346675 24280
8763719 1625181 119337
8908332 5968315 571629
9745286 6802949 9569
4453668 2951199 252955
4287279 6361437 392523
46115 3040825 4286
7621003 4642514 425594
6130945 5019176 235837
8810596 999318 86764
7285210 3402767 292864
97544 5423004 6967
4352784 982677 10048
6859723 4982431 123094
4183239 6308197 89149
1898883 7048090 57433
2228841 437038 36025
2492300 4580303 223982
9567394 6487458 11439
6032708 6712130 506667
6310884 8358521 313952
4361358 3861821 358560
7569378 7982829 434064
4643153 9600588 373297
5407638 7269437 122789
7054711 9092032 251081
9336381 4400428 42749
159345 405422 276
2959959 6310657 283214
7691055 3843695 177030
8500394 8627975 341422
3485611 1089568 106497
1475519 6789261 30748
4444381 8410145 132343
3702114 7889125 344692
2980678 4061208 292194
4270499 4514919 111059
5335016 9528941 377122
5950937 2545773 163319
9566026 298702 7490
5499932 5241942 411390
8204791 7610666 69466
6774472 9199750 383891
7773053 5823928 520623
1468543 9402338 71618
7223024 9784559 210141
2973350 9258070 148140
8999398 9000846 544345
2723045 3148625 242637
206971 6407572 10360
550953 8788421 7030
9964237 4747718 303892
9167651 244010 14158
7703039 4040238 22859
3774153 3397242 143902
285752 9855128 20202
9191634 6535732 499052
5726371 7245461 372941
3566012 8810715 66312
1442158 3871354 88583
7454151 4314998 7937
8063821 4676320 430205
7863033 3602320 273317
1594486 5150244 52377
2848283 6947384 116170
6536613 2915814 238271
4764984 4494336 235326
1479832 1102476 16314
7867555 7400960 22339
3838610 1676863 118537
1830128 8213074 175076
9810522 8502762 733870
231160 1753878 726
3780155 3934016 51503
714583 58605 4165
9366531 25909 2316
484207 517119 12646
3773702 8622593 193579
6886885 4471927 163923
3158811 754338 36658
1980705 1593220 55225
9197723 4526937 13968
5011536 1623128 90777
1711079 2797611 17777
7350116 1898283 46452
2664161 4826464 211191
1669520 1652663 38362
77296 5947397 6311
2610126 8666044 255687
2236031 9874923 11833
6872539 1550331 70483
6307837 5418791 58144
240824 7227196 6385
7780572 6494738 381611
7508009 3382730 146985
7256467 8027081 614939
7289528 5543028 337041
9552030 694957 41072
1940400 3250317 180869
6918267 6132450 569640
4231972 4913386 381138
2464173 8301777 162567
3043688 8941032 123968
5795131 5356456 467310
4231189 212710 16417
470576 4813142 6557
1617288 2749253 76745
343194 4551442 32466
7815905 8581870 700211
5353869 4759636 312234
4693765 4066634 373165
9663392 5588056 188452
6749854 7446344 519404
3775341 651040 5602
2607001 8231389 174869
3212563 8197233 20102
7943845 7567870 400240
5700533 1740499 109989
6582713 3673382 324102
8392826 5864595 445560
4763660 4245716 229455
5708812 9768130 143551
2075164 9334540 81273
9429404 7440437 68528
4051498 865107 33787
6980187 6770949 477578
5446970 4127029 269461
7975169 2417551 82148
7659286 2105665 114176
7067975 3890292 121985
1394633 4812426 45531
7307759 228376 6181
7167782 249637 17558
6078521 8867748 182612
256449 1436720 4492
3442797 2453510 125004
7134707 5873479 191951
8860118 323822 9044
8752473 8067470 725727
4957890 4757969 275086
2564179 682029 53405
3960325 4215527 258386
463111 9288909 37654
8613750 3554607 252459
4170589 7186974 265706
9275247 8060648 571647
1978882 4592082 48730
8570575 5911832 242218
8244456 4507809 17863
1269113 6925062 101657
6453058 7359046 618183
4663508 1942210 58856
8625675 1319294 61869
3100363 2839834 92853
323454 3449613 29917
4231116 9811492 234975
2131613 9588667 143773
9410636 8833594 529012
2427948 4170705 227587
6054463 4237687 351836
7308084 510495 19093
3081122 7400252 66628
7316867 9928568 588275
8998771 9757231 810989
7300009 9003442 161126
3839541 7323449 37924
2642555 9938600 202421
5556208 5175814 283604
3663762 2184889 74289
2912684 9084422 77386
2165963 6525001 113471
3891707 1821040 81808
2233798 3732413 14312
7985774 728764 21661
8972905 4497409 183690
1282333 2231335 69745
7216348 6668292 460593
2338978 9048881 4799
5890189 8089913 363866
612252 2395807 50983
1724203 6343062 14904
4720430 2585851 140496
3092781 2964502 143591
6548479 3249298 49081
1369034 1690809 64646
7142330 2392691 24210
2299904 6239232 65285
7556494 5528564 525389
2607504 8322164 10415
2664237 8023727 235770
5995519 5421598 81307
8910543 3234303 106975
8862356 9842830 687223
4869550 4527493 4241
2042590 6982103 127993
9625993 9756584 347657
9117229 9010191 673572
4719395 9042702 82208
4344854 7071697 356144
2729027 6868390 181056
9362802 9020732 197534
440500 9711776 25601
4603102 3215476 260981
4665925 9550193 346382
8635707 5198111 511521
1304136 4490066 67608
423468 6673767 31679
5172757 687295 34463
9745821 5602940 332547
8196870 5766778 198373
660024 8511121 2649
6431354 5638920 383052
6853744 6820316 313374
9195988 3686833 276075
9214456 4235160 109445
9381884 5669123 566883
3450827 7541380 247256
5313627 141901 11110
815396 6553828 42987
9700192 2991270 21847
6112517 746750 15096
3181696 3887077 44848
3524658 366876 29806
5150767 7257768 64142
3583797 5397262 250670
3375210 9664848 116445
2431834 8864423 8149
411440 2818817 18792
4631090 5128637 159802
3175042 1992101 134604
7245331 1090987 61457
1966056 6648167 162826
3212180 8773841 256864
8011245 4291386 326186
7320082 7045520 600666
486304 9677010 16780
8024752 9543121 10611
7114131 5487784 501532
7486289 579709 26251
1321310 5394553 46625
6997534 311172 990
603675 3169989 36865
6944901 8964441 414149
1870185 7797714 3354
4292405 5783282 198702
7733356 9788840 546662
5993637 7047371 560364
9474633 915605 2049
1027597 1117665 34163
6837676 3487144 255128
656233 6784953 52338
7472964 1865784 70816
3747067 319448 23627
9926851 1453148 17977
3543495 2988107 62453
5781217 2926322 33264
2679447 1106207 59448
7478744 1703707 508
2374775 7733480 180035
7666023 6578491 26153
6880568 8646332 340130
3968210 996220 44382
4106992 8838710 296733
3989470 285002 4898
1718006 8496886 134430
5299287 6158678 256481
6723432 8795806 495013
1059724 6019349 44211
5356582 4617940 282753
7759439 9274688 277417
287830 211909 2830
7943160 616148 52486
6000864 8852638 118633
8765153 7020305 402275
8242802 8673299 746944
7053802 4426237 181140
7301756 5251802 80794
2158580 4663136 69460
7795891 7881390 546784
1461351 3350087 32677
8089103 4552911 317349
9661999 8423812 512322
9866831 4470271 411021
3315512 2808619 224023
25714 1737732 2526
2565752 2306068 209860
6324669 7685035 478701
8024164 6559069 206296
9855034 6030529 51029
2735607 4188647 28732
3127605 9594138 206727
6789424 1183959 4384
5295423 9155724 257308
2120211 7868564 166552
5934766 3046514 192609
6649765 9115725 599638
2382489 7653804 45406
697330 6132722 61145
4995678 2131100 45113
9639817 5575097 144060
7047325 6428713 113350
123388 2240921 7018
4316604 7083325 313804
775523 4993615 58688
5936996 7200712 379300
9194329 2993246 1551
6081920 3529149 320597
3666043 8254729 65726
9258307 754066 8703
1477741 6959321 96544
7490849 7395139 332496
6853719 6208411 107590
3114323 2852046 134875
6928098 4611041 116132
5428949 9605045 427200
206782 4906495 10646
7475049 9457281 184365
2345117 3950605 29169
322452 5549884 16581
8843319 9869930 873854
7059358 8182004 198006
8591814 3308981 267840
6733460 1369277 54434
3261962 8689235 267856
1566407 9887021 73652
208196 579950 10406
7264845 6620896 605379
1315133 3764082 42059
2598525 6402419 221824
829246 3047696 53641
9778165 426507 37088
4256023 3145661 115263
6432406 6696270 87038
3322778 4466354 283604
3794564 8842471 101351
4405151 701164 10540
8963752 2342532 83104
2943873 3076012 152884
5861808 8293721 58766
299165 408309 14245
246156 779804 7279
2984024 9366803 186373
5508209 9988361 408392
7422999 9246736 258745
7343063 5075933 152768
7390790 7963583 711525
2790013 6606685 195709
8596948 1929396 60953
9076834 556751 13704
1970612 1311175 36633
7719372 8886782 519808
9638492 5702551 297595
9940803 9203384 174391
2094535 1990275 120259
9335188 1580113 33727
4055669 2033712 128657
2287056 4216607 2602
6340967 344200 18578
3432781 3204734 189859
7079206 6445367 299992
4234274 7578188 298969
4087739 4046382 365597
5196077 5421804 208318
8186422 4679843 271375
8903311 1869380 124699
7064746 9364493 380029
2162476 5567809 123242
3496749 5911722 290944
1013550 5914064 21631
1227738 2224250 59903
1498624 1126245 38870
8117968 2568131 67025
5126741 1720567 44709
4650931 1479182 119579
112417 6705407 5005
4366760 1348390 55416
4045213 6543614 331657
5877340 8478110 485887
2035398 6728694 8282
3085180 7785162 72609
181468 4909934 4901
2091835 279107 3172
1947877 1498353 70966
6148049 7785829 335163
1867561 8792205 118721
8576633 7211474 315433
5671221 965206 55534
272368 7560943 7596
5848922 5317474 435404
740603 8884836 59392
6645550 8842445 502213
2228320 3034526 102027
4203144 8621749 209595
2323433 5503822 108170
9553414 7207997 225432
4233702 860137 69585
2496393 9911948 151535
8627370 6941353 487749
512693 5828428 3185
5586699 8952584 252936
5251188 231726 11411
2058980 3210570 85108
3044978 9981027 21749
8337685 1845490 10733
8796960 3854370 277437
8781055 8245322 810836
1726387 7962407 130131
7173387 7485405 105862
5934628 9501744 571627
3012898 2167678 49273
5329967 1032064 24109
903092 365249 23860
1810263 5965534 59463
7116852 9479551 531172
9955422 3944213 341709
6281240 6311764 386655
9884112 1203315 1011
883163 2089506 75271
4269687 126284 10860
8964733 824974 56586
1457637 6646646 116795
3855872 1552256 151819
5479152 6248013 202656
1412202 6383525 52330
3657519 9165103 210993
4993224 7069807 320495
628225 4332287 52657
8218279 1787025 154217
3030660 587044 8346
507291 2644613 46627
6841760 5055497 497229
2431162 5853192 107305
2038011 4268956 126822
845343 7183259 34036
101508 234577 2449
5270378 6702978 210717
1835499 1919775 69182
7015869 9241158 93274
4879525 4037504 263091
2452926 4646325 60346
9588715 3139699 52023
9512602 4456543 298650
9800122 1248251 115262
8280958 3585817 186620
9540434 4325535 254489
8122782 7256188 215698
8093881 2199017 103060
668720 6703332 47723
3559607 9320042 102531
6009327 7493876 112601
4788442 2414003 129171
2895899 3247374 22472
5917297 1329244 3949
5481334 4762589 259602
7469843 4603774 217476
8336454 6084686 305351
5365912 9834682 170708
9189592 8813328 862466
2351772 9031730 173971
8304889 2312345 17318
9704961 8624909 491032
8362365 300195 9147
4985195 6390518 113186
5694778 6238633 422683
8239556 9361180 480558
4075403 1227885 17459
3868216 2649905 178870
1676624 9323123 9695
4472632 2954348 178134
3835755 6068484 109719
4325369 2686857 186918
733507 2883758 58563
8641908 7527878 587836
4886978 202049 20005
6998502 1759334 95767
263256 4983122 25273
5472591 5509808 16657
5364472 6113850 340064
1350389 8039535 89855
2599448 5238550 81164
398816 6372594 3622
7129396 5645382 60233
1128542 961547 21782
1028426 5818096 21667
9070206 3740306 110314
9419612 4528892 16428
2140183 6002144 121845
5175411 7450135 313187
9028545 9207639 562332
1772441 6158643 31017
1133144 5658199 15111
7167708 1633667 55245
1619838 6836552 421
3084112 9486593 66912
4633623 2757653 216188
1374347 3903339 106935
4957773 2294700 135507
3405737 461247 9431
1872012 3037825 6945
2505159 6710597 85256
8325253 8744459 700590
9809674 7433091 237890
2940334 4428996 267301
4785048 4581064 405417
6500926 7483947 257284
9836059 1620772 113248
2446386 2739523 137882
8910916 6683500 647070
5136077 6289555 13249
7781316 5983673 97487
7642386 2559526 242625
4359634 1246056 37330
7406666 9768843 657491
1828906 5476505 163803
7461507 855764 53011
4207241 33586 2207
8202637 6159257 253547
9869620 1443419 3583
5977340 1594100 109728
7950321 4886529 74767
3010987 5256196 133824
4069131 1392086 118282
6612533 8022636 580433
5997520 5538510 35110
409852 5305939 7960
491668 4611745 19387
9524261 3161828 69476
2111277 9965645 23303
3003416 710990 45759
4745463 9115027 240592
3166850 9474371 223433
357840 7482487 19352
3608532 2882299 122927
1901594 9219523 24264
4494403 9003824 79768
2783166 3364611 243940
5461448 9464993 289008
9202214 2974472 37335
5147296 3654033 265489
5592128 5690599 364587
5422412 4273479 381037
419072 9692921 37299
1941904 7538318 69181
1832669 2446683 176110
7264245 7158581 73984
8596304 1975661 34082
9260745 7857038 11044
3976794 1833301 73839
7304348 8752241 228040
1222781 4043899 25412
8606402 3810744 71063
9825856 6423181 480200
5487446 8807618 293169
9816750 6719355 60685
8465459 1547890 88574
3829205 5247737 215826
417403 4216880 24271
1662153 5170946 118822
6033427 6139365 497050
7620768 9953617 420810
9228451 1019264 6362
2025718 3740520 154369
9466648 3143286 169076
1303785 1248779 38498
7770019 7849659 651905
9221532 7778372 656118
605754 5963980 38922
4183478 5754335 373079
4405524 6796968 330186
5248481 2960621 242453
7864239 9498192 191983
8713422 3300163 258397
3343307 1716556 134511
7417902 6948602 169489
6438255 6278695 597246
4079416 7757679 152036
8500961 5941360 98155
6073000 8848579 229957
8789424 1616313 45283
75708 1463898 5623
7967788 9457178 548080
9499063 4132957 400126
9597801 9535405 895584
3703008 3193529 236935
6044738 9204113 200247
1746945 2202656 74922
9284307 4829034 414887
7257707 3033862 112642
1236092 4701405 21225
2220783 9298851 113549
8197474 9300246 196592
6913252 2888438 11635
1693679 5971780 24745
8453542 3730622 175778
3582288 4724377 23059
5354643 4335360 146117
1596020 8335693 93605
5652750 6009222 97486
5164561 9112090 340814
7586558 3496924 320482
475937 2219583 8044
3471566 8052563 271092
7585759 3018752 294703
5353452 4193408 402976
1082572 9792930 105603
6952140 2996029 192214
7417774 9397489 215631
7581413 4424484 289707
7733774 1041468 75528
3787185 608281 25188
7672504 8066133 228773
7749166 5268927 220647
770109 6870420 22674
7436898 3375359 263456
1180401 7208659 10092
5351761 9605255 525096
4749295 4701937 209234
7992966 9579079 725894
3024787 5772498 125395
3125522 578035 25204
1491069 644059 37243
3680518 2321414 118597
8560915 1100152 40519
9616505 2540091 85850
3668989 2034968 164115
3548807 9073684 219208
7655208 7965614 233851
4918350 5401430 120733
2333253 337199 4762
8466545 7683337 474559
8823114 8041881 346954
5271831 6283002 260168
7952110 164072 12599
5874923 8189754 520940
3969711 4850208 140029
1241116 5455647 46409
933326 1272521 8618
9100252 6420800 14644
6911183 5866860 418809
4026722 524283 16650
1217532 8850457 29496
5131626 5613552 424124
7277025 6846562 489743
1003442 2849029 67991
6135631 582879 55079
7654525 6148835 550066
2497115 8666026 200176
1283858 3671541 4534
6026717 46435 1254
8035132 9119982 403325
2329716 5068971 45884
2123082 6916546 96961
3340159 9969195 77657
441102 155946 219
1049252 5317260 28166
8031840 3252258 24031
7974859 4049918 124141
1791897 6756972 79205
9262753 960691 36891
1016090 1402765 34885
3930392 9753699 38465
2811206 8562509 266692
1744867 9168072 3471
7767426 8310073 387073
7506941 4804642 322812
7560506 9392034 305625
810529 9834930 40717
5228252 2470302 49665
8788433 959425 54201
285276 4243972 24574
5356497 6587672 230283
8865457 2537458 15230
3513131 9057543 259852
6368085 490696 43349
8584491 9592288 507452
9697223 4435757 267541
8197602 6591355 145971
1518858 5036167 13332
4156581 4572211 369210
4424741 1323525 95023
4631821 6976101 193988
4256675 3476247 156984
3250422 1222005 30282
1278611 8554226 41400
5901570 3478091 233817
8982791 378510 10192
5164822 3739216 366249
3810327 6320682 12115
5251418 6369780 521012
9647965 7455941 64663
1643324 5357866 24862
693752 8778661 28621
5576939 5735016 24903
8587787 2167890 49155
6104030 9505065 60217
2272189 6525593 100501
8757452 7443948 640913
3783097 1826699 32784
3476532 5009205 286407
1383982 1694334 62150
6893140 2251913 1539
8051662 5018377 165661
7605556 950261 21657
9012433 6807562 84685
358939 8039174 8884
9437169 3123106 41702
8670870 2783567 146880
2664685 9508021 31963
1250550 7554920 59656
3889928 5165164 52528
6300368 7037292 215093
4181129 4687541 372827
2415101 2495736 38954
6017723 7400128 294710
6340889 1398961 131701
1137901 9359362 8455
331911 8088124 7305
9494897 9857204 390634
2744298 676806 12825
2277791 6514002 38777
366891 2828668 3388
2910161 3366943 35218
3946615 3936657 165884
1889254 3986077 72908
1544000 6705341 25634
2444609 4882839 233253
5801658 3982651 21534
5999945 5419418 141868
4910557 6159304 185130
9925993 9255669 757358
5221223 3580073 276786
568336 591679 4339
5874009 9873443 322995
4662448 9321167 100889
7090808 1242115 81205
415041 1581379 28411
8218955 6992918 372898
1584189 1619452 122518
8646177 2359727 175203
7806755 8828958 72971
8662667 8347430 638795
2093687 9659539 17358
7513820 5880278 564360
1759934 4025351 133776
5792686 8197660 105455
5265668 4373227 42724
3936606 2450397 36980
6204504 5657844 492921
6846348 125311 7680
378444 6643483 33796
743454 6820716 44997
9971960 8160796 103248
9268796 1964180 115730
6504054 9890809 195421
2016340 24298 1466
9132133 2400119 73060
3964949 8217316 272923
2815464 4059166 47249
3550326 3703933 316429
301223 6051132 328
8874159 4583989 161123
6244043 7650912 782
6243388 9947278 205367
4849028 5754593 328155
2767199 7287822 264931
3307012 3736534 147943
5986460 1306946 97701
6780419 7306269 560039
428605 7681719 37758
3661115 226391 5981
304974 6761344 23427
6273131 8153320 132966
1623329 2886198 144177
6337111 2371194 22552
2068297 6331505 114124
7955652 494841 37671
6381472 1782098 39582
1086078 7117718 103892
315715 1299194 12230
6402644 6664902 150041
3335058 2610834 77065
2919704 6259906 81520
8183475 4891715 382025
3356706 918919 54117
6777487 1247166 106206
1610828 4113109 111790
8066257 3188531 274091
7612917 25778 2505
1456620 7065564 118361
6082305 55654 4497
8436756 4100081 167358
2221909 4958335 175681
1200961 6683187 83575
8999005 783692 64535
6168114 6380643 496813
280072 2825956 12948
2924646 9168074 180402
4700489 9778846 392258
4368546 2954290 72885
72341 7390233 1402
2968176 2722537 249771
1616618 4481587 144841
119324 5848514 3738
866500 3098132 72872
1379128 8594198 17742
3802663 6127395 84816
5378455 3218237 304933
4288283 2068109 4877
4396627 1186968 110756
4893609 8291267 248488
1361481 9209737 28215
4107489 2884090 261291
1659418 2210806 89728
2469205 242731 7401
5720874 1790796 22616
4598045 2775571 242072
3460770 6635896 181362
