229
37579670
78
3830
68
171
346
11842
445
216
91
674
655
11756
18329
163
6419
594
324
72
1068
231
2132818
117098
16301
1987
2276
386
3731
102
240
421
493
466
484
198255
1542
112053
64
317
100
1521
2165
109
448355
75
1863
26767
1319
415
240
9912
174
207
2269
436
375
147
72
614
15207
484
820
175
231
68
293
9775
95
4588
121
115
304
416
346
2414
942
128
310
305
2482
1304
469
399
9296
24665
3210
140
95
2648
42
7163
464
439
319
45
1946
585
115
169
180
10813
1585597
280
549
57
64
315
128
91
954
743
329
215
207
304
1191
569
91
218
9120
3669
888
4505
648
91
249410
5650
5395
100673
83445353
194924
80
411
17064
5745
44325
228
176931
24095
275
46
97850
132
32
586
92
64
294
512
2975
107
82
109
986
62
668
28403
120
42
213573
140
1019
64
888
5563
532
30027
31106
115
199
58
1932
591
123
427
471
6788
240
107
69
512
10161
961
4602
274604
16120
120
30074
89
2457
8014
384
297
85
1191
64
492
102
64
5678
27495
115
2281
37959
82721
322
426
1533
69
5165
93
115
42
310
600
42
6483
897
516
748
678
315
45
105
112
2942
178
1771
2951
930
2762
42
600
969
445
384
211
3870
4983
311
108
259
3592
176
3048
637
317
240
1186
4286
859
8646
192
16022
474
22750
431
19781
93
256245
764
780
507
3503
918
913
115
452
136
551
310
282
405
109
2333
2305
280
259
297
355306465
292
46
698266
745023
147
119220
136
174
3452
1780
42
3650
46
870877
38843
926
6702
553
212
103
270
129
390
6204
3797
354
32576
537330
938
8338
20863
32244
129
540
109
2366
9485
80
23155
79
1739
120
17833
3347233
439
184
10110
160
102
575
413
1192
2215
69
532
126
96
34157
4581
293
229
1215
108
1624
101
1419
117276
64
268
805
360
8712
751
96
148
360
149
338
120
323
122632
1148
3045
192
185
57
184
592
255
644
82
404
1824
873
101
531
1749
451
384
1762
171
6894
129
2219
273
556
706
7065
98
5881
2740
59
1056
119
121183
880
404
246
376
12470
319
4614
11999
112
831
15133
1710
737
625
117
828
105
216
2362129
261
6634
100
374
955
121
1946
8275
3878
9852
581
3148
2977
76556
1856
207
82
19940
14284
3408
32292
22614
4316
118
2543
2150
14336
55
142763
276
45
1197
1617
1366
588
772
338
42
271
18401
571
71708
118
224
3870
3567
1130
675
72
2320
613
1739
344
45
1275
227
13521
414
85
2714
185
913
198
1016
91
96
880
41821
120
9540
678
50460
4460
120
673
462
100
384
34779
118
23125
197
632
695340
1390
269
7118
163
6573
128
278
5617
18401
149
25532
146
34450
255
178
58
469
792
379
89
203
150
11835
185
17067
793
448
747
419
38145
100
234
743
217
27480
1356620
2007
2963
448
163
11409
235
1022
271
55
112
2543
1470
4726
697
128
429
7594
226
235
3887
128
438174
45
389
517
63
190
502
1482
8626
1241
173
20195
5266
1374257
7306
224
235
1716881
551
1123
160
339
171
117
214
542
908
1090
120
1055
600
2254
4292
712
237
3298
1578
104442
723
150
154
1417
163
904
690
89523
80
204
11244
126
165
46
231
64
267
668
63
160
55
706
100
303
1108
1350
47072
27650
22803
8373
998
3724
96669
1578
80
80
415
166
20799
418
737
333141
1327
260
8528
271008
8306
42
573
136
193
96
250
145094
6696
151
26383
678
672
7135
32
2509
2353
1283
175
302
1577
276
1005
10964
58
192
740
14945
58
80
851
768
151991
107
156
326
96
2179
403023
6594
593
58
276
9428
177
211
847
266
1030
163
946
416
930
7203
46
794
16880
1350
615
68700
587
11489
883
2328
1852
64
199
282
5084
325583
277
909
476
3493
78
2214
886
4907
1281
405
11717
58
2121
58
78742
91
237
2386
276
74938
1366
4109
8014840
983
26628
326
8373
612
242
281
929
4212
439
259
160689
217
824
242
412
301
79
96
6434
12727
1051
96
305
803
2513
55
641
4395280
648
92
1102
332
143876
199
160
2679
115
26473
191
437
1135
432
4063
345
212
811
95
476
55
4436
93
3996
5671
132
128
5297
13678875
58
1652
8866
2322
442
3558
12193
1067
212
1216
260
82
1169
80
1871
3329
6054
55
208
59
46
24938
1699
692
1816
2491
136
1834
112
2711
119
746
96
323
7712
62
85
1252
5339
3911
102
128
412268
1326780
121335
204
1692
255
171
96
329
96
156
68951
224
79
668
119
892
1308
695
21875
1584
352
69
292
10580
45
151
3936
2393
1294
3616
126
432
489
94204
449
226
608
140
60303
600
95778
329
4493
1078
349
873
270
46
680
579
485
6140
64
120
1177
69
68
92
1130
59
3023
1139
10655
63
251
497
1919
618
512
4486
627
240
357
87
900
3247
160
257898
62
319
64
91
163
565
270
528
4004
490
219
1834
231
69
46
198
72
192
316
5137
299
2065
92
6762
116896
673
79
953
36473
227810
72
55
121
226
2519
811
20283
79
57
128
101
204
212
4110
78
323
40647
217
297
1168
68536
45
979
435
236
3713
1873
1730
12870
342
682
100
241
8372
105
1982
167
65069
155626
1625
179
770
5468
216
4725
28138
1073
428335
652
234
1876
567
74
8849
261
44714880
9564
13631
