889
240
59
11181
31436
3769
415
2795
5728
59661
129
1625
181
2998
45
1538
3517
557
112
2034
21466
2380143
3254
115
607
96
136
79
7400
2412
6152
26866
180
7782
133
5035
811
294
58
199
14504548
375
117
200
969
68
1650
473
93
317
30716
316
71
343
316
102
270
72
394
663
179
570
108
103
8871
315
148
71
6280
46
1950
4049
71
79
2116
945179
180
54100
115
60343
501
759
3304
257
119
439
171
485
2987
338
177
1324
876
395
212
19704
25899
1748
2447
171
1163
2099
2866
64
42
126
169
144
331
755
2257
276
30093
1473
2276
1227
85
287
5035
141
1869
140
701
229
192
80
611
293
1721
96
320
79
296
58
64
136
803
1367
5682
644
141
315
476
82
256780
59
80
2713
160
80
92
199
345
123
1134
42
43917
459
123
450
7600
289
168
156
433
479
363
2152
6163
3042
241
221
87
2230
315
19097
468
180
37661
46
294
4311
7183
4489
5194
381
538
317
29972
209
13785
45
78
763
345
573
484
87701
85
45
512
318
32
262
18121
195
521
4450
212
1080
2338
152
42
3792
116781
10118
292
489
20822
24394
358
192
85
305
1659
2921
1631
132
123
523
361
55
791
46
1206
10936
1029
63
32
1268
802
324
414
212
10866
91
231
95104
51577
267
80
101
107
98
32
315
590
542
3846
231
115
101498
96264225
265
179
126
4124
5435
477
246
122416
4580
310
129
49115
308
172604
952
46
144
77905
619
6443
46909
315
667
5148
216
851
941
1332
341
57578
1336
64
2027
53604
210628
961
528
59
1270
862
62
4244
3492
395
2150
71
121
42
69
59
12291
2568
7882
1945
644
7850
493
893
1864
226
180
46
80
11289
92
5258
350
1154
399
575
761
3510
156
868
253
136671
310
818
192
32
204970
173
2321
1530
68
39622
78
136
456
7569
72
928
2280
8230
246
1428
1914
590
55
6979
45
205
78
276
173
470
661
191
98
212
1540
1763544
205
1455
148568
1067
9786
63
198
42
2186
1209
22703
136
548
4482
3125
266
195799
9245
1209
1412
91
10237
669
550
432
1950
28574
71
82
14208
621
16685
57
2697
282
69
9755
240
361
199
241
302
171
2083
163
163
22202
15456
167
5419
117
4811
520
6195
523
144
8659
4667
7772
282
1187
13870
85
120
1532
7542
3373
658618
11060
93
9221
4994
2637
46
79
1606
242
126
218
361
132
63
199
639
89
1096
337
993
132
276
180
126
80
10083
350
59
293
460
2809
546
319
100
71
58
259
4053
883
109
192
1248
72
1292
5174
990
141
1847
82
241
266
28509
315
383
3942
1518
359
3532
64
1966
355
637
96
996
161825
42
69
13932
8472
4539
2498
46
2174
112
1988
15186
3171935
192
175
59
117
102
62
7862
392
117
39908
514
55
3363
14140
151
961
117688
729
129
152
261
1008
1195
299
308991
42
211
260
268
354
33864
4675
2011
179
904
1201
151
363037
610
120
492
43298
399
1735
2734
318
199
102
7351
193
1544
1187
169
224
591168
240
120
343
175
772
749
4561
72
1868
85835
9412
304
932
231
1485
119
892
8878
95
2541
117
619
413
4288
72
69
569
1340
3824495
72
502
4310
250
127
203
1068
1421
266
10566
101
105
89
503
1483
1642
1613
336
154
436
58
92
55
250
468
5314
842
4021
227
5536
1035
4398
1461
74
358
1828
443
5893
196
331
451
4244
64
69
816
465
278
71
2009
4056
442
12499
59
23964
80
499
160
1983
2346
1876
512245
4927
115
28125
221
266
442
370773
86938
948
464
7912
248
9114
163
366
42
896
448
344
270
1155
1923
48020
291
105373
8756
21113
816
1705
1340
174
108
5860733
141
193
123
441
55
855
731
1995
58785
7799
4373
35664043
45
846838
236
4760
2900
209294
700
4961
120
1176
42
2659617
1341
12200
2411
155
28425
418
1966
731
6018
171
869
468
3327
18571
136
64
42
305
22656
591
2121
145
7199
311
45
6091
145
74
720
882
2349
57
71542
184586
2143
1635
58
1792
219
1787
783
276
313
310
42
272277
6444
338
11135
127
678370
7753
132
102
390
712
74
2676
198
635
66877400
8684
96
3687
392
115
78
46
3215
1013
1665
9834
185
128
1391
20289
4231
1039
42
1027
839
14742839
495
45
96
2795
265
1121
5357
75
14795
191
252
1477
63
59131
32
120
100
117
18261
770
486
1466
1388
123
710
64
524
252
165
255
739
236
1591
753
163
1689
2747
109
190
242
12003
259
804
69
15694
1330
140
155
1431
309077
72
267822
6290
117
2692
556746
1083
4984
194200
69
160
1054
251
53381
2869
128
42
442
1494
262
105
102
63
165
2736
178
734
42
72
689
1399
368
64
42
629
422
5961
60325
1080
46
575
574452
191
72
1065
1340
5814
464695
1000
117
1586
6363
155
147
515
528
1305
2365
2107
307
160
209
13490
443
70115
93344
360
1370
1817
55
625
146
160
133
63
107
917
1275
984673
211677
1454
18193
416
46
2833
107
375
42109
3614
329
1383
1238
259
1050
79
310
8998
46
4396
504
2490
1083
19489
410
871
8798
3680
483
1378
464
75
1640
7687
2417
132
685
2768
156
1890
147
8914
555
2255
1813
3539
932
391
493
3238
476
789
427
4892
2222
59846
62
63624
69
112
785
3055
922
200
720
7717
212
