1000
8827452 7632484 337162
3922192 7215383 182250
6023435 6904109 126291
3900336 295520 17797
9869855 8713599 393654
5284277 2583494 18564
7077732 8673532 237046
2822479 7769166 23339
9535273 1088234 47173
769486 9663839 69104
3730850 7988148 306307
3820073 8468039 41320
7808359 6377703 553824
513402 3986099 36941
6428661 2795444 188200
915454 8767929 68448
3405098 1230066 51647
190232 259664 830
6564043 5210523 19598
4552396 800852 43858
8782208 265932 9981
924614 6368901 81327
5260629 4395208 384793
8647123 1168007 5240
9078456 5699316 479544
8139109 2955617 15731
1505663 5024474 46740
1041425 7565824 67364
3799521 5425960 357818
1454098 2350515 94535
9260411 2113711 203947
9571397 6221487 186301
2185931 1910375 13155
6087085 1399691 43257
7874358 2593128 126606
4521967 4474946 30432
1197699 1704432 72379
9244245 1460662 59237
3960415 9982178 361586
7586381 4707754 297041
3939674 2883907 128812
5672937 1212357 112573
1431143 3658942 28624
454239 1782035 5270
3990110 509343 29488
6180232 9605894 123362
5149563 2253273 81647
2229219 1576687 28774
8962910 9684225 348368
9994257 2901768 262212
59786 1809747 5562
9520856 5906155 386089
1599849 6379563 117440
9572131 7756826 63362
5012804 4220299 5293
5177726 3309431 229641
9624782 9070873 772302
4446364 6869579 288226
4357144 3108512 209436
4188371 1042241 84721
5539868 3842956 295583
5175069 8747242 329534
9031349 6418160 247013
8990615 3900601 330045
1063075 5688322 43311
8334211 4622215 41349
6720265 5422876 423128
9251144 1535246 113325
6198768 8975035 5343
8868334 5520239 5559
8805188 7750530 616093
4917797 1579694 125664
2717652 8881845 48701
2809533 2372403 32052
986068 8524480 35846
2253358 3828297 124031
5997789 8512304 161254
8242831 6230177 150591
144361 3555382 8350
8191137 7985742 151180
8522458 7318826 125607
973379 4737096 50216
3849074 1432195 113082
2359165 5876715 184567
8147418 1100898 81674
8775928 7601143 41146
4962717 599303 36556
9536898 3949072 371854
3084972 1028567 4254
265485 3670334 2279
5320794 7375071 409805
6731182 41324 1042
5251680 9216074 283031
973472 2978538 70246
8310488 2047850 120174
1530817 3317357 82178
2296515 5997879 95130
7970962 8714892 588629
9666437 7506761 397024
2354361 1961411 165217
3309030 9656671 14833
5567872 6979570 480398
5823761 9527898 436344
5371605 4297564 426098
4070167 7302080 178758
9494986 2724779 151800
3081451 8505531 11415
1962005 4009960 161174
7123813 7169434 107296
2146576 3391878 57421
2212289 1518797 132869
2142903 7566294 104413
4761375 6103915 390362
999343 9555346 71222
7012611 9184557 94897
3197243 9963860 295103
4457940 4518770 325550
4559302 668318 33315
3924703 3628091 105888
3466463 9337043 97843
7620436 5323951 47607
9992758 3494714 273336
7430853 6180630 571511
6776482 8321279 87428
6242476 9216096 219544
2809757 8409139 227179
2081508 5043741 123449
4241220 663113 34772
428589 7646469 36335
6328026 9032986 565089
7245739 6917359 572628
372675 712672 37209
5472485 8966620 461958
5699467 8542269 494701
483528 7613419 11016
2876767 3481651 187350
6490403 6562788 604357
2834448 996267 17425
1967530 9980592 36215
1853590 8400880 166107
4794614 7868893 359620
6293257 6091059 37653
3473666 989212 67448
7348263 4303367 167665
1608749 1610565 50787
9266131 7364836 477546
6553149 8558672 387976
1567890 6085799 146863
9353816 6174299 188360
649102 8209806 31232
6900106 913193 17001
4017173 4435134 134830
110916 5875103 3366
120089 7520318 900
9033049 347719 20161
7105839 2472444 72848
125698 7407311 8932
9894547 394309 32211
8716121 1116425 44077
5557664 5666127 492589
2870624 3400555 49143
398682 3020593 39550
1790201 558990 9023
1807463 1580007 89718
8004845 1404977 118033
9939471 3610065 256265
7680743 7805109 714912
1667009 883507 38747
2228472 2012321 168957
8183311 7703348 269690
5757587 451101 37849
2082479 1242977 6825
5011472 8424953 391828
3564027 103722 3295
8824747 9548709 39330
2809968 2899169 242576
7564549 848440 27568
170032 6449728 2139
936607 1240427 46808
2930306 2799970 230988
2634340 5253405 186156
6683470 4015303 296411
2509342 6752592 154564
1204004 7314514 29576
2145406 587816 36604
9132468 4852556 88487
7635735 901105 79909
7760214 4501729 257364
4531169 967448 64885
2647169 8619936 249884
1288120 6830126 63333
8407894 4173438 208723
8130908 8148203 25566
189844 4983889 272
9816304 4818471 463820
3116579 2089431 193158
6856958 239584 18161
8419084 4330542 39828
76656 9322937 4426
6695933 9269468 135125
2897814 828407 64478
7227463 322887 12927
5581604 9101700 302449
9584482 3657915 53654
8379827 5959150 212263
1329254 9332969 75269
9975998 2544358 113461
7696274 1418084 6999
2750501 7495236 211345
9500742 4631205 225875
9858475 8374784 203815
3254410 3977990 242558
2792697 1288889 125828
9702024 770760 9958
9148571 3881264 254150
3043596 8065423 18006
7812736 1775051 32898
8730889 9218147 803092
9217021 7034772 650561
5797141 4765743 322047
3209032 5695801 225997
6019945 6803396 233609
3264895 4525068 136468
3824740 7507541 186061
1128864 3672323 26600
5477511 1996666 173955
6089233 27832 1997
738552 4997935 28659
4110871 5526504 232133
4378882 6154709 8822
4689121 1665653 58417
8656273 7615149 587073
5515005 6608101 222364
613048 3314018 55064
12127 5499235 1045
8649518 2267262 165763
6600543 20923 1759
8791242 762610 40341
258106 1662049 25567
3145100 55440 3208
9416718 736873 27399
4332182 8943506 374872
6060640 2140686 141899
9861420 4476563 446774
1618712 636077 1380
5520442 6599059 447773
5979137 7694152 171411
9723085 9429750 897653
4356172 4237446 321189
4949526 6133635 291770
2316684 1492016 69145
8152429 2231783 130015
5845177 7028148 503710
5440586 6181041 392094
8671023 3071652 100480
7252299 2540118 248531
365998 8375989 32972
1931187 6261164 154643
4934106 7792322 324859
9107943 8815089 691757
5952570 5976264 308216
5320305 7582532 99717
6911675 2810090 210809
1177855 1438376 74169
5097773 1134317 108302
2243299 4661766 11036
8695235 9626171 134179
7949586 2385450 28517
8312980 9199074 129017
3475879 2288707 186692
825502 1893652 13889
1440736 3101029 124705
2885696 1203111 103512
1583774 7459081 37177
6026814 3796500 326838
4599783 2205577 115414
1742143 3142010 104048
4793189 4288679 156367
542160 6362138 38382
8814951 2561925 112830
517600 4636251 26045
7352669 6034860 113465
8143812 2304325 13886
7615966 3409543 239543
7158194 5610887 502900
1160483 4727015 19010
5991624 4882420 154073
5739787 4134655 389482
6673029 9275648 239855
6825623 1052136 38803
8599756 4490437 343489
4974830 9516444 482194
9229030 2588930 103303
4647769 8406524 15877
3319551 1450392 130610
1438405 2375756 55619
3128486 8237710 86280
6981574 5438644 528461
2728143 8613645 5726
5475344 9892287 323844
4637523 1534690 146043
8043261 4274910 291220
185196 1603969 9877
90125 4829539 401
6127419 5772542 58223
3515103 775048 52884
6138181 4084116 355023
6058299 9036777 320644
8123504 3936544 116306
3576330 1769988 176561
8161416 2982181 294915
1802970 1381437 81433
6813502 632776 40415
5973212 9865950 504344
6298149 5368019 49638
5785960 419345 17893
7978805 2669364 18374
2050038 7894886 19859
5404362 9449341 21888
7698596 3042514 149656
3638820 3969763 302578
3726389 297132 10485
7837543 3567681 316191
2462222 6684080 129897
2965019 874133 37897
3981625 8964221 312829
9072683 5587840 240099
9995365 3846937 112191
6722024 1233992 32769
9546594 2751210 213275
3854085 7856599 130310
4420774 8587069 299591
5720346 4447291 154451
6881357 8696641 163926
8089891 1582758 141580
6530450 3475979 252476
7471232 6326382 546093
7592282 2118289 196722
724084 8738573 10251
8939304 9737905 187626
302505 2286240 6151
1394599 7082665 33777
6352041 441193 14137
3285542 9066015 249449
2406500 1679310 128829
3641877 1329177 79715
8995759 3933018 27104
6106635 892291 49962
3033921 422329 3665
2972610 2112430 133711
4845109 4346175 233458
8597271 8173773 229903
4595341 401120 39510
8148620 6020985 540653
1575212 8088246 116942
8287432 3164972 196486
6790233 347009 26388
2871059 3797960 241957
818625 9495968 75189
8566109 1588111 111514
1661171 3905947 153973
9769015 478121 38987
8088163 2113307 46920
6642646 2461604 18176
2747370 9663597 199798
5838613 8491118 518341
5562946 5637509 163652
438129 8951643 29730
7185037 2379767 119135
309773 4432803 8486
529101 3259902 28179
4589870 3470306 136314
5346155 6223864 485194
6224830 6170776 491321
2672819 4538214 238956
3270859 9487273 199734
9038548 9719918 86930
3141511 6811229 155297
8407394 7678554 210637
1739207 3858655 79019
8863189 5853464 214053
5299974 1758143 111144
5636362 8048570 23042
2355426 7715570 38410
6203967 6046453 139451
2868380 6917711 169693
1595545 4705317 65935
3797530 498962 17881
954912 2823237 95202
8470630 5125083 469688
9072575 8659705 317271
4184751 9476654 156451
7252167 1123975 16765
9689925 4796914 243293
9657195 5812823 415965
1058974 8267380 31106
3210563 6853240 277514
9841366 7964515 661608
8056651 1163037 65019
266665 6200660 1994
9994211 6684057 358160
4352121 4032957 361383
8244687 4608617 80373
7276493 7701244 472488
4366519 5144361 286669
9905869 4470224 157623
6106150 8097179 488411
218185 4944476 11256
9895436 6167206 73253
6110129 1652265 136941
6880190 6160595 182593
1361436 2103971 33886
6597875 5302991 102558
7436484 1075225 50943
7279559 4508654 183318
3586438 2756800 265236
5206586 1624484 93433
4805093 6842542 141210
1237551 7178508 100087
6800005 6873185 461111
1758320 1562339 149601
3811762 4098743 316080
9238951 6740364 662721
3206617 7707893 120211
7108324 8269195 596195
7890060 7120323 621812
1376923 7019404 48317
1639808 4108333 74843
361253 5516252 2867
4415632 2021154 175490
6224061 1572077 95687
6200634 2755830 207456
416642 4094549 19723
6826014 508897 15965
6663162 7148237 28956
9209604 4020991 229867
4888331 4081971 284003
5115478 6272081 14515
5710850 5601802 118993
3403424 2357177 53979
8299790 6689399 29038
685845 6724095 29385
7108163 6387524 94159
6547082 5674833 23378
8494874 3271008 215644
607739 5612988 60287
977005 3098203 33388
4339587 9225142 143536
3282173 3054699 131304
8878310 4739606 65772
2170607 5104876 13543
1424650 6448920 31894
1998281 4990810 95941
4516215 7672540 184024
2084215 4069975 17079
1049820 1184870 89415
6739402 800809 26604
9346188 4899230 399658
3867637 9475003 280554
5763579 7591119 190989
8102544 2226457 106775
4689987 8556073 6621
6018840 1187063 24375
3121315 6585793 205820
8983915 70441 3754
3586685 9359502 353158
9616590 3145129 70648
6930261 4373612 91138
8016872 7979414 446286
9797719 3351066 256031
9187783 1657394 126239
4979792 4927550 283407
2261080 7490018 22936
4311345 4155102 4234
4068209 2594351 128003
3917841 597223 22851
918985 9887433 51378
7080106 4830504 211496
1598972 4696961 113493
6526169 5250518 224282
1309322 8345420 29412
2000673 7649927 168738
9170775 7017285 534984
4364327 589753 16942
7056042 6126377 393956
1142709 6047307 92483
6656304 1156827 109360
7877049 9859968 211780
4104441 7154656 200302
8857669 1426049 106134
5719544 9034850 539443
5777550 7127002 521649
5934596 9169839 463340
6310639 3110266 21529
4319451 73657 6652
3293798 560949 3440
6906396 7290774 342900
4721684 1659843 68858
6087371 6777087 256010
4672191 4976449 135032
7720783 2079955 16619
6807761 7828781 441417
9078005 8724371 459169
5068889 5558764 388587
8320492 3205861 311758
2915719 841670 24694
2477640 3514771 42258
1335857 5363046 68655
5812994 4538892 426588
7516371 3132253 206048
2944756 8844768 135695
9873033 2349342 61655
9320800 4432454 259958
5389461 1517569 137147
3641192 8310679 195573
9064285 9344835 369961
3987733 1653586 37553
793836 1514242 35240
5119187 9734680 222807
1762158 1887555 72766
4163953 3904560 130497
5980471 8918125 73444
2860323 1338371 89899
9110587 2893645 42304
6125185 8515742 165015
6552213 2539027 95859
352776 8940981 23271
5808258 3626706 76190
5435542 2877084 263092
362212 9788546 16405
5254512 8415694 420411
2162242 322687 3131
855358 3908200 34853
7316549 7302281 175345
3036043 4157996 51023
6945339 8510404 502453
1259592 2524033 90527
7635605 2719543 122474
3643848 786800 73756
8996587 6401359 169440
4556739 6524711 169797
9852276 4842075 236936
1548502 317560 9372
7783313 845456 37858
6221183 8833624 409762
9699138 3834501 199540
840099 1728354 32428
4572589 8133685 353837
8115849 7228244 310592
1286684 6147074 109474
2471646 5763855 193914
9575421 8912559 185318
7942578 1623065 50939
6772194 641891 10824
153464 964892 12638
2100352 3529130 166038
9439496 6813542 202969
8326067 270070 10980
5207710 7920233 126268
2261878 7580952 113810
8811993 3627323 17323
7080813 6817993 9807
3634495 8496917 330309
3666910 6234918 357508
3953463 20310 1732
2033201 6666542 180914
5779211 3974783 362090
8142069 9249860 460616
773614 1339575 63487
2311261 8523825 146898
6019185 273990 5450
2859069 5477280 243527
5515022 8482844 245281
9007375 8522914 355107
570272 6276681 54862
2862194 4439850 203303
4010470 6532740 314469
1340967 8924561 68790
1300358 1189670 97616
7301781 1787025 171611
5417222 8049967 145868
9660869 7993803 699327
2351699 6213182 227886
3592804 3823043 77258
8900796 2601243 243215
9135814 7816033 61656
5026677 3488302 288506
4611551 6380528 224590
4839319 1046919 1225
9166410 2587553 241382
1626140 8598999 47250
4952516 6142343 189415
989286 5502067 90534
8523696 451866 14950
5896759 4561750 455426
8243603 1408438 45772
3434552 6200477 2125
3103895 4294555 254610
7590260 6707595 394577
6045833 3020269 157212
7877852 772741 3328
2926429 8786100 217011
9225283 2162197 47151
1908392 8551259 115819
3791842 3824745 269324
2029603 6991794 87292
4978643 7230419 54936
3191852 4439918 19771
4705175 4352200 254581
9517254 5843750 234770
5393682 8750820 12104
654998 5201110 10863
1279884 3863266 109097
312679 975198 27438
1831856 5405094 150741
6604197 9836289 510231
1772303 3266741 108945
3734115 4779496 3018
6157596 5690 305
1394391 609183 19647
6114351 2789633 122014
9636186 4982038 129828
1351300 3503229 65441
3471723 3819167 2781
2516667 849604 33095
1778347 7044084 148638
2292824 4868496 68372
795488 9511471 54628
5089730 5786301 463065
6545141 9451474 322982
9043142 7114704 516827
8327414 9030847 279406
7637908 9551724 665097
8013975 3063744 305690
301886 4984285 27109
6314028 4060542 298209
6581182 3688335 116230
9477679 2812939 2429
4322927 6977942 384533
1102912 3467354 57220
8104593 6115878 561511
4260894 2666052 193179
7394760 5317530 446122
7197873 7997571 214013
8324251 8901871 667553
1774978 4122809 166231
4776951 2921544 81662
6561726 1695592 101821
4655531 1580009 147632
9211833 2662009 234619
3603691 3372222 27697
2489831 3813431 9390
8297424 1711316 35756
9358435 7640787 651504
5077333 914525 81067
6961771 6338272 71645
9795929 780846 65588
9548511 7846102 261530
1354146 2402242 28117
2000199 9609618 171767
9701846 6876087 456621
857036 9566290 64535
5008129 3366990 287144
2947260 5283003 217116
4700052 6449901 184084
9654537 7736660 371001
7725794 2111902 52889
3641673 6923275 104832
6601764 1751311 26581
1447477 3236525 139457
8813556 5761298 303774
4998444 3788656 350345
8425940 3105309 234210
7798703 1077227 31826
6303654 7082569 127792
8325348 9765274 438495
1600819 2271061 115440
1564309 9156701 54181
154278 3729954 10008
4231985 4417400 67403
7678992 4129974 20437
8795976 1698706 110052
1098724 1573052 57895
744977 8516664 24577
260346 4377472 10134
1050469 3241434 61499
8215438 4270069 75842
3950019 8763978 104968
6773824 5903665 362325
3625165 1252802 114500
2220180 4791406 156279
8245831 8849245 708621
9521010 6817033 230604
1935901 6300315 144604
9430693 9198084 400138
4219739 5567711 15493
6894942 1379846 32996
7671989 6337650 530361
1748528 2439896 22477
5011583 3132672 16091
9636371 7869031 579835
859700 8223000 45753
5764835 7887815 394063
5008369 928431 18837
5703519 1218092 102029
2379385 2819227 179664
8000173 4868465 277859
9723312 609562 30557
5939028 1503763 31550
2897826 6131530 54036
8254910 4154165 279852
785660 2865201 8689
8875582 3530140 96595
3099920 1952565 135842
1047045 4106930 20965
7877203 8147874 570462
2810413 6489093 137053
2366688 8735017 186060
2879153 3020743 213004
4525301 6347741 198464
4544753 3757773 313777
3572595 8112567 227338
6001712 21139 1172
3363040 9802641 308170
9459863 3295028 304639
2015334 2089388 55132
608690 7519348 55105
9669459 8029996 91588
8722672 6922296 512869
2066457 2479001 179228
3973926 5146123 92424
553678 4165598 28466
6999434 2960921 143325
2989099 7491020 240316
3967802 9221045 283199
8803471 2161430 16754
251572 3155157 18965
2867835 578004 29003
7509086 2467602 5000
7562518 740866 14205
9864829 8849963 193279
8673320 2750977 21681
3207360 1822593 173764
4601377 8749458 30974
3077301 8434843 110349
8696209 7812960 551771
3473360 7040801 122925
8251311 3957237 128395
3962857 483427 46240
6460245 8502594 6492
6681917 4321105 11515
404992 3451673 40145
3789034 6594690 102996
5221586 6287668 434135
8088053 551856 47166
2272658 6405934 77990
5283526 1512248 7011
9233449 6232839 621033
1986216 7646365 179658
6748708 16931 1580
3676492 3868292 212569
4040119 3880521 252921
5669829 7789238 375544
9358134 1505830 112553
845323 5262115 28681
4835740 5774281 243214
8132986 978268 87567
5778694 9939879 263330
8530642 1126934 82614
9482679 9290646 9839
8032567 6339116 330277
4423700 8142932 199885
9732144 189596 16480
4131239 8353920 214763
2095018 8817415 113266
8777502 2690461 233177
3057525 8875699 267023
2972875 2513556 13373
2257604 6245002 140926
7706148 9146929 26066
2679470 9569562 251337
6654914 6850339 310681
8181169 5009941 242335
2848739 2948734 204931
6230956 8332497 436349
5081706 6110011 315408
197987 8278471 19371
894173 5594804 5179
5090429 8024854 159137
9881316 738987 39140
2709511 515071 32757
5773134 5352258 93367
9837168 1612776 82886
3819917 7767810 164973
5731213 5698651 468112
3175095 4580950 240525
9762964 2216583 201041
3907846 9016847 250904
6349219 693692 28521
8345303 4763872 405191
6257977 6447729 249301
4860588 4327522 267988
6490169 4902464 261148
6895787 1833487 144651
5333484 4627942 109322
1611807 6368072 34095
9803262 5396805 408399
434421 6867281 8876
3140094 4645092 232893
5051582 1442386 82065
2697568 6067947 51084
5314225 2289494 121835
9274493 1707946 56283
4571048 8738766 356880
1618831 9516305 10531
3452192 4798092 9741
1493431 2561464 118360
4959036 3813322 213163
6685306 9839062 474063
2477760 7064740 81137
9074622 4092492 18774
2644760 8712984 23110
173519 8755353 8300
2410961 7374986 119153
3971038 8448101 310317
2001565 7012548 169624
6069374 9528825 311796
4738257 6787184 33310
4995495 1832643 119075
4053992 2720158 211299
3479989 3173461 232382
6585344 4763331 41161
4837992 2352613 2543
2348762 8996150 41762
19940 1006028 757
2350428 7279923 10459
410673 1189640 23442
8075536 1189593 103252
6019258 4271292 327816
2572196 3651502 228600
6704848 3016365 63620
327274 2219928 23696
3479206 2936006 222330
4971736 1942372 139289
3716692 1900051 51716
5307143 8450625 496181
2414422 2733767 233791
2443574 1346883 38232
8625676 1169592 91501
5943878 1793891 70187
1390393 5386719 136670
1870397 4959356 160298
5203463 3835483 153898
709702 3429581 23172
9193856 939629 69815
576045 7867900 43551
3208084 75260 1552
3910245 2332047 159592
1992984 562576 48374
6733444 9188978 427265
9800003 3690969 3694
7427140 7956726 48292
1235760 3361575 82791
5273474 7390414 453434
7359713 3140849 127009
9915712 3965971 27765
6557753 8520273 581379
4651045 6127167 284165
6003455 1657604 60685
5247866 9100084 351658
5420768 352108 5401
8458669 4074804 386258
646635 8522384 54676
5309519 57831 2389
1942804 7536409 79726
8404375 5533275 17183
4045748 7048917 191971
4637791 1397374 55718
6513285 2076341 188432
3040293 620964 26228
1948969 4696657 87406
1309577 4785413 93394
6063266 8600417 491772
6048979 5845565 475208
1019353 4990147 1282
6906860 2551372 29733
4867610 8245626 130682
3049954 9500566 57890
4508692 4132267 400601
1842535 1235939 110196
436699 7694752 17238
6759121 5675614 115225
8993383 7365447 505042
1591705 4887831 10187
7665813 6057394 134397
4199517 7556483 418571
3566243 4764695 259674
8933216 5100409 418032
6603702 8124111 328325
774535 7539125 47076
3501142 2378841 191735
1589341 4569559 83815
5113070 4777430 112317
6529678 4235490 109793
3514831 7978764 95442
2021741 6745920 80152
9991340 22245 171
3041008 2241211 151686
4215197 6202608 342957
5247536 6587139 479287
6229790 8695773 519051
1709548 9046829 139642
8925071 9683715 688579
9613446 9861679 301926
2300980 6019931 71379
7860610 3036391 109938
4965045 6530692 481662
7124236 8698772 705271
6550045 335936 30425
3671664 5507929 285693
1590236 8546803 34149
131746 2184639 2483
5352775 5951529 364677
4879670 2632498 207573
6969237 428559 6939
4629606 1023105 88571
8518882 9833334 133754
4300562 4810848 57203
5674926 2086229 140
7184057 5706984 134149
2690652 9817670 131761
5155459 1595156 71384
7693622 8910854 188780
8858169 2484675 111026
6732774 6627832 512635
2309960 1528506 45638
2810748 571425 13196
7159236 2397601 122992
1271148 5184555 60639
1026530 7459716 17000
6845455 4306404 67008
1122811 2634834 11894
531232 8070206 51981
8679565 7778911 212030
1368254 6753742 99742
8413115 264675 19194
1338607 8299727 98455
6329930 3962106 34601
8839705 660767 54993
3636516 2050725 75327
2846473 9921087 56020
7789527 5066438 194965
4760174 9318997 217223
3679765 8426917 314141
9943388 130731 1877
2433844 4988655 52287
2689355 921391 18651
3871661 7079860 188372
3087384 8021491 186862
4302239 7194471 6339
4904449 6848813 138927
7546827 5471584 320629
3223084 6431670 54847
9868951 6813147 436574
8210591 4390413 87903
434318 7070968 20991
1540934 7589203 133420
2146524 3414331 51836
7105650 5372879 107030
3414868 6844940 235052
5371094 3176425 100007
5402092 9658806 53787
1655178 3537969 11572
1173566 8168937 51627
4935434 2376023 61861
3949191 4938810 100616
497207 6025778 15533
8910761 946592 33191
8562899 9842876 741120
8909227 3597046 184486
9103878 1258898 111212
9121461 8566398 545104
1959134 2330486 103160
7112599 2025819 39480
9245256 733007 1471
3634114 7699220 197946
9047578 2507046 134630
3125323 4977814 196436
726283 7868585 30311
7447661 8849200 43466
371383 4911529 29170
2778245 2215703 14531
1182494 3310622 40830
200598 7039073 13116
7757092 5975711 400234
4042180 3933580 185517
4044048 657645 14795
980315 4451447 85665
2737167 5276392 142956
8378312 644325 64207
