1000
6064532 6559361 495399
8122004 5867386 20228
4330125 7250916 393154
1952983 906862 75062
9540224 3531822 216730
4463904 954170 63230
9404158 2856712 2572
9883236 3765767 240177
2790591 2204797 77868
4680954 6853923 131415
6172315 9645950 201650
3569949 2518016 216965
4270736 9848414 160183
6883183 4492979 378094
2533825 3115990 201284
4247155 3662199 287078
8728563 5195392 204760
322320 828970 26201
7108752 3198429 137528
925970 244941 13370
489766 5353297 32544
6715690 2742150 253354
5826151 2555300 39486
6557804 8899743 558512
3787689 6869377 104085
8751694 7022598 618649
2900069 5483897 97415
9230382 5081549 32338
4085178 6106751 254424
9442250 4243754 404092
5587305 8035051 67027
3314759 1065718 76369
5286872 2668793 102961
7462829 2993968 164254
3469330 526025 33414
9236200 6569465 322536
453059 4530783 31758
6876870 261016 15710
4984254 9244706 446506
7339902 6800885 115960
2173305 5859167 75754
973989 9851040 95348
2228366 2245574 75076
8793144 9901769 138226
9058874 8087017 50460
8926359 2477767 127311
7594719 7922626 356219
2206214 4850708 90926
3191684 6775596 129632
3156909 4618445 259601
6975698 3100263 23803
4574487 5190836 275712
7313302 3421079 227313
2539573 8140464 50688
7253188 4361795 77788
998874 5194314 77318
9545712 4511192 294719
7735742 1837104 92415
5654229 6499749 42425
6910589 5610291 160545
527184 6476510 40207
4001303 6237259 143184
6550884 3271708 317900
9554160 6581008 2905
7735350 9198426 272932
5443919 8255168 108579
2601616 8013303 81000
8213473 3086270 188055
938720 3405497 30759
7660469 7131919 305013
3853239 5444806 72870
1052608 4223069 87376
543053 7775658 33102
8012121 8266998 458
6379386 3259222 51494
5313212 8242892 387531
236733 2761757 9379
5994121 3384436 252580
7128247 557496 12445
529603 7401002 17191
1483438 2347841 77864
2534099 9199817 143258
2912268 4698682 247726
8378117 4268373 139746
4116831 1671301 35041
8800264 6583668 424297
5312089 4955243 57862
1793649 1758446 105411
2158416 1626135 150246
8553014 4953010 388062
9686333 1325210 3556
9483957 173010 5348
1216959 2315879 90667
7916333 1752580 146553
8829976 7376854 76802
8933185 5744930 100558
8685996 3447459 90268
24314 1682601 387
5848711 8916462 521063
4234564 1013435 64702
6360661 471483 22094
534637 624287 45025
3647849 6351986 71862
3159340 4798781 73311
7473721 5366878 62806
2182038 746789 66236
8233311 9275952 673512
6251689 8653575 102506
7279896 8180090 44274
7377603 8302010 207185
2787527 4020662 211209
8904489 2611000 29214
7804785 8921664 570397
5930755 6282142 120982
6023871 9607125 514043
942172 5454383 1199
3852545 5394972 184264
6109989 1022800 67743
9453736 4481820 221421
8901297 7432459 44082
803401 778687 11444
3955000 1024782 6038
9891487 5849688 372395
5145942 8486954 264767
9019272 1575832 111052
7759755 6138071 451032
6803204 5125273 107796
6267451 4442925 303979
8388923 2939350 143405
148142 7213546 11364
3114998 6403631 51825
9112463 7529969 174243
5154723 6671463 336631
280942 5706823 23130
7538900 4596007 90098
7441728 3940631 307787
8424511 6141179 541166
7186012 89645 5659
6344893 9757394 105111
8689406 240380 15387
8480717 2833921 65107
455366 6455962 39487
4130064 7675582 151722
3120696 2707520 244294
3995852 9836071 40813
8669371 7480269 697111
5925228 697274 11296
5509916 4161474 58111
7594364 4180956 151757
1623178 1911365 62936
9414575 1523669 148791
4185242 2201377 184184
5602267 1154641 103984
9787459 7245250 211389
6907514 9240031 673231
790112 6481211 63330
409641 3845235 22706
7274931 6998978 493876
4262954 7267045 354660
1797599 2725553 135148
4215780 4208242 381716
5961579 9040645 244453
3632991 5895608 310213
7139523 4256225 66350
1781451 9659964 106815
7762872 4491657 329997
317432 7241318 24242
4142974 6857833 282683
331230 4526209 29385
2790571 7884430 136614
6021652 1848638 18854
9552701 962473 20546
9038811 6425520 192071
4883090 8283538 184242
2405906 7280591 129517
7235568 4585537 264849
2209857 6825975 78397
9912573 1624916 123202
3800849 3357160 294998
7492549 9526414 578700
350544 5537606 34197
1639097 7627988 43715
5709680 1983768 104441
9743916 2886320 208734
1499270 8633803 37228
8826326 3567952 14868
9792077 490799 11631
5870036 8881285 440309
9131299 8189687 414290
8243364 504903 1166
9611017 3392314 32946
7679275 8189998 31392
4836005 6236534 376087
3094577 3157241 222863
5759169 2320138 54978
4799457 8660873 275596
2587851 8437050 15893
9312459 8779364 142961
1756885 4894381 41067
6498020 8124084 580463
5469845 3684592 143794
4335875 9019208 20935
9555941 4477170 304752
6860645 6788496 666368
2320321 1060104 12794
6587176 6704163 548471
3470286 7279720 243264
8670032 5738170 388246
8383951 7656624 213990
9152199 7949748 481359
8224688 1892959 30722
1326039 2968722 11392
6749565 9199960 101436
3133232 3673979 123587
6509929 8482532 101691
1520103 8868535 62756
9566794 8548271 219899
7586803 6501174 401481
3053338 3505096 215039
9119536 1300616 25704
3748598 7980963 108980
1835870 6455013 166276
9075617 9863321 868824
6677792 440100 19367
1371391 357604 26036
5731583 2321478 226532
5656220 4580261 218497
2149735 6163306 2366
2034469 8407137 16013
9750823 762712 11350
8253420 2055421 23201
2030324 2473209 96446
3315942 180680 872
1950437 3744091 75825
8114606 9426032 562593
9233653 9912495 597643
8904577 4915465 194716
3600518 7604557 301698
6453186 7190795 341663
4189146 6407469 102728
6331126 6498770 499840
888474 8504045 19274
3551943 6886686 103846
9115602 9175504 906962
3914499 3498643 346232
7847537 5322811 206438
2846876 7731769 133274
9216075 6881720 41275
983848 8969211 14555
4594841 5673462 88065
5005664 6743338 6735
2748917 2119109 173792
1899554 4332409 120537
2262880 6025755 209485
7293297 7415040 144456
3633215 1695892 143574
2918899 2861115 168220
6624087 4146923 42222
9000432 6637834 363334
8794327 579332 17089
8596695 6167344 25714
1419596 2176741 104466
6163643 4441687 291192
8233132 1656630 54263
4741199 450313 31552
4150863 5213511 199547
935280 3114678 15771
9921775 1036808 71031
2107290 4887731 51168
5052973 4300432 183670
8895599 5068599 150992
2108557 4642584 191393
1004982 1135325 37344
9349495 6836992 375936
5177559 4483239 118320
9935158 2411975 13423
9337186 6142840 389197
9607034 4414613 239966
6577031 2328471 161801
4954712 1442354 104944
3370782 7930801 31767
3157959 7933198 195553
4869022 342357 22043
8411427 9466554 470839
5576104 8494199 181450
1467180 2494315 40622
9747963 5652720 36854
3537542 4133756 318391
5325695 9199354 105746
1563192 691050 20219
4599357 3346743 110634
7558319 2071384 86517
7123043 3790121 365537
7519674 3110283 165486
1050563 4368825 44801
1461646 9996781 93642
4439634 841907 4176
5841474 2112012 116978
3209515 9825862 301749
1176402 8814489 62426
2671628 8533126 102443
8816157 7970796 94760
4531157 2109931 166145
5533673 1943677 100784
2962959 3477586 74104
8896092 7932395 493183
4216289 5070585 329602
6646787 4817527 323341
8984986 2449541 4401
3330125 6207751 267866
1014828 1378046 44520
4774542 3566885 15461
9454509 383951 10269
661503 5667199 7351
3206358 2425033 89173
7285946 2834920 237136
6077446 1587999 127001
1515713 8029011 41213
2835774 528745 44737
7987830 1223645 117005
4206500 931 50
9395874 4840514 371442
6018563 7425709 333310
6948721 2250468 206899
9435975 7785163 661092
5139953 8532041 91221
8093188 3007653 288442
2039705 2855836 96942
6845806 4701254 204919
369342 3409578 18864
9866207 7746974 313994
8787357 5827556 1887
2676950 4313346 202513
914775 1759201 34066
8287733 9514281 56683
5730798 8093531 366669
2356864 1308463 77591
4425802 7234351 208687
731235 76564 3841
6695865 4438752 386087
3367467 2483003 199583
8485224 6678930 567915
4531849 4411886 174840
7137261 2523153 103386
300629 8420311 17819
7947071 2691018 63407
8188551 385030 9585
9098171 3554895 201591
395581 4299631 29981
9366303 7082069 174843
8308154 1567723 151313
234127 174647 5523
1027427 9155125 9492
4275349 9322226 408814
4636610 5915756 391740
5603611 3466153 200523
6616197 9248150 542224
1676657 9489953 105129
4437758 1090585 30348
5691596 7244740 392499
9898274 5424578 269998
9912259 1887777 153
2067980 37824 320
1022418 5970920 18861
6093306 275111 4048
2534745 2828271 247798
1271757 1598703 10511
757531 3722161 32027
1462667 1757685 2732
1389634 518732 17088
8216799 5283959 231290
4452824 6197761 106886
3872789 9179163 92193
7952333 1328439 21831
3144608 8036711 303303
3293045 8197878 258262
1916054 2762695 101847
9715593 7440493 41842
1486384 3369868 139708
2283812 4716655 179370
289997 7242601 25830
4214341 8678128 344829
3648879 3689078 294685
52562 1381770 403
210490 6734511 3662
3816337 4700412 333825
551930 7800565 12514
1458862 8411304 48414
8826395 4688778 232526
5670842 2001810 190826
5413681 7612182 443983
7992361 5961446 500868
4845808 5552935 281653
7180625 5103985 207778
1563699 2127530 110635
2010096 3052068 29075
6685815 2824053 39417
3756708 1768214 5115
1570910 4797759 77982
6460914 5265281 456170
7699887 3438884 116708
3950146 5381442 265810
9874003 4983844 274337
588384 190428 6637
1983192 6732067 82531
3392762 8551028 115825
2313584 8083176 8538
1177766 6285140 10293
4463472 7753888 226361
6749916 682218 61122
7840467 6702043 515893
8989174 884552 19376
3663926 2175243 166537
8262069 4438819 430700
7316956 3756426 338760
7459517 5911894 255185
448554 9763731 19774
5283990 5420511 216848
6368427 9218246 185347
1491243 5651551 43101
880779 656294 61748
8831692 1954332 46087
5910301 9112093 30828
5796014 1756032 44951
7673430 6441588 45608
9738728 2566553 179507
8048722 7871326 324898
1485430 2418074 108229
3544652 1725420 11954
9968696 7191254 245264
8832681 9798552 443485
6599154 8586442 585634
5956588 2561084 135263
9785036 1065618 15791
6832704 8942746 53751
6675152 1265008 84403
1193332 1069396 44403
7556465 203466 18063
458232 9431155 43743
4695808 5051435 339796
6444259 2472035 232926
5421623 5610175 186299
179823 1615347 4703
2778545 6260826 98715
8194937 8719191 704551
8364782 2566512 229297
8104835 5221927 68703
5164113 9207835 252323
5846836 4104928 158736
1744036 2135707 1277
289748 6274016 2209
9039760 98127 4772
6683859 5012716 58857
2482983 460991 5015
9185858 332332 8202
9225565 5250196 311161
2010966 2445867 36199
7185032 4002331 327921
3095530 4124506 188621
6876134 1215176 109643
1976059 7496972 128542
9284246 671151 41496
508076 9350009 24301
5608219 7580555 167286
8563394 8416702 181709
5241438 2079546 181226
1956391 5152473 105885
3471274 7428541 217493
7865321 748591 15136
130864 2083514 6697
7321786 6847111 56380
6080900 1174395 63470
5962479 225934 2466
1174940 7716334 106847
585091 5102932 34615
2525013 4177573 44304
6965140 2754252 167826
4812272 9408213 378782
5423843 8715470 243655
8223887 2842074 151234
9874006 3066902 301630
7293498 4466223 400706
3960695 1444803 102176
9395423 7025784 390041
5275381 4816987 459510
8198603 7281403 318974
8602656 402756 17984
7449140 9734944 413850
3954287 945611 84393
8027826 4628598 7769
8390011 5378976 426727
8948671 2047280 203079
6892547 4566357 33703
4542268 3522210 121547
3008360 9365988 241672
3142509 7104198 11142
7150257 6867880 23912
9449209 8245819 99026
9011462 936928 47945
9655917 7392834 518432
4726071 1237042 35245
8002489 3845698 296844
4572468 4855716 167303
1663792 5744324 96504
7736596 5329827 177399
8227081 7590901 476017
6130193 947710 19819
33250 3730473 233
1336712 8127593 127705
735674 8835668 56183
3168892 8495357 305653
8188021 7131537 192332
9868945 1600564 104794
5425626 7801501 198645
9631507 6972400 23240
1283734 5153115 92423
5778287 8131955 125637
880312 358352 30965
8895543 9502310 200368
5750965 3791013 97184
8851744 3182676 102725
7742564 35626 1
9981445 8522798 606984
832896 9827152 79731
5907684 5618247 281364
6097963 2132525 99083
1190109 4272856 83624
7185768 8777722 218420
2362040 8593659 187894
2997150 7629973 226541
6506335 9756593 413043
7776921 8988545 52808
953182 7383134 41513
7664650 1884899 142274
5954792 2957130 45037
9042821 4550918 285630
3590610 3744160 165144
4314496 8000342 157569
6418968 3528177 249946
1659993 3953766 109760
2835541 4855600 76115
5432910 6123372 180389
7155661 1569845 138186
2564868 1550529 35947
2453350 9207356 103177
1938307 9528292 39463
2125992 703973 24512
5237559 4545782 42998
7151683 8128564 189446
1698926 8193213 34071
5566087 8784144 136550
3364703 5951268 299752
3671915 915398 1861
9047967 312247 26907
9555720 2605190 172439
2231083 6740522 27337
6352029 3477730 328769
1186403 3446225 35534
7964684 322004 6856
4609675 5530150 432873
8563545 7367351 652319
4990667 2878280 285370
5054384 2771403 79891
9117230 4030073 79376
9701086 3387700 47131
8181669 3880222 173175
56276 2394489 3478
4701699 2176192 6343
5266345 1324295 72985
1394944 694799 2469
8913303 7095853 68152
8082744 6031964 121527
7001468 2753951 244376
7331627 2013468 18757
3933272 3374838 110553
8298429 8496490 739983
7079379 6032173 140554
3178677 3662979 157066
9541174 9285795 530946
1968704 7380170 4074
162159 5606046 10104
6155885 447300 29832
815120 4634948 24200
7129265 1595547 101436
1076174 524961 3480
4179043 4491421 42887
6596484 7359910 435866
3255359 2458300 180864
8992176 9870374 81906
6662885 4471438 136479
6404595 1545050 4654
5108184 4223692 85168
8503571 3279196 301924
1003521 6329685 72676
7632506 3734062 170654
9120812 485930 40382
7460407 8518706 369600
6997640 2846705 24234
5991802 579121 32070
7140650 2200820 80931
9086362 1861206 35629
9252616 3118242 94404
5305872 9828274 502350
6883712 6482955 264570
9771643 3918520 279199
683345 4571494 48522
5751964 7169984 546885
6235806 581644 40167
6127065 9502726 466850
3736944 3254908 278086
3562941 88106 1438
6798386 2254680 201900
7480436 4209200 20701
9460277 6781924 43413
2224722 2048000 121330
7182765 353676 35313
1903435 8985573 98452
6417328 3693404 115507
7702266 8602512 288457
9303355 4390408 227632
1836444 4779795 145879
1155887 137316 10176
4639635 7346408 50559
9303118 8609643 9162
1893862 3434474 103676
309057 3282106 1044
15294 6054617 1384
3086995 4841236 295113
8661481 4445529 432952
5959605 746205 69458
663128 7680626 62780
6949754 3907745 260004
9535651 6652942 263810
3275546 8634253 313279
8961538 5911424 254281
2819761 5887347 146555
1653075 9560953 52097
1552319 9669064 42698
72089 9930771 4878
7901736 7403047 454667
4886009 2539849 61242
7315380 7562318 127009
9619005 7072763 702422
4695182 5661214 196759
3621715 6834412 316372
4564422 3570077 287154
6609229 9483717 351603
5783377 3451253 150040
4589537 5395602 38198
7522438 6057588 299094
4437224 4816834 65431
8906529 7587468 676177
5024096 5385130 47759
4231106 8345555 224288
7066093 9719296 380702
1581037 4752386 49718
8766034 5180258 347640
9586313 9753336 471242
7049978 8106062 89847
604643 3079734 55194
9158260 4345897 406899
810794 4335587 67326
6443248 256315 18189
774003 8385735 69450
7138885 572336 34424
1478965 8428626 74766
1064812 9789335 60168
8303563 1761684 8942
7082884 7156836 374384
3688695 6345924 311041
4344655 8076655 275411
1893212 7559100 162516
4107697 7329397 211311
267905 884473 11065
6630198 2295828 136225
877778 9826589 72993
120202 2586833 5615
8275744 4657519 111393
5807489 2378004 6497
6811039 7768151 580288
9297167 3085736 134797
4397541 6962533 325341
2858959 2099902 193919
7517168 3081034 223527
6480254 2145385 77609
179614 7799899 12379
9111679 9469857 662452
1089717 6967571 46814
6629591 863682 52831
4157786 5291279 164303
7849904 6000524 204503
5706652 5258770 196565
1684440 4308771 146939
6551273 6060417 34008
5478336 8783118 403894
8476821 72166 1946
1001344 4651066 88356
3405144 945519 6311
3722320 1503095 17297
45519 7396974 715
7891854 7980791 193284
409336 4797529 33175
353853 4326356 14711
4131128 7033545 298557
3324930 6580489 11722
7507159 3874556 350841
192296 176886 15285
6258816 7903957 483056
2419995 5095135 120457
1311555 8037466 41028
8853742 7198187 66927
3999509 6159539 154993
1348695 1557415 3792
5623245 85935 8582
9886895 985858 85208
2087592 4194880 187527
127093 1738321 11082
1945412 4250236 13691
9704010 1308490 58716
3569573 1110429 102289
8193781 533899 1585
5830965 3671936 177895
7810014 3473043 311726
7192254 3563047 269223
4379413 2763077 212575
1189488 6404280 108443
4089674 3542506 3234
970848 6771710 92234
6106836 1293486 32456
6052997 637158 49917
7723821 5544608 264160
3674299 1962753 77254
7121010 1501492 74795
3438530 4652422 122339
7188581 6898499 364560
9599165 8528591 513362
5246957 8850567 299500
8243637 889049 87216
4573075 8265121 170946
9740054 6498631 252775
7068932 3168022 234565
4923311 4871261 174421
4254868 7090507 280549
9149237 5585927 41521
6818103 6834063 645320
9225663 8888146 489642
8779272 667536 28851
8464840 3170928 230122
5650373 8255458 274443
480818 9051958 33359
101454 6202621 6680
5602623 3044511 58195
2145707 1304509 127170
3574424 5079881 213849
6601221 2137058 12387
8440009 6648181 166142
5646250 6748560 426914
8049089 1447945 58268
9489036 2366543 119597
7593684 2503567 204603
4602817 4233354 170263
5925178 8649781 456286
6835714 5535506 119716
8199312 6976845 336982
5576494 9034650 45903
4422484 1749453 170866
1768262 3631930 43930
5088363 4802638 427788
6472048 8052334 289974
5711005 3612559 104256
1933815 6012822 45029
9436310 9837297 466439
5616327 6248181 12534
1788644 9055098 25252
3884019 9684789 40546
4323325 8725077 367963
9389873 7933408 153508
43577 9765582 1524
9763034 2169574 163586
1545170 7002456 39861
2928749 5679260 137247
8123369 8479753 198210
5683852 8533305 137710
9906306 4172827 222746
4823035 7376344 453824
6419717 153195 12849
4723494 8573307 157142
9693117 1965179 55518
516633 5733893 10049
9783258 2241906 153161
7418248 9827773 599325
5145841 7241881 156405
2866503 8794448 238307
6793721 3434333 301043
5922897 719053 36311
7870798 2760402 142717
8687299 6401320 178172
3991088 961580 95959
7359456 5793210 415476
2437699 130246 7471
4362508 7911229 434628
425742 5360797 39961
888019 4283475 74315
2742526 7719380 219331
7723490 2901374 159808
9480162 2291248 34957
844939 416935 21984
1450735 5721755 19683
6629699 7645210 585980
7843516 3322019 48169
2241190 1501574 60192
9465285 2656762 175004
2269551 5170943 95706
2884073 6477685 241469
7766786 8960637 61320
5498350 7052944 354454
106852 1550045 6809
7271290 3296230 119548
5596351 8202589 44788
8331418 8046907 319999
32737 6904994 1804
8133949 3196276 166624
3941692 3830580 119874
1344695 5535900 106040
657510 1032958 60450
9306177 5306463 457962
928024 94033 1474
2979829 7758864 109186
9622961 111200 5988
330197 1409189 21464
4213554 5584579 258548
8002371 641335 24254
8065730 5968374 1226
5760904 4641925 187665
1654313 1471961 63704
3007056 8450928 290390
9408215 5861168 401246
7555241 6805247 96451
7889244 5634083 297037
7878538 5804251 284432
4950127 3495485 340895
6262216 7705169 119024
7651050 9380846 575515
4404256 4957652 100140
7511754 514699 26775
1269811 8950139 116924
2543025 6551499 167390
9564675 4572797 9568
8061542 9873482 166753
9371128 7726394 363794
3543762 7814664 109994
2927456 4015028 236554
7525378 238696 2611
602472 8554128 17783
2818986 6149684 203439
5384358 4766872 284451
2710942 5764501 128825
1543313 9516217 77604
1441369 4896798 20166
356998 9988615 22508
190841 5060544 7354
5561411 4319158 160674
2297918 2103125 54613
9912300 1562785 118259
306064 1223832 27430
5150987 6271686 440043
3135864 515496 31995
9914506 2806598 192051
9073572 3741195 65647
4554937 5799399 358027
1178086 7102631 1800
9026253 9382547 703625
2948276 9290313 130479
2809309 3527128 114692
2846503 582176 54343
54757 6194920 3974
1923198 6033088 8895
5999301 6992921 78055
8739482 2554785 199670
1475648 5199716 25334
1501441 1662368 78070
2342144 9428712 97245
9251421 7716987 737904
6811919 1603302 58566
7341692 6863448 467757
3221853 2823876 233600
6719568 2502332 7227
6330430 5022348 326306
1405295 6860694 118519
9843947 3709933 345263
7075091 5764020 468142
5938303 7635639 542912
9439001 6474826 596216
5604345 6038497 512370
8758787 7583856 20610
7627839 5651461 233997
6028792 226850 7787
9581079 9508320 193118
3429696 5083585 156118
1893805 7779668 118938
9091275 8865167 619459
3285394 1637096 84077
591401 6952500 38791
5064762 9998916 369372
8647569 7143230 118410
4089979 5562552 392997
8482013 1074074 88883
8829459 4886325 106258
4469770 2411934 42123
6121760 5559632 553844
2244155 8085121 202433
6692903 7555524 167016
565813 4730975 51821
1408528 6806254 98767
4300129 1684152 96354
75046 3498833 4151
2207055 7183728 65653
4411418 8676241 92927
54832 5446094 5248
4835967 6996346 91216
7773401 3216511 156178
6096206 525561 4889
6412485 6445843 248339
4136289 8563360 362901
9061394 5201148 287904
6911225 9889701 504652
9305217 7397140 130346
4132794 2055009 102439
4234104 8429718 288713
8743852 2246738 175943
3892481 3618978 331496
9654202 2393499 226857
6848074 6975035 127686
4328628 2272001 163268
8992677 6555339 476951
9250895 3418607 200715
501512 7336987 48379
3160482 5546481 201029
1001612 3575262 5530
1850025 3781946 171458
8057328 8289317 802857
4984260 569760 3413
9501077 3835370 56838
3812407 2245276 172405
2181121 3168263 116571
3249321 2230733 70625
2061535 8152126 196695
4466855 8805620 391168
7083387 5321265 257787
7526561 2529528 61062
939465 9618921 11769
4239977 311905 22880
9936989 8308818 309237
227769 1647711 68
7903217 1789371 26030
6709292 7610690 434171
3470692 740952 4004
151490 8172161 14147
3237816 7552577 190077
8782430 1844534 33978
6140561 2082547 4076
4786890 7868190 147608
9644475 9680460 931746
2802223 2634396 153789
5175971 7217041 103595
2209311 3645492 148423
7043162 1200874 93665
3829262 4070674 360135
9791639 4710626 102316
8699730 3140227 69634
8905396 5650026 350894
761385 987129 49753
7983791 471381 8128
7514546 2716041 132362
8582824 9984475 66745
8738416 8867566 821147
9179367 1016473 19684
4719820 4840197 283141
6496085 4798605 317619
5415185 8243665 209514
5212544 3534236 246186
83696 6684151 1462
9355930 5229965 119304
8826492 8798401 168792
6364665 5307021 515488
7746862 2633885 182863
4476310 2595116 228201
1560416 5552285 113030
5319951 1263709 87509
8157268 2056567 172489
6910631 8614519 412369
6037164 3740164 70071
4522948 5089720 259615
88816 4274371 4969
3662574 2694335 249878
974606 4420565 76625
9994452 292112 13778
1508179 6380544 89901
2800328 947858 45359
6879349 6752943 351543
