1000
62958 30734 1083
20865 1025 49
56692 29557 2467
67952 5602 235
36580 59708 2052
35456 43021 1299
16692 79665 612
66218 26803 1636
25730 99494 1415
41581 30183 1069
20236 26737 1966
77418 12065 274
77239 44364 2830
62791 65917 5269
57387 29331 1443
34479 98523 3281
56948 6763 282
85358 75455 297
6689 84279 588
68119 93936 4134
29830 12994 1251
49568 83387 279
12123 11003 963
24643 16496 1625
5468 44914 108
72061 28065 190
13865 67262 1141
25968 23176 1314
67782 99129 2525
33251 74560 324
96091 44640 4341
5055 5161 184
6131 8470 587
23921 42855 395
63775 32735 2910
54893 89729 2004
56434 58983 4160
17383 43716 1515
50372 47355 3510
23322 78911 4
11345 6636 134
6595 89958 150
43609 92018 3980
44389 56562 2135
89824 97509 373
95109 91934 2861
85549 55395 564
83565 19593 1000
72045 36079 2548
4843 89689 400
81776 95854 4859
21584 5332 132
13928 98090 522
15668 41574 481
35663 40561 2550
54543 27680 2459
86944 18325 1234
45344 92789 2245
71387 38891 467
7720 27070 723
80643 36047 2225
88109 4469 295
21665 12412 769
52377 88124 3538
59649 94678 4217
32826 7989 74
97458 97283 3843
45250 6985 487
67433 72683 5646
31527 8611 217
72508 49213 1655
5443 79508 317
81225 29195 678
49170 42543 3777
6511 99755 636
217 35948 4
6193 98039 447
59707 72775 5113
39704 37772 2010
32324 21473 855
8080 71852 764
85152 35675 1805
54280 67774 4178
47618 6560 345
77908 84586 4433
12097 57274 32
71596 42944 1138
36852 77690 537
56365 79024 4672
4667 1939 119
61813 66962 1471
12280 15325 104
74409 98173 2380
15664 64404 252
87793 94514 7831
85068 80280 1887
98168 97456 3470
46364 22028 543
18927 68927 1099
84753 68602 4668
12009 14824 890
31040 67052 3029
85342 7897 624
40292 11378 437
57674 35875 2995
90875 40256 1966
44909 17310 1659
65669 45231 1987
45067 69730 2097
60682 44698 4235
54540 97774 2726
71475 34145 2998
96187 53890 5127
37647 89415 1140
10153 23750 533
72269 38613 1548
53256 56580 1249
17382 73239 534
44658 56232 3441
97586 23868 397
28002 98117 1759
15152 50905 32
11192 91825 804
44897 35460 3413
61624 33477 708
523 14875 36
95049 6656 541
97177 73532 1598
47192 14883 662
24983 48429 1044
32628 22772 1118
88216 96211 7012
77746 95326 393
3858 6237 10
38985 41933 3435
45151 60409 2144
93140 95156 6920
92220 49627 1717
5845 3018 118
2155 19419 35
65583 10566 430
1491 80278 50
30633 47048 2781
61404 51722 509
29135 17202 1574
48150 21340 462
2963 93288 23
16754 85300 693
25062 62934 495
52261 24477 850
62209 9417 362
71306 82856 3730
4097 48626 359
36414 91496 1473
18372 9641 51
88355 70709 1754
21200 38982 2013
76768 85643 3828
87467 22151 745
47838 73194 3769
60321 31087 284
78347 34230 2470
80547 65859 4567
17817 438 4
49668 52269 1942
50141 49463 816
69308 26043 1796
1234 63881 6
39752 99103 3237
42102 95263 1721
45958 32846 1006
81226 52528 1434
45851 77987 1672
50420 88602 4564
47279 58204 1819
13886 74140 543
52301 47642 1029
24150 93978 2075
40550 52323 2664
15215 29435 385
82124 83969 6315
68668 52140 470
60154 68963 2157
80986 64956 5743
20553 81529 1605
74565 72096 526
17370 5050 301
20447 90190 1515
24464 57215 1383
8814 24804 576
37557 83335 2813
46621 26305 384
1875 57395 47
32728 6344 53
75162 75018 3269
49522 8770 358
40383 11605 216
40705 78043 210
86777 7297 71
4223 57122 256
2884 5058 208
79433 90699 4899
608 90476 39
33634 8943 56
20496 77241 1275
79502 43592 3247
77534 95529 3896
3097 14967 286
75731 14747 1412
2384 73025 98
20450 98775 1578
17765 42668 988
29852 55046 892
66285 23524 1681
57179 30678 872
46083 81562 164
55065 11576 337
58564 67361 975
3192 90564 272
3731 40561 66
3354 31666 52
18261 69414 1205
99784 62816 6173
29428 65792 1371
16782 78833 578
15070 79043 1211
24923 61514 1524
37285 18455 1535
98691 13141 1263
7135 63047 629
54879 37953 3546
16901 82532 1660
98985 96798 7682
86165 48513 2942
97922 31202 873
57874 1270 61
5167 24841 349
34114 89215 94
40821 62574 3813
64109 79484 6296
5123 92374 429
39394 32624 2403
12103 53476 915
76660 84197 1930
2357 37955 202
71446 56421 5241
78821 45122 731
70629 95232 1448
84467 6961 453
89469 38667 1808
75999 90087 6548
3456 74525 185
96845 74910 911
55221 83857 3623
16901 24019 1621
45572 70633 1879
44370 63592 3322
27581 76200 1752
77636 49252 253
93744 20405 157
81168 43503 4
87381 18493 925
59437 20313 129
91427 84207 7127
75127 54131 1725
71547 70495 499
21742 99154 128
96540 11078 639
52886 25137 1356
142 29950 3
46358 49101 4551
506 66985 43
42235 3817 328
98702 78569 122
68693 66570 5205
98044 15751 245
10454 44922 939
69177 71151 1280
32408 60199 1653
7360 12176 234
75190 18211 588
18671 82174 133
64687 49379 486
98503 66321 980
33865 64802 1519
51758 37638 2103
98506 17086 1074
37742 58107 2837
30463 10072 973
88981 73269 2181
60247 91222 4838
65973 2748 71
7302 16770 271
91972 31931 1967
2789 79883 182
21883 32451 1171
46990 1761 158
12313 2055 32
28099 89178 434
4191 85887 77
59910 32242 1143
22547 97351 1409
11904 87141 924
25344 85663 2127
46749 46613 3616
48498 89451 2731
684 85065 44
10941 84435 1011
37537 88489 356
89365 72162 4503
90580 28197 1414
24372 45800 1769
27425 16589 153
84953 64474 5630
25449 39288 1119
89094 32879 46
60206 75008 1213
94559 59683 5514
11064 65730 738
51312 34422 1984
38485 14465 878
97094 88971 3798
46482 67393 1037
89043 26828 1703
96645 67406 5967
15820 86211 192
44005 31509 83
9228 72736 669
40079 2344 53
74160 84311 4104
48161 85564 4345
22651 77505 1234
87616 27212 2347
13906 85465 1365
95763 69430 1131
75711 81790 7109
54535 61434 2678
90128 86774 1724
4300 71616 215
37815 52327 2109
37588 97202 2547
39017 50558 3549
85305 75964 6461
80033 56618 283
88182 24177 599
77341 19167 1884
26955 87462 1503
82590 92406 2822
54908 78135 5410
18698 83849 834
46480 6815 197
70092 86745 1923
48276 8354 398
69808 75499 3920
36535 54566 132
3529 34469 150
3629 78323 300
74605 5171 442
94927 70008 2738
66069 35654 3328
61784 79144 2470
49856 53873 1019
71687 18839 1646
45168 39500 3897
15810 8031 383
69193 53940 945
53199 31039 2163
2615 69767 255
73018 42809 2762
59526 22986 1911
8084 22033 536
21930 87332 784
98577 32883 214
29879 36995 574
53287 16972 837
26984 80436 2
31348 65197 350
66650 88717 3020
85686 78893 6950
62735 32037 2547
14994 18182 1488
51790 73496 3200
3216 88693 140
38048 87590 3196
50076 62589 3161
7187 49363 655
88612 73091 1953
62105 7782 425
8894 45745 457
3239 44940 54
17666 29109 388
61112 30453 161
6250 31553 65
1930 32500 173
59191 64682 1535
91325 81056 1436
13133 74763 209
61273 64055 3725
50740 82370 1539
49288 65944 2546
119 51504 8
49910 14439 1302
38 70427 2
59030 53771 3782
61590 58477 169
61949 42769 2843
40830 46997 2225
87399 60552 3245
86714 37251 1636
90352 30020 2177
810 17613 80
6362 60958 180
46674 28143 479
90987 81808 6252
34330 76485 901
94125 19772 209
73325 55729 953
29615 60708 1860
69339 35577 2250
57601 80401 3502
98361 64584 6240
5786 34543 2
16669 55146 1255
61588 21837 2146
11461 16883 985
66380 35807 3207
9872 60247 697
91684 40189 3458
99969 78865 6275
8483 24100 497
48802 59358 1278
58898 57618 1028
67900 43360 2398
97982 46220 2026
73473 81182 6634
39323 76250 2428
69893 55169 353
26461 46887 198
14399 32951 1080
36351 31492 2510
44106 77841 2575
40894 58756 1803
75464 72295 5060
39069 11167 459
84955 26576 387
82497 17426 144
59372 60461 2353
86740 93851 4092
96998 97278 8918
18148 80319 132
13562 17577 645
72835 18021 1358
54044 42296 22
36646 74938 75
58402 74873 5259
82408 95758 4885
22441 40478 1039
9607 7796 687
99250 70684 1026
98596 44548 1812
50111 62223 4802
87557 10906 507
44473 86674 2163
16084 65909 1047
82475 52009 3621
94848 55963 861
96485 17722 6
34521 27827 136
20060 36461 1012
37654 96519 1109
87368 3409 244
55408 86474 75
63939 69017 99
98950 65965 5818
67214 35225 2366
86713 90154 7290
84173 22603 26
7920 57756 5
22407 34638 1926
60787 45666 3540
34505 1635 100
67890 91906 4618
17187 67473 211
90717 93090 7631
85064 79009 4695
12299 92111 179
17584 43616 365
83478 94904 5615
60727 66626 3837
25755 54705 2544
34780 55579 2392
82877 32275 2004
71013 29286 797
6016 38840 65
4216 56160 86
99824 52738 2843
87010 10412 581
34618 27731 357
89906 24175 107
55856 96852 1330
79037 80851 7427
20167 70096 1255
65178 27845 681
74394 216 17
14820 72121 248
81895 92735 2449
61757 25476 520
89198 7902 689
76008 98303 5902
1368 25615 127
27788 96168 554
24588 2899 148
58389 51618 4250
4185 17102 392
68660 41362 890
57489 76456 866
7901 93347 476
93257 51116 4590
57606 12257 343
13213 75915 429
54093 85599 268
77384 6328 46
94128 70291 6985
45423 55627 4417
23988 61590 278
47477 26528 1709
63137 58151 3681
35653 64983 1438
29539 27591 1866
64270 97492 4485
8200 49756 547
78016 25726 2021
55175 51857 368
28466 10882 364
69365 83122 5395
98653 33968 260
2127 66131 8
40320 99098 1017
98997 4808 474
45629 3706 245
76011 87307 6655
41432 37579 2170
9305 95132 624
66205 48397 4633
51530 74106 3083
85945 50052 2614
8623 67021 739
40477 85463 3062
64955 29342 2203
18272 28083 688
9286 32314 676
34204 91015 205
6988 78869 121
24559 93351 984
64557 28259 1771
27385 48204 980
50957 82943 3672
38850 37425 2477
57939 90471 5355
27955 53749 2721
32972 65435 690
46490 90686 4171
2279 63971 152
97353 53362 107
23897 84456 2212
64853 29341 2480
6105 65496 29
88570 69808 693
72835 80389 2812
11699 18302 416
76407 64325 6247
75588 23392 851
90424 77777 2074
51922 71248 3534
41615 11368 652
66247 23216 349
40840 41675 243
80402 21474 683
8754 15168 741
38851 44783 311
96866 97521 8897
70385 76994 2040
9742 14189 314
62581 77004 886
9044 41860 38
40174 94848 1928
20211 45933 567
83069 95990 304
25710 28417 2359
5673 10442 284
29678 10591 559
69498 83772 4734
79743 83017 560
30048 86480 1854
5007 41475 169
94411 93230 8114
56981 83993 5301
80242 51009 3848
20806 16823 579
88271 85402 8334
32288 85777 686
88479 61708 4070
19553 38587 1645
67076 56335 3589
64494 52528 1788
27749 85055 1273
23983 16589 1019
68043 85659 6772
23279 43061 1329
2788 38665 143
42751 45004 2165
40769 50672 1987
4978 93566 417
32410 9498 865
85344 97624 1997
45831 94298 1315
44581 19500 1403
93766 10849 190
48353 10031 205
57498 75817 1074
29016 65340 1090
57480 6029 357
93874 48401 2457
74298 22381 1201
28570 36943 2791
64670 32652 1287
42464 32380 1365
74598 5779 286
81241 25954 1027
616 91534 16
53180 40239 2238
25373 22636 2087
16357 33685 282
27620 72002 417
89684 92298 6034
58206 51270 2205
35053 13799 412
39761 61718 1353
58679 41451 3504
91879 38064 2943
1983 37975 78
57967 46682 542
78100 79506 6436
85113 50169 4111
16171 42756 864
67740 57244 3557
9947 19805 42
21489 69713 1447
42015 89485 2073
87543 10860 89
15417 4811 109
88688 28709 2169
74284 46801 4358
89248 57081 1885
92607 1788 147
88915 35206 1566
58878 6606 296
35733 28497 2837
99098 4526 158
25850 61314 126
26439 75941 2324
65686 89732 4289
5467 82016 513
8260 50152 492
90708 69875 4826
19329 55841 1858
74864 26514 2499
74480 50599 5046
48277 34136 1892
41878 61814 1714
12137 1538 91
89181 16238 50
45688 93747 762
55923 32691 1392
50579 70448 2454
94345 80012 1629
17997 68355 1630
51959 32806 1555
41822 83866 615
12597 23633 820
59747 17511 1109
41121 4608 442
26618 47584 1848
52158 19018 100
10760 68190 127
22642 44269 1409
28149 33439 1994
16933 44808 320
12204 7654 563
36550 12127 635
77277 55801 5396
67783 30745 1014
98813 33312 2014
38174 39747 3076
59779 36202 922
5572 42700 78
74796 81545 4470
27128 12489 535
49846 64179 3626
9883 41936 823
79685 15778 263
34708 26335 1037
34467 35827 2892
81643 44021 153
92346 92360 8216
98896 96757 3790
36282 16231 413
75923 13224 342
55000 75643 5092
49835 3578 267
43627 14481 1021
30418 68730 2811
2127 28090 62
20933 71292 869
28356 62125 556
23910 1977 94
13133 79620 1178
85372 35403 3213
435 90364 7
69648 60723 5420
57506 5688 166
58095 61974 325
20137 62172 1459
19789 35610 1068
31197 23476 951
27134 71435 2082
70037 85645 6563
80701 50266 4923
73932 25721 1644
93704 82522 5301
34020 12205 1216
68927 90019 3443
53183 82596 3586
10986 19633 281
47398 2588 131
75378 53796 2069
56357 54230 1994
99590 56288 252
71819 49720 3667
93333 78317 7150
53548 60044 3115
25752 51446 2469
74497 61760 2954
93607 12332 1195
40868 77478 1708
53761 20610 169
40822 23988 2038
26471 17872 1474
51804 94563 3277
12415 51666 282
52827 13618 916
91156 75752 5640
20034 64226 362
28114 98933 1848
95070 17337 662
66988 26979 683
9414 9090 832
21976 18492 52
73359 66281 3688
80847 49840 2328
41174 22305 1535
91184 68660 3564
4251 5728 68
27165 73375 2641
91234 82464 1586
84186 21516 145
44979 222 12
36019 93149 1593
75705 30684 2591
55893 25973 18
51364 45633 3077
48849 30587 1698
57769 20310 87
16382 15484 276
32831 68937 840
64342 16647 1644
42402 47659 4035
84598 57904 3105
23762 60883 1319
43489 368 9
91507 77339 4939
89660 33281 1809
93548 51265 5010
77648 77893 4837
50698 61797 2942
68237 34334 2665
31932 69615 659
36964 74741 943
63415 26952 2297
99019 1750 41
6546 13886 602
16347 49552 319
55561 19235 525
60274 86071 1765
46491 5101 200
59187 96515 5439
22798 25877 1599
97507 25265 830
87624 93945 4601
86028 87615 1703
39318 80060 3557
31228 87442 1351
12871 10051 59
58949 84786 4319
2639 77305 221
78269 86634 6356
92807 13642 162
71646 58539 5786
59881 13321 36
3620 27144 145
60727 71212 4671
35476 63769 740
98707 27244 2043
50865 70490 3233
49030 83048 1983
33158 27691 2561
43548 2786 1
59170 3920 231
62659 1950 168
20853 52305 1554
61842 18024 104
71830 51865 3756
21086 70508 1165
73983 73368 2871
75428 91230 731
77677 90083 2663
1765 99346 174
5250 40049 364
57955 93538 1146
42917 52030 2001
5190 21710 65
99295 58826 589
52476 35253 1089
35293 42072 247
43186 11679 1026
37043 50962 1474
15006 66837 527
27989 68866 936
76535 67620 2658
75934 53560 3021
90394 13344 641
80364 47880 379
73541 93854 6730
73279 3531 310
51996 76215 3107
75871 45628 3598
85353 15593 1497
3061 33402 230
47830 37367 31
27759 4075 118
49523 44966 1030
71775 89493 4704
33109 97984 2805
55995 21989 1689
42323 31411 2653
10364 5834 383
33577 18097 700
65153 59544 3033
38199 74224 2060
16331 39879 191
92001 9289 688
59296 83060 4406
45678 2235 192
7402 62045 633
58379 76871 4522
12951 6376 401
33255 57043 2950
97530 88635 1936
38518 74858 1116
49286 76130 1455
90225 66712 6542
39352 22158 252
40531 47824 1297
51500 54290 1517
64443 1288 82
4772 92134 463
60975 58842 3261
94503 17510 141
17621 64067 1516
90429 94227 2716
8505 13861 418
46518 18383 596
27500 33767 198
38946 25250 150
64578 56625 962
73112 8346 766
53297 49779 1930
20402 64612 155
375 93118 31
86925 37430 349
99538 97575 6761
55020 97511 2569
10951 52969 287
39796 45907 2337
64350 82593 4377
66863 49594 2198
35587 57362 2201
138 2912 12
95812 34624 26
82777 95788 4485
61623 36375 3522
91312 78827 892
77908 72196 2626
88843 46349 2738
35797 82425 2639
79685 15428 1413
33435 84652 2152
93474 76586 4475
86954 78742 3670
37511 79706 651
17578 52277 1649
78174 46132 1978
87302 92364 4379
50485 13500 901
34606 10177 787
55294 13049 1058
42839 72860 2147
47919 96888 4298
36792 68396 2667
89985 20232 1225
10061 71075 498
74227 99613 6370
85430 38455 1525
24454 71984 135
9591 89697 545
26432 4155 357
98328 29216 368
58412 84928 3357
99715 69749 4487
99926 41985 6
33867 63495 1050
94546 79047 1634
15873 7518 270
22740 20990 1712
50015 61770 2046
51094 33493 620
42752 33627 3221
791 25760 27
40228 60392 238
83417 7127 618
14926 78635 371
60128 65591 3037
49512 60961 1134
5144 47326 299
74875 68109 1718
59182 60145 5596
36089 54995 3174
59603 51768 2159
79286 91647 4145
81375 3134 236
23528 9278 756
37737 82132 3302
79021 38274 2311
31922 71661 1891
83044 49600 4762
7449 59553 675
11792 50739 436
98982 75149 674
62842 50488 293
3746 6895 198
34509 73266 2453
77051 62604 3873
80346 54534 2626
22211 7851 709
79925 49534 2192
96720 58681 1967
77012 24840 432
87515 69094 2549
54484 70902 4205
91682 55717 4580
55094 66526 4162
37192 90286 2642
20412 27193 475
5587 28253 108
11886 22086 225
69771 83729 4336
85914 91334 2025
30015 16560 252
69069 74751 5349
78849 76448 4230
88733 6268 210
7623 53550 324
31330 65353 1165
99595 5738 48
88886 95737 7539
96233 33382 2569
14010 28066 551
72710 81884 3526
25906 50334 1686
29157 46823 2838
74885 36586 2499
61106 76006 5347
41376 9000 203
59353 93791 5104
85331 88095 2661
22766 36248 1742
65425 16087 1003
18533 20190 99
54098 27392 2181
36984 86432 2996
