929
577
401
4767
120
128
920
9767
311
69
128
183
525
211
132
331
16998
84694
160
432
3120
151
587
525
318
1982
415
14161
1078370
13643
109
15183
69
530
259
101
1672
91
8386
120
95432
3499
5449
3300
376
7972
123
64
92
1857
932
42
960
64982
982
154
2966
13034
224
603
40252
208
1543
303
55
1634
10204
55
108527
14786
336
185
5922
107
660
1811
551
32
869
2510
785
1715
3186
1494
48056
1312
251
17475
52497
777
7378
825
1430
155
95
1274
5360
69
71
956
5656
91
119
819
199
272
574
158
309
280
176
125222
395
698
19690
441
1377
26248
429
710
496
28988
1042
119
793
198
951
662
1138
376
171
192
72322
865
109
417
185
190
7850
768
69
6341
524
280
72
732
112
517
584
240
18623
4509
405
550
107245
64
164
44241
983
16266
259
810
207
85188
58951
117
475
650
11491
2069
797
323
826
14769
834
2634
64
504
92
519
105
108
128
160
224
15421
28837
456
7070
1421
2740
3203
385
18446
129
292
71
253
176
249
2327
166
158
1447
68
169
132
103
20038
42
132
184
42
17142
268
748
32
64
510
516
103
16175
11127
1238
42
41584
5931
112
144
916
109
435
1673
3135
43695
62
57
22755
305
536
329
72
2546
2872
716
160
20356
62
1058459
74
1451
439
2010
11064
234
934
361
2068
3856
201
280
46
123
1316544
267
57196
485134
155
98
185
4496
331
72503
300
600
4635
14076
2618
1485156
18334
1917
524
131709
69
224
42
2570
1688
105
146
46
2772
3466
1056
62
117
1508
443
58
793
654
68
5570
127
167
302
48748
1134
260
632
152
179
462
1508
416
32489455
62
5287
15561
21925
293
397873
79
477
1752
132
7026
74
102
92
2100
91
180
17942
103
338
257
1739
1822
63
64
58
120671
3231
230
716
196
1891
46
4800
394
619
1282
144
185
119
211
259
1147
2875
5636
1895
640
166
82
1277
768
1344868
167
278
699
209
6943
176
659
127
102
72
120
73934
69
900
754
1809
7094
5888
758
45
336
166
522873
2874
87
23586
117
151
7615
1883
101
140
2732
734
21874
25061
1388
153127
146
241
140
477
287790
2222
1709
203
9869922
58843
337
1660
128
140
117
1099
59
204
524
627
1827
171
199
251
1033
441
760
908
276
7879891
452
222
108
100
72
6777
92
176
217
473
1036
274
326
311
1552
527
100
79
581
5445
19147
242
629
69
1485
2569
3446
359
251
5297
1381
5684
56697
1212
775
46
2692
4461
237892
4637
192
128841
221
164626
129
2125
6978
144
43571
3122
2267
712
6966
1194
34019
62076
255
3926
390
427
573
1143
79
96
137
2062
1303
136
92
17161
4498
69
411
209
19657
267
212
18222
11543
474
13855
375
17734
281
107
163067
38194
880
2210
222
272
6644
117
136
171
257
707
310
270
2028
759
437
278
276
19033
123
260
509
55
109
74
22152
5029
120
281122
330
46
74
359
75
422
2136
32157
78
12632
287
4229
526
381
45
1588
619
249
178
449
62
2215
140
299452
69
2080
3621
1386
16598
322
169
98
646
120514
62
19681
36232
8106
2288
257
197
4654
140
45
155
1327
3422
341
627
75
951
91
2775
59
9950
1917
384
1108
58
310
15155
828
928
180
46
185
981269
250
44913
1768
358
1711
69
2206
46
212
115
82
567
1532
346
46964938
145
526
502
5826
818
620
1075
824
205
2036
297
51122
436
1342
998
1941
121
55
64
171
706
120
3451
211
168
229
552
462
1182
1007
432
249
136
343
326
770
266
1739
378
117
304
1694
33195
938
2967
42
688
249
962
928
293
132
375
735
772
1167
82
997
243
91
30822
158
102
405
185
31604
11837
72
1435
828
57
415
115
297
64
2176
953
82
69
167
301
404
3027
2785
343
1765
57
92
2067
3099
105
421
4986
4110
18644
833
421
13202
198
167
498
781
243
123
42
375
792
115
799
267
528
313
1459
368
2588
21016
59
1100
51733
59
705
394
439
221
317
120
309
355
3070
253
1372
569
15865
58
397
597
782
1038
2063
3607
504
91
43441
641
726
218
2963
79
2039
14305
2349
215
139
9396
659
2772
58
345
5131
49730
495
354
396479
207
1018
136
4049
89
865
59113
322
2743
31711
32
197
72933
1008
1765
482
1419
10510
1131
112
420
366671
1670
16666
117
79
4221
1057
140
849
414
55
6450
289
8527
1325
103
85
610
735
54866
1227
1260
1217
150
2008
1243
64
3097
2884
192
13542
358
6518
270
916
3670
79
394
3941
348
599
849
235
117
12694
217
366
304
3235
1369
243
96
404
2266
294
343
43758
9315
3192
823
29907
155
120
120
618
3115
791
1834
262
405
25630
9275
580
319
123
168
540
4691
329
26108
118
192
42
16800
530
128
388
2008
569
280
2384
282
3789
146
8548
68
136
42
375
260
324
2020
17853
365
7515
293
1224
160
129
92
1477447
816
2072
2082
1186
59380
42
178
215
343
307
2877
109
727
200
2044
57052
861
514
649
1037
85
119
303
563
96
192
207
128
222
550
525
635
222
192
149
85
2802
5580
323
215
606
1332
1355
169
3356
3780
304
8147
1603
729
146
231
3031
359
220397
296
32
180
1103
58
490
29079
169
7728
14762
107
175
4083
68383
473
1655
120
