1000
94499 99934 3141
37879 22114 267
51597 69136 1732
44096 84880 2372
33494 59670 291
69381 47277 2231
24931 17474 221
41842 79955 600
85994 93849 2365
72905 93842 4216
39352 53267 606
51615 55694 2576
72395 11264 367
58142 65982 1230
11447 37855 504
97091 80844 3572
13380 96487 643
64864 378 9
27788 51745 636
23257 14553 621
51871 54345 4982
65577 97745 4917
7521 55794 169
9692 93246 68
37320 21249 1091
15285 92080 101
53697 39120 3296
3240 67752 214
68586 49707 2868
44158 53472 4237
27063 54803 2527
85526 14625 1426
97808 20128 361
97696 23756 326
11759 47609 1115
11522 98004 543
86692 99324 1106
76661 18081 157
61682 73914 64
77927 43597 1982
47122 69145 355
74872 26184 1935
9485 57331 59
35423 74165 724
39716 57780 1770
27109 31405 1325
47498 90591 3158
65639 43705 1593
62503 63399 5390
93143 93082 1556
91989 27288 2529
92377 96643 7211
43172 70189 1814
94792 61884 1096
17175 14425 1185
87760 56671 1161
49638 74209 427
33907 85500 810
33149 59166 982
72711 63062 286
97018 46909 1380
74644 93797 4734
23697 66145 1529
82584 63253 37
62377 3838 85
41669 98308 578
28574 34686 1187
17472 31205 546
52959 4510 177
90530 60322 971
18159 79823 94
59864 16659 268
89222 25015 1368
27653 35658 1861
76624 85392 4463
65853 39690 810
51915 69670 2308
91786 43433 5
71210 33947 2519
11304 18451 157
74231 71972 2945
42763 72168 2160
18986 24043 1381
85046 68219 6177
70005 90030 3792
52579 96115 4052
52635 19996 261
90656 58988 5310
23442 38781 556
65902 47829 3834
76166 81225 2865
70723 36113 580
64311 54765 738
40871 33784 1402
20055 46988 1563
21464 70709 1048
82287 29626 1530
52360 28680 1824
3898 69728 349
31611 93636 1853
58727 9853 623
12748 81679 136
25017 24129 1342
27431 28583 298
72296 92978 4334
13679 52890 1301
94751 35337 1127
50680 10603 884
88286 62100 2225
76171 29682 2278
99992 90516 1589
9607 66298 836
59443 48446 3818
19900 64835 1756
70957 77372 6913
61744 7551 464
8020 20811 12
20060 99767 1228
22187 64445 1075
15342 32934 811
394 56950 17
20487 27931 1029
35228 34673 3385
92252 19257 1069
11904 98042 1104
77367 20471 1217
79691 47572 4721
1397 81602 110
6339 85106 422
61255 80921 5334
40067 7136 540
6516 32015 396
80860 22777 288
39123 76362 2638
36432 77136 3088
53939 16968 1350
82967 27082 1723
75798 38710 2652
2396 55968 119
48335 6745 390
51198 38240 1750
73225 88168 5582
9266 65962 850
39074 84014 3685
10941 32725 582
4778 98027 205
49693 78378 1848
10055 6865 395
55935 36870 312
63762 61161 3077
95400 27163 1648
27096 70061 1879
52879 50797 2201
56732 28046 368
14431 278 5
57618 34317 3069
87767 90500 4847
48548 4900 186
18603 94296 765
33294 63645 393
91523 86760 2920
77540 41815 1880
78489 22044 523
73737 96391 6963
60862 51250 1701
68887 43122 1043
92020 48924 1329
29180 51350 38
81362 24447 1339
76153 42528 2092
9925 19796 867
29956 24437 719
15723 57288 687
69573 87147 6609
86713 22942 1113
97754 18575 933
17588 39914 381
74293 49759 1814
38969 9525 21
11610 34000 960
39288 61950 2098
56228 46471 449
3442 11285 156
21696 39841 9
29761 33728 2896
28750 53005 1616
30319 91128 1862
69509 75631 1117
95067 48779 187
14349 47966 337
11545 1434 100
86629 132 9
55248 51514 3053
43133 57059 1604
56733 89045 272
63227 12364 464
22029 99113 1765
81144 13575 1302
67332 48613 2751
62306 89520 1535
96923 4017 230
32058 60022 1791
35643 28772 2663
90485 57341 2714
87110 57646 3725
52061 69339 4177
86285 49902 3339
26159 45149 899
70104 25307 1107
39229 36577 1243
39715 41117 1765
73323 35995 499
957 29427 47
44020 37650 3616
68714 76813 1515
91044 49282 90
33312 40432 1736
71901 74042 6833
68268 26616 502
62101 27038 922
35564 56559 1883
97332 1828 63
41716 54425 1907
51161 281 24
6667 23370 249
53876 71643 1820
59981 43660 2062
16395 7134 48
64553 17404 487
6871 82633 286
86626 77227 6679
82757 53240 3253
45136 37663 3021
75192 43034 2318
11935 19538 619
68836 66706 5080
72429 83408 4224
15571 52088 623
39630 90427 2579
39554 59992 1841
41737 64937 852
64034 72784 3141
89594 54818 926
70777 94484 69
59056 70756 5486
13985 56779 1095
94446 65729 4100
56390 49361 4606
94572 58462 2453
21226 10676 914
76213 81044 570
61378 60954 2608
92201 88944 8757
15736 70584 949
315 31893 10
52010 3770 159
49714 15447 1055
72711 12896 146
93738 14463 481
75191 44221 4361
39346 34668 844
43666 25368 1008
92685 5070 475
48869 86061 3134
6387 51115 620
7283 53770 252
86735 26621 2343
21552 2229 180
78625 42448 48
41253 94563 1153
5820 32646 10
54417 67040 3359
2119 54100 41
48772 22284 523
46845 46340 2513
41572 65529 2692
3375 63763 50
73066 67376 5002
39743 60403 3811
21700 44940 196
36229 88776 3618
43667 13883 542
18572 76941 1151
22604 62947 1987
87860 24494 1319
8441 64185 62
3216 48142 218
95767 72841 6897
54759 50240 3311
86456 80786 3548
16500 73936 1273
57824 59913 5335
76744 26489 1526
46858 4468 68
85701 398 30
37826 38990 3339
42883 43764 2315
53066 4424 306
71405 36964 946
14360 50596 518
674 45228 41
39540 46458 2703
55 50733 3
83773 60821 5428
77618 31324 796
58179 724 27
83566 93379 690
85836 92876 7765
9500 66239 64
79633 25090 289
51326 3585 209
34112 62804 871
97067 87535 7165
2649 76431 198
91920 60067 4683
63987 14488 1045
85228 49033 107
53527 41830 3548
92497 21347 2032
65730 50212 3092
81864 92935 3880
81829 78609 620
85163 99357 3186
23463 45218 707
95339 14019 124
80287 44061 296
11338 82731 847
86364 82429 2922
49439 85082 3266
97919 75634 4756
45335 18633 1096
43806 64224 238
26129 31046 76
257 63006 4
86719 89681 2727
59174 38487 1712
48426 11745 912
24255 3434 192
17132 60735 1350
56241 85611 4512
21013 11943 75
31092 27074 1425
51625 54509 4363
91064 91529 8400
40191 69908 932
75420 63504 2882
43425 26294 999
17079 90363 141
75697 75681 6912
92114 65697 652
20736 26262 653
99466 4140 45
10902 16938 555
99504 55870 51
48528 68423 2324
39370 10280 373
55163 62507 3009
9617 70706 443
85691 85253 669
45523 22457 1043
63785 17405 797
22641 19338 971
93135 63563 452
7008 32297 652
66380 23740 2271
36362 3439 147
86996 96082 8223
45900 58214 4041
58702 20899 553
28600 72813 2226
5846 82584 206
66322 72344 6081
49212 29421 2160
28981 74254 793
81313 74453 1017
77645 20715 1768
49279 42997 976
81597 20894 1995
29951 28646 2575
65688 95307 2232
93058 52342 113
5738 50088 118
58843 68550 1930
74702 62338 132
89330 44715 545
8951 21047 1
8929 76911 59
7530 50779 688
70136 94479 33
4704 85237 387
61050 24572 1875
52039 14017 602
95008 90013 6670
73856 30382 2303
9715 34793 735
69216 31712 2931
56788 1455 52
98033 53197 703
90678 94705 6934
37904 59393 3487
9376 77090 18
67918 46012 891
46318 36205 868
61745 59153 5388
86095 67472 5906
64691 81864 1568
95719 48891 1314
96544 42458 2423
51596 9811 638
22106 73305 1391
50442 43603 4112
83127 61000 2449
46497 74856 2297
35103 96861 2713
20612 29715 1504
29008 46020 2445
62106 61801 2670
31356 89149 1802
13855 68467 935
45160 78107 1376
55010 57840 4151
84236 52069 36
57830 31344 1249
88280 19159 1892
35907 18106 1669
13708 73984 67
18404 80325 18
98620 65155 411
585 63392 26
53396 60184 2392
87525 20076 1047
23728 33098 287
35967 83294 2121
10337 95513 517
11155 53920 464
8653 50936 723
48528 12816 807
57741 45646 909
57849 67581 834
22415 20535 579
54566 39407 1196
60724 51873 4806
90818 95358 8140
91474 13746 713
34765 66551 1892
56465 3967 350
81657 42780 2502
32815 61268 1031
7759 32451 193
72893 39664 2286
28874 8789 235
28706 49256 2172
4313 96238 271
11286 80354 1082
6207 61313 393
38054 73818 2051
26260 89235 1504
16916 31710 1185
79363 67486 6146
75862 69363 435
1676 78637 114
56596 69328 3925
25505 80068 1035
4333 78080 161
30283 82487 1541
32689 73667 2586
43045 24720 70
72646 61963 1329
97821 33772 2961
10821 79937 536
57400 37469 1738
63132 1184 15
39437 86343 2670
65420 49750 2297
70855 88357 5699
3402 92520 218
28230 46979 2471
78208 22317 420
57084 52099 2736
45194 32432 2648
32498 63739 3058
68156 34033 2917
64962 98291 3503
58329 76354 3096
15933 55497 1419
30780 30892 33
81733 59407 1489
91089 99273 5780
89393 54410 2372
57754 85994 1514
82254 28659 2661
89485 31089 2684
88635 11544 20
95026 4053 49
16714 38137 1604
32839 87235 390
93380 90509 2278
65342 41210 2879
68419 1757 48
1276 85132 41
1336 19110 15
81402 83618 8043
41060 41529 794
26085 67766 1446
38945 38972 3429
81376 49528 2794
25689 25321 1585
7327 60268 82
61483 40364 802
96171 89641 3226
44108 95815 3282
93507 25914 2585
10529 56591 621
43543 35070 3289
45383 34158 2464
23758 73 4
40878 1282 52
33311 75459 1109
12215 30874 644
76761 80070 2747
32444 61566 2796
56509 17634 950
32391 77382 2428
15040 25851 971
21527 34623 1446
80140 82599 7274
48864 15564 1128
90846 9267 388
48618 70976 2325
75528 40253 3979
32207 7015 357
85551 71290 1
19135 57405 1546
54923 46415 4520
5118 86675 444
20972 58297 1131
48066 6511 269
40753 91687 3839
89944 48138 4378
57297 53853 314
59262 94674 173
26324 64977 1596
98312 65384 587
7513 93552 427
69534 25377 588
94864 17656 192
6170 97895 66
74591 81661 4478
35340 23671 949
21983 10567 1014
27799 50850 1893
23742 49904 451
47156 18543 904
8157 90792 189
93676 80533 3299
47377 92146 1064
20640 92356 1695
20260 55847 1874
28899 10235 370
13747 90448 31
47005 36913 2115
41935 17326 887
52712 90702 2710
30398 49908 1683
87028 96560 3345
48698 32649 2838
87204 72649 1901
93103 97801 863
64368 18334 859
10367 65155 375
32548 78024 176
14528 83227 441
29406 19029 1618
67962 29095 2779
22098 85413 1660
332 36307 25
86791 38223 901
46821 6719 260
43897 74172 3762
27405 19198 738
10135 24201 177
1724 55927 12
81700 30599 2958
8320 5510 120
90648 38045 592
33945 38074 1724
60159 28354 811
83198 54647 375
36150 81029 2676
15832 96435 1332
98739 6791 491
16772 40378 548
8828 24990 774
40883 91980 1072
41965 90386 170
89707 39644 1910
59925 47905 3601
58566 74769 2946
3255 15933 189
72720 73191 6705
20619 16394 1442
73163 79116 3712
6749 90499 36
71884 56646 4148
62506 28661 753
58685 25674 548
61960 33280 1781
95323 74628 502
95997 46203 4233
1176 79252 92
28069 2671 139
37081 14380 859
14511 80024 38
38934 79541 3151
69598 6953 615
6079 99082 507
72106 36872 2346
42995 71578 657
44894 66124 3176
13577 74248 741
39258 28708 1930
89417 20332 686
12368 48017 378
84978 82001 7910
61353 8680 819
916 45783 58
42016 20371 303
60661 48 3
14148 63247 447
1870 93125 96
69784 17421 1105
27213 26193 754
7572 1620 51
92115 11650 215
79011 12059 1100
87189 61821 1690
24228 30578 2225
51101 58585 3866
62124 95672 3846
73992 31041 2950
92129 92036 3978
17128 79637 1404
62718 51646 2804
25985 34663 376
13684 38309 737
80398 54912 3380
70213 48968 1687
87355 57979 1041
73832 53231 2466
8714 50406 387
32490 23794 1901
4593 64422 327
36970 84671 136
58360 8210 154
90202 80983 5756
64925 94293 6357
92739 13455 1045
6674 44750 558
33056 88593 3
39868 73490 3705
52959 29338 944
87764 24487 2338
47717 15643 576
47240 84232 2107
99817 11674 427
7000 25477 279
24374 70289 1208
82107 8770 450
39659 5452 501
33402 53462 2806
10940 70541 237
84402 93868 6931
63665 87913 2669
76244 8931 383
63876 46634 4252
17670 50319 1026
7334 76270 282
31266 27800 1421
70168 50597 573
89844 82232 599
4212 4692 138
45470 36864 3547
98404 17366 1248
18325 71761 634
29383 56760 972
29699 33573 2044
58609 56218 5071
19749 23462 900
68906 30803 1772
50861 93363 3327
15180 74860 701
58880 85984 1668
63784 28641 353
79255 50421 2118
25151 32261 2325
10399 41292 222
33707 63901 472
30010 58069 1397
23669 98499 295
17566 16916 568
14047 99171 1221
84948 38848 3752
66810 703 56
40792 29731 2543
12846 51148 618
7998 27518 166
86711 86420 925
63881 76645 2996
42565 72468 3818
91251 87165 3087
51993 34558 1448
25610 73635 1493
53933 78518 4650
60174 82694 4315
88586 2935 103
13207 80042 819
43793 45069 1096
92268 58533 2500
57334 94522 2573
85291 68388 2448
82686 93652 7500
97893 66693 4839
20038 90019 1382
50625 53884 3081
33501 69350 1202
15318 95152 689
53831 99661 3540
49204 96189 3352
86906 93662 8630
9114 81554 57
44130 90866 2200
62142 68691 3008
60511 7383 736
97675 63542 1088
15108 46093 1049
79548 21000 1975
97529 53035 702
96868 62695 5043
86296 74234 6723
50472 9319 241
39729 94263 1550
32001 81775 2078
63495 15444 1175
36637 60827 328
3570 54997 303
53820 67738 4295
80574 56116 4711
91829 6671 504
32457 67903 1616
75569 43122 2535
84327 63640 228
52173 66607 366
79039 42578 2902
27194 9700 408
1549 70872 52
31934 85700 1249
13088 52648 305
81363 77337 3736
7963 65873 400
22757 58971 555
32790 78779 2448
31830 92220 2926
16092 21534 1436
15547 33695 262
32941 78184 2266
19007 22458 721
65020 15097 1316
91645 24729 2166
82928 51816 3136
97352 20636 1736
93125 7902 423
68164 48534 4248
14858 20215 531
11468 70734 98
42434 37447 3420
50157 75359 4409
52837 76081 3444
43879 38746 723
24158 50287 1419
6513 93025 541
50157 39471 2727
3763 18028 186
30277 50834 2582
6348 60103 47
17965 50157 1282
31436 9967 843
38336 6314 362
8217 39930 683
64591 63750 615
58893 89294 5104
43772 7219 207
23059 52199 2025
14207 8949 711
88047 85843 8022
33667 82439 2921
62390 58519 4795
89768 65462 2698
31887 26506 633
36097 90146 1898
92347 63415 4031
60084 7586 296
77192 22494 1826
30751 17758 585
92478 57330 5094
28400 74549 2397
30516 88730 2701
79818 26039 1310
77530 85393 4627
68325 51786 1932
57455 62984 4737
53004 89447 1732
20233 90561 1389
29406 62523 624
4627 29076 141
48240 27305 2215
17640 25196 354
99559 48709 2281
28059 28808 2596
56737 17561 1448
31185 43581 2431
98188 83554 6299
39107 87632 2914
74762 4465 79
19135 2175 156
4437 66573 116
75654 48663 3559
67127 64237 1277
29453 67805 574
32656 20289 802
95485 2536 40
8562 91528 204
27413 51331 1320
98054 7032 246
93862 65485 3439
73350 48699 2333
52724 94843 447
99491 57391 969
3545 6066 147
98559 27844 1212
3299 35056 77
18097 74847 1529
39540 81058 3478
93510 36507 350
84031 41645 1659
82780 88549 6551
29007 86280 72
59432 17245 815
77154 43581 1696
9263 97498 893
87399 97774 892
38351 95237 3340
37638 44044 2985
83285 71931 862
2167 22912 187
44486 35693 313
99815 62148 4184
76984 71265 4010
70169 43432 1440
18392 53648 1302
97953 112 3
17892 94376 1234
25800 61395 1958
92849 67274 3805
22413 85211 1105
69412 10156 877
46144 43082 3787
14906 25494 812
46983 55985 1351
37219 9382 770
74140 2168 108
16448 51246 416
9098 80027 614
56235 29010 37
59669 99178 4744
57005 63309 1906
18194 59750 1519
79368 42475 2817
34089 937 33
58893 15663 140
94072 63932 1318
8452 60844 792
19536 94209 640
60905 31214 1436
47896 84649 419
58379 26096 225
98247 20636 755
12974 21766 1111
61069 33814 840
34856 22578 749
96745 80006 2174
71142 18865 1679
26098 91280 2577
30822 98253 2786
73008 24778 171
17116 24362 484
70978 29409 2411
90192 84380 7415
50104 98195 2785
51420 67949 2917
29144 20212 1686
52944 14234 676
75227 2571 6
11663 14421 1113
42798 39060 2463
97041 82498 2697
89076 79550 513
73762 43996 3908
5217 63021 96
37376 27535 843
81855 98647 5095
33247 59261 414
1675 8904 47
84646 48699 4819
64150 20288 460
7665 12340 480
80231 68850 5454
73583 3875 208
5429 27909 251
20003 6299 387
64911 66069 2445
23942 67681 241
38262 5169 21
10817 74286 838
76128 88861 4293
34997 9167 771
13493 3599 10
88789 77095 545
82227 31795 1932
84200 33610 837
13196 72649 821
79338 97026 6843
55429 7876 293
79082 17739 846
81047 61323 5769
98475 84761 7594
70447 53434 4407
63941 2607 204
34672 5792 372
71523 18343 1679
32238 71040 1912
62053 31343 1463
7058 37170 232
26206 72232 1551
38811 82369 2932
35893 31560 30
15353 33901 807
23526 23991 1808
25714 36937 2249
76031 17427 72
7904 64668 687
79974 51470 3623
21423 85762 516
54192 10508 211
49441 82313 3776
59977 84232 4228
52011 99350 2776
43377 5678 480
46007 59872 2627
65786 2785 26
30914 44307 621
49773 84277 3426
43262 54124 1029
68293 90643 5064
38863 25953 2250
53265 71706 1984
95536 45720 4467
340 55802 31
97453 41964 3004
64710 77049 5225
52745 54350 280
46034 54576 1487
76183 78240 2559
38903 65229 2871
26915 81818 144
88714 76337 4611
34152 7783 261
69105 16305 1616
65465 7623 157
70695 19319 258
60219 72140 4391
77309 13824 1026
67431 59871 1362
27349 67197 177
27691 46331 351
14535 2100 130
63336 76686 1901
47166 81887 1175
27091 87581 2194
68185 13290 872
64726 29663 1409
50285 73080 2785
8462 64767 704
24192 52892 118
76204 52637 1508
94669 27553 1945
85495 21611 277
72549 14213 355
8454 1554 102
75434 97112 6911
80680 37900 1572
