308
5026
445
294
10401
276
3513
4182
471
144
2166
140
3357
871
871
222
1747
184442
1589
373
32
109
8340
112558
296
77153
74
2885
161
45
102
341
8198
11583
231
2212
2415
30302
394210
375
10339
266
86865
2295
292
169
192
468
42
1086
193
58
384
1996
63
1512
8194
2144
888
19333
1090
115
338
1431743
19649
5901
261
816
4474
2367
88684
7326
629
112
119
1715
259
74004721
179
3578
200
287
91
57
163
132
7588
85
1243
87
241
3439
2278
261
180
717
530
192
1383
449
811
31453
102
2771
132
219
1326
368
430
224
1181
527
69
216
42
1237
568983
723
618
345
48262
212
32
860
518
547
69
5491
1813
68
569
712
11651
185
132
250
381
185
5740
1238
249
71
452
107
525
6741
466
181
8684
128
486
269
180
5390
96633
89
102
3985
1647
6128
307
414
3314
55
375
1147
1130
451710
569
323
117
510
983
55
841
1143
2290
441
449183
220
230
4651
826
4719620
42
257
397
1386
59840
3113
957
84813
101
359
28276
1974
375
358
167
929
4456
268
55
300
151
75
163
644
709
307
172
4845
7686
45
767
245621
167
32
3552
957
235
27706
228
15164
1290
445
249
24101
2476
4082
46
173
63
262
265
58
119
1061
261
287
1535
169
2405
534352
45
339
155
45
384
128
6140
172
32
656
61397
4562
358
24357
3300
79
644
484
1185
185
481
3421
227
849
643224
1396
1052386
117
40508
1857
102
156
51104
64
64
11737
120
1053
571
185
634
80066
1878
55
80
179
389
42
449
26199
23904
42
102
1470
1340
1405
10795
93
188052
68
1872
34368
5513
42
86502
12212
2555
1261
58
3184
103
461
158022
68
251
132
171
5275
300
956
49280
17816
763
270
175
121
355
19915
49376
615249
324
315
357
1266
287
91
19439
137
46
32
1430
207
492
42830
32
5569
468
121597
246
935128
244
1531
127
1942
5022
432
909
167
11635
278
154
3408
42
62
2002
198
6619
42
129
1655
1923
271
764
219
42
495
166909
11777
375
94594
6137
90185248
113350
428
2327269
1598
216
1078
64
216
343
117
18028
4694
58
79
1271732
1585
838
42
62
797
1225
331
680
417
45
318
280
220
109
89
172
442
588
795
58
1421263
521
256
102
124528
2456165
15471
32768
197
893
3733
310
2107
1543
459
492
1176
1977
448
579
45
42
1433
294
1112
257
849
3618
248
2373
129
3254
433
1388
294
550
169
45
9183
6019
93
968
7561
530
165
94150
880
198
1741
300
198057
224
228
69
3898
100
5217
128
87
96
128
212
169
241
266316
833
95
359
868
156
198
1455091
95013
117
9316
490
132
30880
39858
67189
32
830
413
42
226
80
37691
1569
269
192
193
823
55
96
65984
11446
981
431
269
117
564
209
175
146
42
310
3215
250
82
971
2162908469
236
45
1353
471
2456
117
96
10096
78350
316
7601
2275
2570
24997
81668
101
378
102
169
2683
524
12212
237
1739
361
154
1076
727290
144
458
287
230
241
85
614
3937
835
2677
39416
3417
89
120
375
12126
1924
2611
100
394
3747
401003
140
1294
4755
148
1203
13163
196
474
1633
1080
191
1554
61138
449
78
190
815
32
62
139
276063
91
1514
2381
281
10388
107
6386
2314
352
444150
146
770
1353
211
3012
118
1013
118
2090
2211
32
433
7313
4300
199114
2431
11593
523
395
2559
13276
415
734
55
71
160
128
172
375
145
2437
471
155
486
1899
249
1609
87
1680
80417
11501
72
59
613
532
160913523
92
783
203
1146
383
3679
1230
598
2084
465
100
7712
58
301
2717
64
442
4127
148
4202
6774
355
45
598
1712
791
79
42
205
320
192
1245
729
6915
373
55
4584
4339
405
14343
278
540
107
8868
74
899
4154
2656
195
89
270
342
442
74
109
14512
884
529
350
337
346
46
115
515
96
729
1717
192
185
32
131033
393
149
481
2150
323
219
4619
103
46
4455
739
298
399
8817
1255
69
85
1473
399
226
39067
9586
179
785
24404
869
3880
140
1868
2165
216
166
62
3585
240
300
313
260
180
360
2348
74
414
47372
45
85
136
1090
288
1235
98
1072
100
99615
285
227
1041
389
3373
85
4070
141
103
32
160
58
318
752
458
136
2956
270
683
89
185
191
608
101
359
58
669
515
2215
3773
115
1418
432
42
250
87
71
196
31428
970
12967
123
829
2900
426
91026
10846
352
6593
212
270
10988
2628
438
950
11149
303
128
13678
587
58
243872
803
509
652
3632
160
63
2760
832
5925
146
119
612
305
747760
610
209
167
841
527
46
253
514
315
8433
2491
1085
537590
108
340
241
192
17485
24726
1399
443
2430
411
10111
14202
1948
100
1274
572
583
260
190
212
31066
707
177
46
288
161
85
879
3209857
45
95
375
9093
89
20816
561
117
5063
3709
79
3187
168
63
3835
1316
428
230
13928
254311
613
126
282
255935
7862
336
1953
790
62
2830
1040
59
46
69
2298
803
231
292
411
2668
376
179
428851
390
58
74
137826
632
132
3689
7003
123
112
294
602
144
162256
1418
151
799
91
85
368
102
11172
216
63
11507
385
278
129
53788
117
2090
231
11537
10762
78
576
743
28388
4409
1019
477
1207
250
659
453
192
639
43181
697
363
12793
4497
698
59
582
