207
375
887
2084
197
18275
384
19893
2755
956
152
8887
62
846
240
1021
778
27576
32545
1054
13906
516
57
207794
89
48358
1815
978
64
156
251
710
8267
2464
654
6670
155
2129
140
168
259
282
3113
15522
1366
1608
834
1669
229
233
1995
156
399
6745
266205
132
46
151
118
326
96
175
363
155
1771
9900
69
626
775717
663727
63
250
5232
2278
3741
235
766
852
4499
899
1367
1020
211
192
777
13609
1254
128
88915
109966
87
154580
262
297
655
345
761
64
169
62
73371
62
123
45
392
581
100180
136
1328
938
74
774
69
1122
2655
178
58
1570
429
1681
7086
224
55
2676
474
236
316
1349
1457
68
46
92
100
85
17847
100
32
4655
8216
318
123
8551
391
484
308
115
139
229
665
3144
12398
322
34320
673595
4742
1655
7254
2253
2883
42
1431
443
6290
126
441
276
32
442
57
277
1047
23785
115
20620
17795
42
4764
144286
201
46
185
129
352
5554
494
2536
641
231
550
183
1216
365
30824
7624170
102
69
3111
10377
22636
1321
287
8101
235
5995
435
1238
1032
122931
241
399
699
78
107
44162
261
37433
6897
42
59
98
163
265
315
373
3007
185
25528
2520
161
135623
1136
63
261
388
37494
381
26724
2321
377
10485
5305
128
323
107
263662
63
573
32
58
132
300
581
57
71
1312
154
1774
255
151
58
120
1619
216
115
266
39741
1548
12073
1548
91
3861
132
155
4606
89
357
218
276
1395
904
2032
1227
50619
217
62
8175
436
59
414
2705
158
92
1202
68189
141
459
1701
55
366707
218
166
179
1703
1627797
3364
519
85
212
1078
96
140
139
1502
100
4735
4508
32015
21836
46185
515
58
5857
132
471
957
165
373
1521
4280
287
821
185
405
838
368
158
57
208
34823
802
10499
4792
8395
246
96
368
22911
1226
54173
136
127
431
693
68
526
336
2105
68
753
610
128
1823
4132
24518
348
74
360
2596
608
11063
1186
325
46
46
89
392
3770
419
471
504
468
376
33835
6376
604
316
881
3323
154
82
242
755
16399
357
142
5199
132
63
1238
247299
204
46
2564
80
95
833
75
5192
4781
287
427
1038
1210
1760
404
55
504
653
490
64
42
46
55
823
57
46
2255
570
142673
141
567
192
2567
7967
18351
338
93
54839
696
1109
23878
3129
1718
23432
298
551
1404
906
180
4322
28845
4883
524
438
13170
57
4386
132
224
447
815
404033
6532
226
26532
133
3085
1526
96
266
549
96
16582
314715
270
2540
1979
305
305
259
7091
282
91
5034
95
445
343
628
316
646
69
57
103
19459
4593
87178
140
834
210
395
30685
95
120
64
133
2116
1941
824
55
266
717
3298
288
241
368
200
2273
420
442
200
307
4008
217
7556
748
888
3524
1526
96
7900
108
40295
1481
530
1877
78
173
696
278
803
406
393
3039
2626
129
465
640
120
210
360
177
803
2702
21646
524
115
602
11040
1059
679
51430
158429
141
79
16239
216
64
126
115
473
33108
117
315
200
680
126
108
1446
58
231
843
57
140
751
193
6522
87
224
1830239
203
3446
313
343
10202
45
3035
2073053
75
117
345
317757
280
4772
648
64
990
4761
14108
102
414
135353
16400
212
212
220
103
214
726161
224507
1048
532
1297
544
568967
990
299
1123
1475
45
244
91
322
62
133
1268
123
783
2339542
89
608
59
129
74
427
58
120
873
555
166
241
5132
44146
6058
62
405
2875
1027
385
1809
355
129
1186
85
147
354
201
3042
1023
8598
117
230
59
241
4680
930
145
109
2670
3409
1305
33752
674
204
6084
6530
468
2745
1492
101
166
203
46
486
310
172
37048
4756
62
3282
25374
78
1899
118
7289
355
71
209
3724
4785
2850
199
15623
1615
132
5164
64
469
299
64
281
62
261
56867
166
166
432
930
3278
91
57
886
1649
476
192
224
36298
1337
1070
376764
16078
795
25844
82
18755
1046
72
742
906
501
491476
89592
501
1016
63
1182
1221
84681
59
260
26555
102
72
121
646
3056
167
618
352
814
282090
174
392
4170
345
763
227
198
14628
359
36419
208
150
293
64
112
117
2630
104104
669
2705
698
1157
1309
520
46
109
303
261
3107
105
200
101
169
311
701
4721
147
22057
109
572
2930
386
2748
136
77207
67903
115
161
118
1331
49572
22302
13024
644
160
257
246
11485
319
103
64
7157
809995
6422
21113
79671
449
516
96
68
2369
727
71
241
1178
79
42
989
659
1116
215
174
318
2445
1048
1455
60112
151
257
129
1308084
8198
291
74
668
24771
62
132
1417
163
38715
102
1068
32690
1216
64363
331
1108
204
1500
578
391
87
46
1689715
9862
1024
4400
42
74
6760
1006
93
38124
956
82
96
115
176
1499
91
503
625
948
1447
1116
4620059
118
91
55
75
435
63
324
1352
969
55
45
1497
103
6383
27922
79
132
36590
332
1628
2143
299719736
841
804
826
679
926
58
689
5108
583
940
14938
2740
9998
937
485
510
3620
650
8725
1151
579
4668
416
411
147
222491
2036
3616
343
336
327927
693
161
3128
136
2077
4066
360
1134
1254
199
735
7896
20425
1990
1416
723
7365
4358
57
465
540
80
145
4838
1827933
327
652
168
3583
12315
1210
10704
1155
4945
112
140
6809
326
317
779
