58
45305
89
152
359
584
2093251
319
368
746
602
74
781
89
69
63
459
192
573
672
1468
133
4508
68
1043
62
751
19823
160
117
3967
310
603
404
900
224
1192
4234
105
1220
1089
615
270
1544
9716
727
150
617
593
87
18117
101
234
4144
2237
460
234
893
7055
558
1299
503
96
2968628
336
1569
1630
352
1754
199
1543
315
2228
98944178
3544
123
4390
142
14910
7626
246
600
89
821
2723
121
2541
96
59
120
574178
34872
158
347
3884
2078
1798
164302
85
542
3612
57
1934
1163
3935
191
58
1989
10221
484
109
14172
71
805
89
1985270
244
773
399
12027
1493
58920
175
275
655
91
1153
118
598
5265
3419
808
115
1792
1823
136
68
11800
2281
5206
2885
1127
614
46
11465
45
18559
2546
614
272
364
117
343
608
55
718
1788
64
108
115
42
354
100
2959
810
142
2445
151
1059
588
16194
12409
635
504
525
201
1260
617
46
75
975
3566
503
330
5157
69105
21063
115
148
1807499
14936
20524
75
64
2143
248
44302
1303
2530
57
400
41162
217
32
7045
46
199
132
470
117
8887
14315
2302
265
2027
1913
576
101
79
10098
1186
233
42
4500
381
128
192
1187454
35841
34003
16719
195
466597
577
79
80
509
141
137
1038
58
11758
1023
32
42
400
619
14206
23967
1216
284718
69
261
144
806
141
96
6393
169
10176
31263
115
129
2513
1261
201
6100
1170
1895
226
846
132
274
169
573
71132
151
345
291
343
12676
316
1987
126
572
961
17515
46
1878
1265
489
1094
92
404
1242
921
118091
453
171
1473
1135
2630
160
537
637
101
69
118
596286
132
259
27065
20660
39645
365
174
311
3875
412
395
935908
158
145
178
62
2237
144
249
305
2057
292
5842439
123
615
8423
136
218
310
2175
85
75
62
200
849
4573
2682
20364
395
1148
826
307
509
59946
107
68
201
87
773
2781
98
323
439679067
460716
9563
60586
42
6759
1512
122467
1220
330
926
2010
12232
133
192
204
15473
120
152
1957
146
46
266248
63144
62
16299
2919
343
154
87
68
119
329
112
2952
5841
117971
644
62
919
118
294
1273
1025
1068
133250
38482
296
746
69
12187
129
92
112
259
6518
180
683
2399
59
4377
23293
2612
8392
416
180
129
19684
457
148
62
394
24124
7945
639
211
2942
1311
64
140
278
7588
849
46
216
3685
323
363
821485
222386
23502
3705
25041
26832
214
1350
115
132
405
473
2125
4668
586
696
160
437
251
14974
3644
5087
963
132127
418
1372
2264
332
136
330
503
171
89
276
169
42
197
6305
161
288
266498
103
246
11250
405
242
85214
27273
2732
2147
98
2523
152
269
550
528
95
8306
1379651
364
1265
140
536
811
430
48213
409
1151
160
693
961
1312
167304117719
79
738
128
667
391
472
293
224
151
8669
2245
394
3970
226
150
614
163
266
1024
341
326
1328
1128
6570
1241
4415
536
6521
1081
100
516641
2356
448
10181
92
1622
31997
45
57
79
970
2738
7403
497
6701
118999
702
72534
4954
1248
160
22043
375
42
754
169
96
461493
5383
1757
3576
584
21400
3312
80
91
4354
637
244097
1055
144
677
442
1637
169
16399
1971
1247
7282
1670
92
211
240
768
55
1309
115
57
91965
198
32211
13243
101
1237
987
769
267
365
198
897
5557
311687
273
540000
31161
69
96
501
731
175
363
140
342
365
3245
4567
17887
96
1495
1085
55
236
112
69
192
384
5953
192
1649
57
3822
318
184
1541
163
128
2436
315
107
435
3061
816
1965
1236
1655
99736
120
105
207
288
296
999
397
959
5863
1366
158217
57
775
123
59
224
1173
5493
64
1971
1159
310
427
267
171
11170
123
99385
332
42310
9066
398521
530
1032
4174
142
72390
112
46
75
399
3473
5140
416
50299
4049
789
117
1072
20679
2083
183
1022006
280
141
164
108
341
477330
428
4050
863
244
546
1065
418
120
101
226
556
565
400
196
242
168
12497
32
102
4228
246
250
2334
8609
2222
69
155
46723
743
71
1865
843
236
227
91
962
176
10010
128
1520
42
222
779
2889
140
74661
13772
11058
128
1130
109625
444
3657
405
541
1039
394
69
3523
723
3386
17046
497
75
594
224
117
1858
552
663
229
91
3427
82
806
368
220
437
9535
327
11385
57
5326
378
437
615
147
6389
115
2059
777
9182
212
42486
465
324
345
79
105
23105
969
17786
542
132
5080
12265757
268
199
154
146
1836
192
215
59
1216
78
743
3263
443
298
220866
1046
195
1099
75
158019
9510
196
101
442
1359
9016
4078
10530
341
538
646
276
62
891
391
3771
75
1439360
58
819
268
294
13016
74971
2401
282
6242
139
1243
45
1718
72
58
159236
115
368
144
69
59
64
42
53793
304
13756
754
287
542
64
357
1610
173
1604
59
669
1692
2701
42
241
620
539
540
385
9273
1905
2024
6427
1619
494
78123
200
128
253
109
1492
373
199
326
42
231
900
164
96
404
913
185
61404
107
32
139176
5516
129
204
587
229
117
215
2605
37717
1500
313
45935926
11212
95
87355
3564
331
7646
388126
746
32
102
1352
151
518
42
2036
2807
173
115
33252
575
6681
32
13791
96
121
416
126
158405
1499
830
45
309
100
360
468
299
123
1949
119
9191
59
383
9327
611
644
120
