1000
71957 21725 1741
56111 12586 690
49103 33998 369
1780 65756 119
87851 59496 4345
58088 37344 337
10437 35821 686
70619 44746 348
29439 51460 2836
68095 53811 3843
6942 49943 248
87628 75767 1693
54762 42839 2614
30909 32440 2456
67088 17300 25
76815 12730 167
52002 66728 3727
89095 9671 535
34035 53067 1377
23306 14283 856
24797 2430 203
87685 26936 662
93789 41667 3461
60421 34401 2468
88020 56097 1865
61853 62368 2519
73606 19171 1425
9701 6226 122
8829 94775 799
31479 14071 1309
89028 87505 4099
11699 33205 725
90766 95335 4981
53499 88469 493
3343 94805 95
57237 18082 1423
32384 25305 2427
43565 20271 1121
57854 96182 5405
10418 56080 30
44777 1651 30
17815 318 17
92359 44410 1591
12786 57589 505
12224 86684 1027
54622 78999 1278
89569 99753 4773
50683 57705 4697
48700 10363 963
38219 11219 835
74852 94027 245
39764 26114 1997
85683 3575 300
60610 97287 4042
25926 9764 628
98533 93175 1009
9438 12568 83
72685 98892 6706
25087 71358 2381
10963 81793 1033
81907 39492 2544
56850 8887 735
35654 95326 3210
76071 62292 4858
72969 22307 779
35767 98689 3311
81521 63629 1012
24711 81193 1549
84439 9210 445
97412 52895 1253
31959 31855 1745
17403 61271 670
73908 63410 3835
32416 4810 445
56848 62446 2568
71465 2324 58
39287 23090 539
19889 26327 24
38707 93584 967
63640 56664 5069
3511 71967 65
19423 97759 736
58870 38491 1728
87919 20185 1444
22443 81282 1630
76721 61880 5896
97137 83991 3052
11382 97647 911
1801 29985 162
91822 42360 3734
41274 97322 3268
11058 95568 1078
96874 67971 5083
15773 46200 1297
26024 35485 1298
38860 4340 144
35588 50255 1258
61540 96814 5795
92884 38453 2274
38411 79409 3214
5454 17709 278
82667 96816 2719
51058 58810 373
692 56799 10
43231 51939 3821
13721 46647 72
21627 50163 1186
87920 62612 4025
44623 39641 1185
37621 53081 128
25382 98087 328
13221 72264 831
37619 54196 2623
2597 79308 225
96137 78108 7064
32539 35794 743
11587 82205 746
90897 68265 6644
50684 1978 160
55192 584 7
54486 82618 3612
28736 98470 2811
50261 28200 830
37730 5377 88
45155 43218 2593
13305 79930 85
32652 70988 542
1795 17941 152
44609 9517 942
20194 32475 1260
5143 33199 468
8287 30906 503
40679 13041 459
88676 21122 538
51406 82774 490
74271 20072 1113
98156 25061 1329
98084 71685 5329
62695 25801 1810
98409 47222 1018
63751 92081 1957
29929 21755 811
60954 82671 1634
37860 24794 1415
25328 75226 164
45628 62523 2358
83293 17614 656
65560 21771 880
11836 23145 325
70114 79452 4964
28392 91758 662
1515 16705 16
66243 64932 3254
6979 44469 67
19409 91254 558
4868 10835 3
1820 54611 21
15366 30044 1395
9072 91245 299
13834 83959 434
4030 74204 133
35026 98538 2061
34332 46746 1967
37093 95236 1467
42049 67238 3154
44813 85909 4096
2091 87107 118
35578 70898 3372
78362 36312 1739
79967 34324 2852
58580 68816 4620
88434 51160 2190
60481 38201 311
65775 31230 474
33391 14728 1062
50580 36460 3527
61966 34833 1182
70596 54378 2191
90322 23953 676
16806 35974 1450
14646 25478 370
91492 9359 605
51125 72564 4593
48398 65564 3377
68273 80992 53
11863 45604 941
22511 15862 1293
7798 69925 613
65751 86756 6108
94084 73792 774
10198 50175 737
71170 51514 5050
56221 91931 4964
79058 85082 5589
88449 91541 2089
16283 84623 404
76411 66667 603
65032 61065 2547
82536 12321 1036
8903 61213 626
59881 68220 4935
58188 44548 383
51618 5160 404
32237 95035 1216
39740 52371 680
10470 13922 775
4901 10386 466
22165 76319 1818
98573 91641 564
68125 26971 1594
7752 24389 532
31204 59521 562
16689 58997 511
86775 99460 1282
34019 16330 737
35107 99383 3509
1153 48492 4
83612 24789 193
80845 78054 5851
94521 18041 1049
9842 73767 540
26675 71237 1143
85692 81985 627
18635 66557 482
58109 86028 3733
1155 52235 104
69192 76834 2762
61922 33243 2084
82263 79586 6668
62387 70846 1859
46311 67247 3259
1188 87625 113
83257 74705 3842
10057 37845 724
88529 94801 7850
19161 89087 1246
51160 42334 2460
76621 67368 1713
48476 26157 2401
41606 96980 393
52813 10899 812
2118 96332 104
93567 35019 2372
72692 55485 3450
31021 75668 2317
18459 14937 118
13491 27985 32
4489 30388 2
3377 35657 254
24114 13190 961
48396 7176 252
41005 82414 4086
11374 89050 1040
91316 72811 2335
15748 51861 1530
48710 4002 94
71581 54925 239
34470 40541 3212
85359 66560 1587
90139 68296 4391
61460 72778 4282
62767 34228 1476
66759 11855 32
89299 14039 1303
87113 2007 75
36056 30312 1368
93472 95691 4470
87605 21604 115
28117 48346 2264
79366 97262 4981
54644 91417 490
74409 1193 30
73582 57373 218
16257 15166 780
23640 289 1
59029 62331 1678
27530 83300 915
88368 81872 204
355 65417 32
83296 74577 3737
3106 64664 108
89433 80281 5521
32557 23258 1436
66258 22691 1710
35564 50367 2318
14373 46865 355
97964 60313 2198
4049 27016 250
26783 38368 102
40057 3568 211
41784 74574 3653
54340 63222 589
241 93827 10
3837 23499 144
63911 98880 3449
65202 1317 66
79995 9293 865
23831 61147 31
11025 99254 1040
95523 96235 3201
64147 65383 2573
43824 60629 3893
67981 64086 3299
15613 79583 1212
32144 21656 802
2829 80978 181
15377 13896 784
62695 29721 2639
28392 18149 934
12630 10183 829
74900 94579 4693
55336 35504 630
2100 4439 64
40082 74445 712
94670 60797 1428
69224 72602 2661
41994 50516 2997
82247 96825 1386
84214 62191 4684
429 52559 37
92833 67524 1910
80797 43236 4124
88962 31118 244
19838 41797 632
6544 49740 276
54683 38179 3328
87337 97346 982
24227 57396 2269
63054 38901 3341
5384 94383 442
18435 77649 52
39490 72178 368
6834 8069 676
66634 99741 1833
26119 15364 140
226 43031 10
18611 53476 280
2474 94790 175
46891 83648 262
57610 43097 3284
43496 93336 4275
82637 5568 428
88870 29549 2741
18913 75408 20
44904 80296 645
41211 75137 630
66672 14386 583
94287 79570 6414
79466 93051 6929
474 44066 11
87424 11093 954
68442 32311 2245
37957 78648 1013
84915 50905 4966
92172 44127 811
97450 63189 1688
46320 37223 1607
86507 27164 2364
13420 76373 1168
60004 87076 413
898 6926 60
41129 18916 466
82646 22270 2184
46865 58074 4655
27378 73204 247
94518 12679 395
43746 88515 2233
32151 57615 2154
36951 69729 3164
84248 29467 445
43238 40681 290
13182 47065 69
16584 55483 746
86965 57817 1184
83929 34904 72
17707 96880 1101
55740 36521 2883
47701 69463 4477
64724 6039 194
10567 77035 483
69162 56530 2761
59006 46284 3130
35819 76525 2631
4313 99679 338
65737 17566 790
49081 85391 4751
56216 59424 567
98182 27142 2459
56080 81331 4889
28299 71478 1479
71279 43800 209
28247 12437 149
68726 23320 475
58780 65370 1893
27818 56604 914
95698 23011 734
42675 38004 440
27987 68017 770
87006 65907 2582
89630 79848 1016
67548 93775 6567
56918 78802 38
56322 33859 1779
84707 60539 4311
67593 35791 873
26030 46836 164
64814 2645 207
72998 51442 4094
29137 87547 351
35488 83918 194
53944 24270 367
34128 45220 2589
45355 72987 2386
89748 42967 1438
72984 42549 1475
94888 17673 1193
82287 9396 143
50448 14021 971
13060 64947 94
79731 9528 269
76274 98992 262
51292 65809 682
70836 13549 1026
55354 61639 946
72620 46867 3808
45120 95153 3306
25247 46155 2194
34851 41261 178
51604 34853 1434
70976 53308 2924
18010 45524 1647
95926 89187 8394
83298 9774 214
55078 87913 1514
61183 35311 1244
34424 63869 1899
34923 180 3
28536 1071 2
7523 5730 434
9778 80948 424
9607 65407 246
69852 1733 152
78909 13589 893
99115 70399 5526
34414 26964 2664
2746 62594 217
18021 59823 1666
85448 28596 2103
12213 23196 683
11256 15805 769
10706 52663 461
14290 44939 892
67828 69597 5469
13343 78221 1038
45402 93459 1823
89679 85562 5774
67075 98783 1923
5780 521 1
11252 30795 933
97574 91801 5160
18007 83751 152
62911 92041 5331
63576 59430 5223
91326 65854 2298
43337 17406 658
21063 18370 542
96381 49771 166
5919 29185 442
39854 95466 2015
94898 9932 644
66041 55040 5002
27823 13528 353
15359 65843 234
55529 99358 3545
1316 95181 84
3478 98363 33
89745 83231 6710
19217 9519 148
13236 4697 310
27833 50752 2764
69949 22901 22
36210 11894 1082
27296 17899 1247
76929 24959 1814
67128 42876 3196
58098 21802 2058
60193 66826 157
79252 79726 3624
11131 43772 102
60794 21283 1441
69099 65340 4456
73210 5349 416
26107 58970 1026
47407 18326 728
60535 17513 1348
4376 49754 308
69809 46111 1581
48505 21467 1273
14524 33016 1143
68279 44069 723
85970 3186 298
72702 11849 807
46064 77840 2117
18589 27324 1189
93015 94616 3032
82759 97528 431
2699 35127 7
67154 9495 653
60406 64314 3043
20281 87037 912
51427 24629 403
30747 17421 1426
58149 37854 2647
36284 32624 2679
75856 96241 196
94049 43988 719
60381 7276 200
77047 20360 1329
60584 37650 3011
38827 98819 2061
50323 36777 2492
33456 87325 1908
42403 36926 2502
18782 2738 155
45376 1886 37
10703 17572 636
20535 21725 687
69187 12408 880
2874 40401 160
84059 20533 240
39036 65334 3758
78048 53003 2644
63831 75466 4865
46491 78120 157
55496 54384 3675
92956 59938 2876
37104 4367 152
2518 74834 115
64243 83953 4196
68255 20597 1158
34683 75463 2318
91410 63596 890
58580 10370 919
66831 58779 2400
13167 29049 1116
30583 71659 2189
90529 75176 5261
66259 57834 580
802 60268 8
9516 24007 350
34961 65514 1809
25330 56025 454
89325 59336 2623
26520 2520 24
42140 42225 940
80980 82688 4720
5638 25619 210
32257 97747 735
88152 42786 3074
73375 96694 1319
43524 16309 832
72271 11057 979
34685 79141 1036
16858 50513 1040
6750 5235 72
7849 55303 488
79714 53761 2138
88524 94633 1696
92106 2998 230
65366 43918 2037
32637 10749 521
21981 99924 1001
16193 94468 61
18140 79131 974
93893 9375 862
71891 7369 43
86777 93893 6136
58276 71303 4100
83442 64303 51
62549 50145 1669
44905 98622 4098
68563 78151 1550
48603 28980 407
56619 9936 710
30120 51640 1126
42672 65844 3270
54550 71893 410
66330 6159 543
90669 88921 8013
90276 89924 8605
55290 98936 4467
90795 29813 1603
52559 43721 3695
20980 22349 1466
33919 47397 995
4581 78072 142
68773 77901 135
40808 14248 825
58140 3235 185
64045 98352 929
27142 67758 2093
14023 44426 230
18759 50137 1723
66860 39859 3045
99881 98067 7875
22424 63820 226
86296 28654 2855
18408 16697 1618
70437 14913 255
45985 72196 3432
88869 54312 4119
70537 3801 371
64785 32321 1298
90506 99656 6762
38693 89807 3403
88820 37960 1135
33444 90073 1648
3994 91953 354
17233 78666 186
31826 51232 2111
90613 18960 1498
28311 62325 2264
96573 22623 1818
82729 20438 1881
53051 88814 1726
73802 24395 2079
92418 21111 1014
67649 3905 237
18445 52217 897
77048 86569 140
65015 35223 2623
72191 52665 4556
82850 1304 77
96937 76200 5830
85618 47399 183
48204 34036 2990
12561 28210 13
68196 42814 2907
53131 99373 1054
9998 5034 449
19089 53775 223
49231 54594 3023
86136 46930 1206
40781 16786 1114
20505 92437 218
37458 682 40
50993 31291 2891
26319 72417 1266
82752 38571 2280
87700 58127 4297
79948 53904 5146
82363 33169 1525
23678 28856 119
30524 53415 703
29409 35927 2460
54904 42103 1149
15336 99460 347
8881 92745 196
39558 84313 435
32045 62122 305
12022 73973 1124
55801 41292 3902
83539 64539 6106
58754 62018 476
29055 71954 736
74140 34503 2900
30719 59621 2921
13981 73878 192
99194 91523 676
49217 73937 973
90688 29310 2648
92390 60764 5935
89343 22765 827
50542 57025 2817
11565 62156 276
72066 40939 652
68579 80825 1983
76428 22733 943
62750 50072 3174
97658 80252 6465
39614 10990 641
1760 2830 127
22921 7751 288
40820 50243 3653
53864 46737 4409
94898 68890 2726
48326 37248 1480
88472 40057 3527
92086 46475 1008
84104 31752 1507
75948 61388 3587
22059 76213 1357
54272 41474 2993
45387 87119 2622
37169 29616 1013
30358 51917 1980
11677 44381 430
53376 70310 1122
3724 9716 287
96127 27673 317
96933 20324 1941
9807 82340 66
96821 77311 5408
55918 3887 140
51373 66269 176
92287 59776 1555
86434 66040 1394
32265 56070 1783
4046 239 14
43702 50066 2129
80619 997 30
12471 19351 240
37981 72514 1596
95772 60719 240
5703 32431 282
85887 8758 395
49266 58011 4385
99576 60623 971
3724 62458 10
83048 30429 333
84613 46755 274
81873 48489 1538
45234 71408 1725
55802 66016 4591
99595 11808 400
82894 70772 5577
95855 48631 338
85755 70745 4214
45405 91994 2915
38325 57447 35
13882 7701 421
21139 34716 49
10608 4023 278
87758 77977 1167
41547 77074 3827
32007 65955 54
55869 67646 1864
36576 29697 1195
8217 24693 508
44672 34722 2457
19161 39126 973
35890 92567 1364
80922 27716 861
79076 61779 720
53597 8262 208
35786 16688 507
17222 8359 192
91194 30667 2314
61310 75702 6075
17424 95524 271
71251 74117 2609
906 1633 27
17781 64652 737
74347 15050 444
35865 32453 1387
14394 19213 892
7223 23440 638
47810 52217 4755
68270 82574 6151
13457 36677 975
92477 90727 1533
88123 28777 2331
93994 86886 2140
55063 31297 1614
45117 71162 3315
20126 73999 3
35747 68693 1474
68209 98359 5485
63661 70511 1568
33970 84995 853
337 10146 8
28360 32607 1790
60582 85934 3439
7870 16317 731
94762 31668 2370
52707 28848 2584
2654 32508 54
71561 24882 1084
50790 8849 250
88519 1024 30
73771 33154 403
42617 26234 2565
38107 60738 2100
55869 99430 1791
92870 85190 2957
61974 64653 167
58689 52075 1891
39467 31066 1585
77605 12656 782
53095 59648 4678
25678 40054 204
74328 43475 3852
52062 2822 40
11442 70219 1053
30842 66345 1952
78988 11111 956
30698 56783 2152
44480 21702 1516
28187 78698 2440
27629 43885 1875
46015 83666 1913
15606 20230 1159
42601 47489 695
83906 91165 8058
73684 41142 431
84763 18916 194
31419 65941 3039
5874 98542 538
42975 23331 229
63896 6389 144
15430 81420 233
17893 17750 1073
38041 8479 86
70067 15857 1550
81508 26351 63
76065 781 1
15608 72689 999
37586 24688 987
63466 58787 3114
96141 19945 1785
76051 76129 5759
97181 50823 3803
39311 89327 1209
24080 81249 349
98881 40053 815
14074 57231 209
77067 15164 697
93906 75949 5708
73080 84244 607
83058 88541 6159
52213 93359 105
85305 30660 1496
71121 26053 1275
54058 54474 2143
73955 24337 1715
16140 40764 1065
36194 64048 3303
52010 93036 2644
47372 1287 122
42194 39181 2380
93666 47675 2087
2105 12665 12
23752 34840 856
68275 70285 6095
96840 84077 7496
90781 21386 844
75758 83501 5573
47861 75956 3977
33931 6158 604
9886 46836 458
74324 54443 4792
32736 41400 2497
83650 2307 16
78019 15152 1449
20882 10714 470
81753 61297 3072
75300 96789 2783
33555 35252 743
19006 40353 1355
37033 39733 1428
6888 70474 676
93621 77942 845
13519 21382 662
2198 88124 176
88197 88362 8358
31279 6735 101
97949 10705 305
60551 22844 939
83154 72347 6834
36873 56565 511
33279 83529 1372
7396 9453 111
34950 12612 407
91114 20126 814
7467 67861 241
77715 78917 6477
30520 56684 2891
44985 2339 213
75609 30204 2529
55867 16444 1127
9631 85243 309
84604 67546 5608
8287 90436 38
24899 28745 1801
22418 59479 1681
15579 61785 1524
83477 46485 4514
51411 41089 1737
9384 77095 568
58429 19449 1220
33105 40214 2526
22193 85758 1603
91640 53074 2429
9481 30640 568
60907 55566 2707
80004 8597 73
64665 84576 3269
81894 93141 2768
25433 2243 6
30964 31837 2904
55138 17046 231
92058 86655 5594
59123 54237 3908
72326 20238 264
69547 20798 1964
65549 31428 2429
88495 69027 5840
50147 72607 1037
37417 78940 3353
53894 94301 2749
48901 94492 3307
93650 72005 167
28980 30329 2735
17899 20032 311
53835 96142 4926
49400 8538 386
60675 21339 836
84868 91300 2960
52185 37345 3014
20158 37971 65
50029 20265 1193
72792 90144 6194
5637 27868 330
55594 13703 486
67146 76522 461
21294 94027 849
31591 74054 937
76739 60271 2498
54031 50054 4047
72781 99996 7143
75477 72902 120
35281 43391 1374
29396 27043 30
9051 27082 519
45159 91458 3651
18554 95792 1276
33744 53257 3063
73632 45388 159
17460 2178 45
6949 70457 187
49147 58717 3069
48707 92985 40
2610 57549 64
78969 11568 1011
54218 64392 748
61163 58279 231
29880 92809 2195
7230 55724 215
37717 3152 122
45150 36047 2821
39998 88127 2478
70490 8518 217
99892 64924 585
92676 59047 5833
14747 24532 509
74388 33586 2437
43004 83220 2629
32612 29191 1197
13061 26448 582
26548 93737 2206
99045 98686 1545
30341 35140 1218
96915 19705 714
30559 84322 2509
84135 31873 2971
76302 82582 4044
7101 46168 153
79390 50035 2086
61399 46916 2676
24677 68692 867
25978 31218 750
63544 95892 991
93774 73327 4478
49682 98901 4684
8000 97967 447
30130 37979 2391
13345 73672 591
69148 9168 730
80262 5654 392
20405 92448 1851
69608 4566 307
64169 60828 615
49668 85101 2476
10247 95481 947
8603 23873 306
38529 27984 496
23409 97980 785
10991 76542 706
25359 15950 1542
30988 75683 1631
46115 6474 564
61717 57797 5116
3325 49574 102
84462 16812 316
45490 61342 2290
82335 92230 1022
34426 36368 3098
81457 26115 2568
36852 42238 3421
15636 36951 172
