1000
60781 36842 2730
35517 49880 1032
62648 79046 2192
20248 67311 1769
40508 76090 86
15006 8167 667
27764 605 26
57475 78835 720
72876 55740 5259
73489 78712 5355
47272 56216 1249
24419 50161 167
87551 97764 6500
97642 61644 5160
39801 28681 490
86731 91084 4218
67063 57635 2853
62876 9319 929
86154 65251 4194
98572 1511 147
27000 37038 2554
59833 47563 3794
91036 79002 4690
88442 91974 2167
14661 53014 1022
60661 15549 804
81492 45057 2502
95464 8683 212
26561 99280 1805
16163 14334 1014
33557 22379 81
69898 75641 6951
43630 6286 117
27509 75923 2049
32320 9481 59
42449 19476 891
7505 30946 94
93150 75293 2880
84058 64209 2436
75218 12190 101
30411 82721 1999
23475 73024 2042
10278 19892 899
11582 8187 446
53984 48605 1856
21444 29214 649
54981 44006 3202
92746 73676 7156
88595 76457 6078
16103 73244 506
5724 67321 313
47080 55895 1396
63239 77112 5352
36557 22171 1389
20109 25761 1171
46250 55644 1968
10750 38494 171
19753 44895 808
20924 92048 54
64165 51968 1194
18461 43948 1195
79439 72843 5131
33483 97082 2403
17259 36741 245
15589 79734 1177
74386 53570 1517
61757 96209 4031
6095 41230 391
3066 74352 159
65892 24263 1288
93430 63914 5130
79173 52863 4345
22335 16811 1069
48665 83548 4381
77880 66165 4516
17790 82906 714
58519 28028 1822
74659 2406 174
56870 19527 34
13422 8994 725
75652 64917 898
38966 66694 1962
57124 71027 1872
25001 71355 1389
64299 36424 3058
22053 69312 1694
47252 13708 710
61920 35879 2628
31757 73354 344
44994 35735 2522
78873 76004 911
67400 36105 1566
1038 62093 76
20545 53037 1555
82262 98414 1854
2258 3973 106
35345 36228 3398
75796 65543 179
2383 9086 121
61619 19773 1146
51832 4642 108
12975 76006 285
59495 58375 466
14717 91572 600
93960 83098 251
80932 18542 1187
10623 59867 621
39651 72174 1633
72642 94399 3877
64391 6402 57
54300 96334 3623
93303 42669 1591
84683 96773 5889
26731 36485 1690
61184 83763 5580
38862 78164 2500
75492 81757 2663
66946 1498 60
90191 20284 207
17403 51175 1317
20912 42588 203
81792 51971 2903
82091 38012 650
97551 49960 1544
86100 92243 5665
78711 88164 4776
27063 79976 2136
73182 10202 814
34993 92663 2719
97371 42240 3859
28054 68208 1485
44123 64737 2651
24620 91801 2379
96127 53370 3891
25868 35658 706
42330 66271 731
62310 85102 4630
58421 88917 4058
64987 44935 3071
48876 69687 836
35907 61640 3177
98864 70996 6767
85287 96474 3762
36806 40877 766
61926 23450 760
58405 99833 1693
3282 56055 237
10745 17347 599
75793 58583 2156
53124 2984 101
89951 34289 2710
72314 78812 2865
86953 33426 1676
90499 260 19
52753 18202 134
13371 32028 1152
98255 29342 414
71859 18480 1058
11500 26790 61
26383 87941 1081
4583 73614 156
78375 75471 2155
86162 19719 554
80841 93050 6508
32308 68662 355
87091 57828 2877
45703 35921 3530
37116 47742 998
26521 22087 323
44938 63345 4231
91597 49623 563
84699 96245 281
10809 67734 430
28638 79514 2765
295 21387 25
13017 98978 18
57942 38548 2089
99619 37058 2581
75320 47553 3537
70473 14022 1113
95156 87638 5660
22188 2668 90
53124 33803 251
21151 42694 26
50710 82957 2376
79083 63323 3214
72813 27517 1730
16236 56932 1162
11775 82030 884
9427 9489 101
22263 99657 840
39877 27268 1685
80498 6539 358
3960 92563 229
64003 86563 5919
77051 76264 2379
850 67671 25
10061 73538 873
24631 73150 582
89251 9043 835
99233 61797 4028
50181 20738 42
97843 2828 259
12783 9257 614
22467 41640 724
65457 28982 764
97788 44833 2657
51825 60139 5074
59931 84019 479
70279 40512 1759
46452 25135 1663
69534 28703 617
76300 85882 5283
56920 14597 135
37566 83658 1521
42920 2309 166
82905 97774 4355
33336 48294 3060
66110 997 25
76930 55938 4519
17668 44867 1620
65305 11847 85
63350 91858 600
45791 99928 2450
58962 46541 3065
35727 67371 841
15977 86500 1568
16051 2987 99
40708 17341 30
11308 39797 482
46875 15888 1001
24623 78269 733
85342 95752 5797
56100 72040 972
64814 9510 213
22503 59281 1066
51555 30112 68
33161 45926 3160
37318 92028 714
57551 19722 1140
73589 93239 719
65808 87027 5652
12900 35843 572
24760 72172 1455
75385 46530 1125
60873 5938 26
70989 24046 959
36023 5209 483
5680 53939 542
48681 38854 312
68932 69713 3757
5118 90645 55
74750 45565 3365
89251 3698 128
2154 57791 163
42335 42145 1623
12934 38259 1275
66154 33913 1863
5989 6794 209
28495 17187 1488
8491 30761 135
14608 25245 1025
87157 39270 2347
62016 86075 1621
73712 95600 3131
4168 71682 89
49215 78694 4453
45861 79598 3716
72343 21980 1783
96486 49708 1972
69413 14236 643
27761 79166 2235
63173 14433 277
6109 52603 346
39434 84635 89
83767 35566 690
34747 81264 1041
32479 22613 826
45682 19704 153
63018 92514 4664
84637 16094 1367
74720 98876 1479
32703 50211 599
51262 61660 1181
9806 8412 772
22163 69906 796
3892 27762 308
99620 41248 3846
43920 94207 762
91370 71323 3926
8661 65109 605
46929 19440 1834
32296 42905 2031
95896 85658 5220
55428 20194 1001
81654 26127 1011
8823 92509 54
41490 59826 2152
65700 93738 5388
41544 17280 441
41473 44510 2974
70184 79750 6300
56696 57793 5103
52696 92007 2683
24649 26639 1624
71024 65305 3687
74308 13337 756
82363 74598 5439
21266 55811 217
11003 25837 1053
62283 21222 1951
14115 75872 1259
90590 21485 98
83196 19430 996
84238 83098 4079
65891 77337 4447
53970 1920 7
97415 34503 1858
74642 87625 3102
10702 35155 97
76815 38192 3702
43439 33075 508
10330 70277 508
33911 88785 1599
2297 34158 196
27334 11981 238
45799 42723 984
6481 50647 43
58483 70639 2740
34944 60311 2336
60510 33715 2784
53647 36295 1346
69376 83652 639
86255 76214 741
83361 80555 653
26789 44549 1000
52802 36546 2366
67175 63211 2591
98804 70811 1215
88292 43666 1780
44605 34843 1446
59195 51194 2229
82457 35929 2993
97153 19219 1451
54677 77538 131
80733 18789 246
86579 56374 5315
31949 15659 455
60779 38794 646
89697 19377 282
74470 51269 1267
76285 23515 1154
27363 22118 7
77145 84832 4816
80980 2138 25
40834 92072 1746
63039 44137 3890
30617 79412 437
31136 46248 500
36593 9397 235
35332 11110 325
18771 53361 558
61773 84834 1634
59420 58275 5276
92275 36848 1105
1275 97850 63
78335 98937 4773
22582 56279 1277
13744 31162 1122
5380 33490 104
50073 65347 4785
17714 1460 135
14270 49560 49
28288 91803 468
86940 75697 2675
64483 58459 1555
22304 56283 2191
53475 59066 1353
92877 79703 3008
61084 29457 1794
15321 19544 657
51679 26928 2199
59470 45543 3781
31217 83257 1305
8203 90880 298
6088 77089 51
66787 91668 2103
95827 44916 3768
45179 200 16
11313 89328 1013
6926 82995 689
16566 94279 217
12234 67010 447
89132 4672 450
90386 2357 176
19278 65653 469
87068 60673 2082
80044 75347 1020
64626 26893 856
77708 20959 1170
50676 92599 998
7334 28846 436
99762 82383 3162
1317 25706 35
45972 90105 4125
15915 63282 1585
11220 97006 729
3147 19640 61
3777 73498 94
73198 72707 2950
4924 82044 372
6064 62733 130
12028 30539 726
60227 65764 5573
6924 32205 505
70121 20939 703
5609 5344 211
86684 38008 3386
91527 37459 3287
70504 89717 6382
1451 66252 58
18798 42305 510
66320 78146 5127
48960 6255 617
48037 98467 776
32393 12580 542
82507 64493 501
97220 5467 54
93049 70806 6962
20066 23906 1068
9978 40390 325
34056 32508 1202
29228 70522 112
85580 43327 2011
52737 25057 1057
91741 37621 3670
5727 85536 72
94970 49822 2944
58753 15536 1386
80247 41034 143
16182 71357 244
87390 73154 6424
64704 31111 239
33386 82462 545
11412 54499 1020
29163 94765 816
39838 48472 213
72839 17650 1443
4604 61797 93
38966 50467 2301
8000 54231 439
70659 33899 834
25040 59606 1712
75951 3880 147
98664 29975 2704
1231 79851 48
73301 39529 2579
99916 8189 409
98681 5322 295
39424 50742 96
25900 19921 1018
1213 84613 6
99383 19300 1048
63688 66094 1045
46073 14977 273
73560 96005 7205
94756 73655 5726
67994 83446 2669
73407 72940 561
64718 48959 725
34948 58551 2641
3017 2641 217
65185 81957 5928
10867 96789 1083
30840 49111 2887
43496 92963 744
55777 78752 3036
91417 60043 2316
60421 47785 170
79498 86862 3428
89315 90478 1337
9140 5956 440
75758 31233 1496
70018 83126 491
10475 15716 678
69110 56099 4266
7509 33937 290
14019 69949 1000
73626 52435 765
7315 23658 34
20029 3021 251
8513 19238 116
71092 75824 2064
43390 31230 1227
77449 94695 5517
23277 53780 1354
26715 31757 1931
38921 45216 1768
86909 32563 2261
88860 45227 4460
36980 22365 1156
73575 3924 312
45435 98499 507
25151 33389 45
22432 99763 1222
70381 10525 492
50118 29196 1439
6411 56094 595
867 94722 12
27307 27294 1406
30466 41918 364
36850 39520 2876
90880 19037 1375
96887 85114 5099
21585 87183 745
52007 38870 3111
7034 58391 244
8706 87475 828
20534 81071 548
2909 92227 129
49460 9731 541
84927 54189 4894
11349 12884 907
42887 30891 781
84656 65269 5241
42787 47083 2337
34288 99919 864
20152 96880 505
70002 10174 242
41278 40592 1489
89514 48531 19
18595 39830 1376
34142 5331 452
96582 71199 2897
99815 23925 844
50139 56255 818
16917 18917 483
15659 44123 104
97961 34789 1225
76531 36558 1247
16186 54665 918
195 73670 7
67635 25049 1835
85855 1510 74
99602 86065 6786
82879 9252 426
1225 17442 37
26928 85291 1253
82366 2447 146
81971 80792 4698
65037 3763 89
49819 80831 296
15171 53272 325
67729 51237 1873
4642 93600 18
9137 84037 109
90946 53918 1085
66381 61166 3496
49708 76892 3167
84679 98145 4911
42431 60628 806
29081 64149 1949
35917 825 52
72431 91893 2670
87388 96206 4281
23977 88031 722
70216 91339 5240
18204 82981 581
59486 9309 606
72175 10285 831
74145 73828 5982
76832 58130 3087
98342 50965 24
71071 15811 1417
61370 64056 5080
5552 10113 509
21977 30377 1957
42284 27588 406
85526 61274 4580
95423 20661 456
92344 18605 1529
13960 3058 22
44536 94012 2393
83006 61711 4991
20423 95666 785
98919 81746 7756
17572 12977 1180
60673 10772 79
8520 19053 512
93180 45125 2461
67453 5038 382
22939 51591 1312
77248 97872 1200
47608 75471 1931
89572 94851 3748
63776 39946 3575
44176 2349 3
57137 19155 925
59710 30694 886
49345 85248 4275
50300 24441 682
80664 87092 6147
23917 14088 1210
39219 8076 111
18248 64742 294
9377 42933 864
57877 43036 2140
27079 77874 12
65396 40423 2615
27774 35448 1192
69752 34359 360
6738 27092 366
55558 73807 2204
38883 74978 723
57 39369 2
17190 85365 1702
41216 33617 1413
39427 58356 3262
97788 68488 2914
86166 39961 960
59556 64224 2431
7248 7666 456
23395 95652 1681
91125 15970 899
93142 53168 4779
84125 33375 1947
11313 71187 724
32918 57811 87
31417 17842 139
55678 30237 2572
96457 58790 3532
23276 99344 1123
8368 99419 243
8870 75089 24
30255 9905 560
81578 95067 7129
80190 380 30
27303 62972 765
15877 40966 439
45795 72567 3662
60197 81866 188
86421 97634 70
82959 70905 6747
74698 71528 3893
58249 56150 3124
31331 14406 993
68047 10172 348
18835 83856 580
28878 21493 1705
5731 18123 10
66888 46083 1370
21327 8082 626
85941 2937 141
7913 49395 446
79198 4416 192
12563 30673 1098
35425 91189 488
28743 86979 1193
3474 6215 265
4081 26641 285
98743 67004 4882
55921 91164 5378
77994 18059 901
24219 83957 215
40344 53281 228
92601 7106 182
42790 65790 3746
53606 6270 235
65353 89079 5231
95219 4376 288
67435 32564 2808
7940 84433 119
32395 91057 3131
8433 25889 161
51963 7904 757
61096 27632 2363
69122 88483 2920
86760 97311 3156
5817 83764 537
51877 72735 5092
12465 49534 581
28104 53463 941
16425 72931 315
94382 49984 4119
95450 69271 648
75399 62602 28
19085 70721 1231
67606 31478 2078
20258 21503 153
43253 14524 188
2345 16513 136
27312 9829 603
58826 65387 2388
1064 52464 12
25055 24949 619
30288 58639 2863
86390 49517 4637
977 75592 83
92242 67153 6153
27687 54359 1460
83369 71031 6377
56739 33385 3158
65989 49480 1686
7978 49664 718
56582 766 18
32307 97908 16
92828 87916 7289
71210 37934 1381
13295 16276 888
99665 83181 5504
10937 80880 1082
91420 36292 1246
14057 28204 545
25107 15831 1494
95520 38056 2837
98482 38691 2552
34485 60793 230
28394 44405 1574
10834 46823 558
96383 12112 515
86455 782 42
40233 88842 2927
64532 46463 4023
37685 57101 1707
40594 32991 560
94628 21624 1080
69737 39492 1721
78697 11070 427
50888 58845 4931
85454 66756 594
26547 8105 393
78189 10085 95
85598 38556 3214
20249 62447 684
32373 44736 1490
61621 55621 5541
38485 66768 452
73561 84957 6863
40530 54077 222
15090 87361 1278
11537 76650 981
51968 27889 1413
76590 55122 4503
73272 99549 4486
91957 86847 6053
6498 92333 326
24299 51411 1953
23002 75611 414
27972 68545 1942
39890 63862 2038
63980 63858 3641
54604 75647 3040
10785 13923 24
17250 59277 872
35381 42371 617
27967 62507 1737
53647 33143 900
35909 38838 1062
4264 48408 87
48456 94210 3760
42576 64690 3580
75792 7476 579
25128 83110 1790
9529 45543 911
80776 10278 700
51699 54186 806
39577 68861 2370
27524 9598 323
18298 70247 309
3140 410 12
80157 915 81
43678 95785 2543
60137 90406 2957
2484 69385 60
39159 60856 2358
73529 47468 2121
35447 82967 1077
48534 76216 264
89739 71298 2869
78312 86792 3049
86473 8589 349
38783 22411 325
9755 69282 422
13150 44227 235
94368 80956 2162
84735 15109 1095
58027 32299 3158
59502 71901 4467
23936 12693 690
93964 14985 897
24124 19986 324
16300 13883 332
43500 76589 4156
82102 56505 2680
61427 22855 244
37257 57823 3242
39 91957 3
6387 67418 445
16562 3072 108
98937 79404 2962
19860 8194 121
93044 77 6
12285 49998 1042
58768 66918 1204
25045 41734 1033
25901 6870 271
75382 26276 1120
52991 47919 2081
55470 68820 2890
85904 97752 1508
34336 31894 2561
36635 8427 209
76931 30239 2056
6257 19222 590
57727 59415 298
2613 54139 60
21716 18778 1405
64770 54706 3550
47349 70745 2072
82818 3428 1
96839 93144 7020
97751 1393 39
91845 42160 981
82804 40041 1717
93822 18284 269
29858 40628 86
98835 86606 8504
8894 19020 567
43515 58698 997
31063 52639 2594
31169 87527 3015
91411 78960 1813
89858 7971 2
32233 55541 1754
82098 77358 3096
48486 29624 2057
53399 31115 2815
11434 52568 849
25450 55701 110
16138 98440 1489
74490 88022 6610
90606 56141 4487
96043 22479 1476
90258 54018 355
47601 46005 433
54920 26453 1520
19544 98993 658
88242 4585 104
2910 10237 181
89354 76500 3942
79253 27595 2277
43227 52097 872
73795 52736 2765
77191 89165 6142
36451 75475 1525
76130 14476 333
46276 12017 33
49299 2243 149
11144 61050 100
11736 35693 516
40644 69603 142
64513 96537 3670
17508 54227 120
79314 9672 432
64070 7529 402
20323 75569 1323
52380 8115 751
40802 99583 1331
53997 60854 2447
76109 85071 5220
70642 51946 4925
94842 81845 1891
28027 6173 100
24402 54999 81
75434 60046 2680
3471 95694 198
67253 70641 2486
77092 81226 1698
47622 34223 768
45619 63436 1767
28860 39461 1499
29302 14635 956
58185 18499 1247
39129 83026 2773
35060 23373 897
5180 5599 447
63639 16539 935
89460 52516 2339
5184 29274 484
85865 45703 4014
53330 60011 705
11255 81636 670
13058 52033 1250
463 168 2
76957 39461 488
40214 50517 304
61695 73811 542
59554 7683 532
81819 52733 3590
64930 35483 2100
75096 80677 7255
13109 4028 216
50160 3813 376
95823 37496 2289
98865 19561 32
72410 53877 4646
48510 81265 676
27313 30479 1967
48877 46546 2970
69061 26803 327
14793 12627 174
31673 59588 30
77839 68307 2171
49384 64439 1805
67443 63359 1151
22012 39033 856
10490 92319 608
43447 5126 363
91231 66792 1539
51820 83953 24
19056 29769 1350
33636 17697 1166
19344 96192 162
32668 29904 176
39702 28836 2608
32899 23948 1510
77290 46427 4303
70878 71447 6522
74541 94915 4178
4870 12329 365
94159 42284 3770
89287 69388 6768
67321 11289 66
96226 66845 1870
52131 36453 1137
2313 41295 113
54012 42106 3573
15719 6345 519
88968 7385 283
79064 21477 2025
59835 4919 243
67019 10706 587
54369 20540 1529
30181 24273 1717
98199 67461 3073
84574 74393 5688
36817 79969 3569
90180 68084 5600
70837 35477 1298
26198 59297 448
2012 17178 107
50312 91699 2258
88342 1852 59
17732 56303 706
8932 79163 573
96741 59344 1853
87518 46252 3711
76667 58949 4257
27309 56631 85
51916 66511 1936
12751 82520 1062
11472 98277 336
73624 21312 2024
24946 74162 2467
73902 66195 5233
76051 15027 394
33002 37033 3208
80777 22332 1869
72348 63952 4939
41466 46578 502
19046 7110 88
8451 58864 324
87710 88834 2204
97110 93349 3245
12654 63274 257
45973 30354 1380
92149 82300 1188
68218 53999 1480
82437 86119 8023
85105 60740 5294
50340 9425 126
99674 73074 895
84494 89969 2126
30378 82698 2233
62288 65236 2259
79561 54706 1155
39373 8571 756
7859 46086 294
69179 33369 3171
1689 29331 151
22276 80567 1490
21887 80219 403
70247 62609 1469
16574 28022 213
84950 89945 6837
85249 25901 2000
54328 58417 1868
92682 12062 13
49447 53939 1620
12429 69885 451
