17 18
166188592 847898302
39373062 717275564
143079062 737611156
130584692 692059320
214339814 791110704
252533174 887458162
19805704 698206326
135104204 653403148
35090180 542381636
172205670 789391032
258702404 948828844
263326146 792296554
33522352 706937868
111862078 638645546
12419646 577971728
23316770 664939854
91206226 761813250
374189837
374339939
605310197
262079785
676911189
210873947
473302286
666510983
702600665
562817606
664255243
232476592
33535870
383898384
177733982
172347328
148200916
91313535
