17 17
68101282 624417116
17720146 535649208
1596482 589527518
33618482 551973692
135845740 623777880
234738990 794867042
102366178 674632444
71200642 685760664
68572446 705015506
267365312 773725684
13077958 500638936
56527056 618706902
93136246 560055210
22291068 497993524
172709242 724541132
248584824 817622688
81466366 656797036
602813008
341529816
296068138
6137117
457976212
674158981
129347116
200984094
283296648
142448475
293064163
174770326
118620956
643381485
376723264
425925946
338601273
