19 20
265724700 762361368
284610650 844231186
21486740 521422822
78219222 732536178
70245732 531816128
131488334 602804174
178244262 754539052
244801130 791438496
35245204 601338798
98336050 595089600
87158668 581391236
276237350 792457340
159208000 640688950
193093338 692013370
87155194 678329996
294566168 885167696
91796506 553375488
39039906 533094050
119762108 607204780
438478501
512728415
445130140
682357405
214323204
679210847
446655023
333183637
81000648
222994748
182151136
285923585
309350747
574172161
565032364
256728371
436586185
412567576
342704240
578102900
