1996 5000 495
1 2
2 3
3 4
2 5
3 6
5 7
6 8
7 9
9 10
8 11
9 12
11 13
11 14
14 15
14 16
16 17
16 18
18 19
18 20
20 21
19 22
21 23
23 24
23 25
25 26
26 27
27 28
28 29
27 30
29 31
31 32
31 33
33 34
32 35
33 36
36 37
36 38
37 39
37 40
40 41
40 42
40 43
41 44
42 45
43 46
46 47
45 48
48 49
47 50
50 51
51 52
52 53
53 54
52 55
55 56
56 57
57 58
57 59
59 60
59 61
61 62
60 63
63 64
63 65
63 66
66 67
65 68
67 69
67 70
69 71
69 72
71 73
71 74
73 75
75 76
76 77
75 78
77 79
77 80
78 81
79 82
80 83
83 84
84 85
83 86
85 87
85 88
86 89
87 90
90 91
90 92
92 93
92 94
94 95
93 96
96 97
97 98
97 99
98 100
99 101
99 102
102 103
101 104
104 105
105 106
104 107
107 108
108 109
107 110
110 111
110 112
110 113
113 114
113 115
113 116
115 117
117 118
116 119
118 120
118 121
120 122
121 123
123 124
123 125
125 126
124 127
126 128
126 129
128 130
129 131
131 132
131 133
132 134
133 135
135 136
135 137
136 138
137 139
137 140
139 141
139 142
141 143
141 144
144 145
144 146
146 147
147 148
146 149
149 150
148 151
151 152
150 153
153 154
153 155
154 156
154 157
157 158
157 159
158 160
158 161
160 162
160 163
163 164
162 165
163 166
166 167
166 168
168 169
167 170
170 171
170 172
170 173
172 174
172 175
173 176
175 177
177 178
178 179
178 180
178 181
180 182
181 183
183 184
183 185
183 186
184 187
187 188
186 189
188 190
188 191
191 192
191 193
191 194
194 195
195 196
196 197
195 198
198 199
198 200
199 201
199 202
201 203
202 204
204 205
203 206
206 207
206 208
208 209
209 210
208 211
209 212
211 213
213 214
213 215
215 216
214 217
215 218
217 219
217 220
218 221
220 222
220 223
223 224
224 225
223 226
224 227
226 228
226 229
228 230
230 231
231 232
232 233
233 234
233 235
233 236
234 237
236 238
238 239
238 240
238 241
240 242
242 243
241 244
244 245
244 246
245 247
245 248
247 249
248 250
250 251
251 252
251 253
252 254
253 255
254 256
255 257
257 258
256 259
259 260
259 261
261 262
262 263
261 264
263 265
264 266
266 267
267 268
268 269
267 270
269 271
270 272
272 273
272 274
274 275
275 276
275 277
276 278
277 279
278 280
278 281
279 282
280 283
281 284
284 285
283 286
285 287
285 288
288 289
287 290
289 291
289 292
291 293
291 294
294 295
294 296
296 297
296 298
298 299
299 300
298 301
300 302
302 303
302 304
303 305
303 306
306 307
305 308
306 309
308 310
309 311
310 312
311 313
312 314
313 315
313 316
315 317
315 318
316 319
318 320
318 321
320 322
321 323
322 324
323 325
324 326
324 327
325 328
327 329
329 330
328 331
330 332
332 333
331 334
333 335
334 336
334 337
337 338
338 339
339 340
339 341
341 342
340 343
342 344
344 345
345 346
344 347
345 348
346 349
347 350
350 351
350 352
350 353
352 354
352 355
355 356
355 357
356 358
356 359
357 360
359 361
361 362
361 363
363 364
363 365
364 366
366 367
365 368
367 369
367 370
368 371
371 372
372 373
373 374
373 375
374 376
374 377
377 378
376 379
377 380
379 381
381 382
380 383
383 384
383 385
385 386
385 387
386 388
388 389
387 390
390 391
391 392
392 393
392 394
393 395
394 396
396 397
397 398
396 399
399 400
399 401
400 402
400 403
402 404
403 405
403 406
405 407
407 408
406 409
407 410
410 411
411 412
412 413
412 414
414 415
414 416
416 417
416 418
417 419
419 420
418 421
421 422
420 423
421 424
422 425
424 426
424 427
426 428
428 429
429 430
428 431
430 432
432 433
431 434
434 435
433 436
435 437
437 438
438 439
438 440
439 441
441 442
442 443
441 444
444 445
444 446
445 447
445 448
447 449
447 450
448 451
449 452
452 453
451 454
453 455
454 456
456 457
457 458
458 459
459 460
458 461
461 462
460 463
462 464
462 465
465 466
464 467
465 468
466 469
467 470
469 471
471 472
471 473
473 474
473 475
474 476
476 477
475 478
477 479
477 480
479 481
481 482
481 483
481 484
484 485
485 486
484 487
485 488
486 489
488 490
489 491
489 492
490 493
493 494
493 495
494 496
494 497
497 498
498 499
499 500
499 501
499 502
500 503
502 504
502 505
505 506
504 507
507 508
507 509
508 510
509 511
510 512
512 513
513 514
513 515
514 516
515 517
515 518
518 519
518 520
520 521
519 522
521 523
521 524
524 525
524 526
524 527
527 528
528 529
527 530
528 531
530 532
531 533
531 534
532 535
535 536
534 537
536 538
537 539
539 540
540 541
539 542
541 543
541 544
542 545
544 546
544 547
546 548
548 549
547 550
548 551
551 552
550 553
552 554
554 555
554 556
554 557
556 558
556 559
559 560
559 561
560 562
562 563
563 564
562 565
565 566
566 567
567 568
568 569
569 570
568 571
569 572
571 573
573 574
573 575
574 576
574 577
577 578
578 579
578 580
578 581
581 582
582 583
582 584
583 585
585 586
585 587
585 588
586 589
588 590
588 591
591 592
591 593
592 594
593 595
595 596
594 597
597 598
597 599
597 600
600 601
599 602
600 603
603 604
602 605
603 606
605 607
607 608
606 609
607 610
609 611
611 612
612 613
611 614
612 615
613 616
615 617
616 618
618 619
618 620
618 621
620 622
620 623
623 624
624 625
623 626
625 627
627 628
626 629
628 630
630 631
630 632
632 633
633 634
634 635
633 636
635 637
636 638
638 639
638 640
640 641
641 642
642 643
642 644
642 645
645 646
645 647
647 648
648 649
648 650
648 651
649 652
650 653
652 654
653 655
653 656
656 657
655 658
656 659
658 660
658 661
661 662
662 663
662 664
663 665
664 666
664 667
665 668
666 669
669 670
670 671
670 672
670 673
672 674
673 675
673 676
676 677
676 678
678 679
679 680
678 681
680 682
681 683
682 684
684 685
685 686
685 687
686 688
686 689
688 690
688 691
691 692
692 693
692 694
694 695
694 696
696 697
696 698
696 699
698 700
698 701
700 702
701 703
703 704
703 705
703 706
705 707
707 708
707 709
708 710
708 711
709 712
712 713
712 714
714 715
714 716
714 717
715 718
718 719
717 720
719 721
719 722
720 723
721 724
724 725
723 726
725 727
726 728
727 729
728 730
729 731
731 732
732 733
731 734
733 735
735 736
735 737
737 738
737 739
739 740
739 741
741 742
741 743
741 744
744 745
744 746
745 747
746 748
747 749
748 750
750 751
750 752
750 753
752 754
753 755
754 756
755 757
755 758
758 759
757 760
759 761
759 762
760 763
762 764
762 765
765 766
765 767
766 768
767 769
769 770
770 771
771 772
771 773
773 774
773 775
773 776
774 777
776 778
776 779
778 780
778 781
780 782
781 783
783 784
782 785
784 786
785 787
785 788
786 789
789 790
790 791
791 792
790 793
793 794
793 795
794 796
795 797
795 798
798 799
799 800
799 801
799 802
800 803
802 804
804 805
804 806
804 807
807 808
806 809
808 810
808 811
811 812
810 813
811 814
812 815
814 816
815 817
815 818
818 819
818 820
819 821
821 822
820 823
823 824
822 825
825 826
826 827
826 828
828 829
828 830
828 831
831 832
831 833
831 834
832 835
835 836
836 837
837 838
838 839
838 840
838 841
841 842
842 843
843 844
843 845
845 846
844 847
847 848
846 849
849 850
850 851
850 852
851 853
852 854
853 855
854 856
856 857
855 858
856 859
859 860
860 861
859 862
862 863
861 864
864 865
863 866
864 867
865 868
866 869
869 870
870 871
870 872
871 873
872 874
874 875
874 876
876 877
876 878
876 879
877 880
879 881
881 882
880 883
881 884
884 885
885 886
884 887
885 888
888 889
887 890
888 891
890 892
892 893
893 894
893 895
895 896
894 897
895 898
896 899
897 900
898 901
899 902
900 903
901 904
902 905
903 906
904 907
905 908
908 909
908 910
910 911
911 912
911 913
912 914
914 915
915 916
914 917
916 918
918 919
919 920
918 921
921 922
920 923
923 924
924 925
923 926
924 927
925 928
928 929
928 930
928 931
929 932
932 933
932 934
932 935
935 936
934 937
936 938
937 939
938 940
940 941
939 942
942 943
942 944
943 945
944 946
944 947
945 948
948 949
948 950
949 951
950 952
951 953
951 954
954 955
955 956
954 957
957 958
956 959
957 960
959 961
961 962
961 963
962 964
964 965
965 966
966 967
965 968
966 969
968 970
970 971
971 972
970 973
971 974
972 975
974 976
975 977
977 978
976 979
978 980
979 981
981 982
982 983
981 984
984 985
985 986
984 987
985 988
987 989
987 990
988 991
991 992
992 993
992 994
992 995
993 996
995 997
995 998
998 999
998 1000
998 1001
1000 1002
999 1003
998 1004
1004 1005
1005 1006
1003 1007
999 1008
1000 1009
1005 1010
1002 1011
1003 1012
1011 1013
1002 1014
1009 1015
1002 1016
1003 1017
1001 1018
1003 1019
1004 1020
1009 1021
1001 1022
1006 1023
998 1024
1006 1025
1015 1026
1022 1027
1019 1028
1010 1029
1008 1030
1015 1031
1012 1032
1023 1033
1016 1034
1020 1035
1027 1036
1026 1037
1024 1038
1000 1039
1000 1040
1015 1041
1015 1042
1021 1043
1019 1044
1039 1045
1036 1046
1007 1047
999 1048
1021 1049
1044 1050
1023 1051
1031 1052
1031 1053
1022 1054
1007 1055
1002 1056
1016 1057
1007 1058
1031 1059
1001 1060
1022 1061
1002 1062
1025 1063
1029 1064
1044 1065
1040 1066
1043 1067
1042 1068
1033 1069
1002 1070
1049 1071
1016 1072
1069 1073
1073 1074
1008 1075
1042 1076
1017 1077
1077 1078
1015 1079
1000 1080
1006 1081
1035 1082
1024 1083
1053 1084
1059 1085
1058 1086
1085 1087
1038 1088
1052 1089
998 1090
1016 1091
1012 1092
1071 1093
1042 1094
1060 1095
1065 1096
1095 1097
1026 1098
1021 1099
1051 1100
998 1101
1040 1102
1089 1103
1030 1104
1053 1105
1101 1106
1081 1107
1079 1108
1080 1109
1088 1110
1081 1111
1101 1112
1025 1113
1066 1114
1051 1115
1108 1116
1102 1117
1086 1118
1067 1119
1091 1120
1065 1121
1028 1122
1062 1123
1024 1124
1038 1125
1113 1126
1103 1127
1005 1128
1095 1129
1105 1130
1069 1131
1046 1132
1097 1133
1035 1134
1035 1135
1050 1136
1001 1137
1029 1138
1126 1139
1023 1140
1028 1141
1016 1142
998 1143
1071 1144
1063 1145
1131 1146
1141 1147
1081 1148
1092 1149
1139 1150
1075 1151
1137 1152
1084 1153
1011 1154
1039 1155
1117 1156
1011 1157
1005 1158
1078 1159
1020 1160
1114 1161
1122 1162
1129 1163
1102 1164
1011 1165
1106 1166
1065 1167
1040 1168
1019 1169
1002 1170
1037 1171
1112 1172
1001 1173
1022 1174
1051 1175
1032 1176
1036 1177
1131 1178
1088 1179
1061 1180
1124 1181
1052 1182
1164 1183
1042 1184
1133 1185
1103 1186
1143 1187
1026 1188
1023 1189
1137 1190
1098 1191
1018 1192
1040 1193
1025 1194
1100 1195
1074 1196
1022 1197
1056 1198
1033 1199
1046 1200
1153 1201
1017 1202
1098 1203
1133 1204
1107 1205
1076 1206
1189 1207
1138 1208
1155 1209
1020 1210
1105 1211
1192 1212
1088 1213
1121 1214
1202 1215
1076 1216
1146 1217
1079 1218
1171 1219
1024 1220
1000 1221
1020 1222
1187 1223
1006 1224
1110 1225
1181 1226
1121 1227
1159 1228
1218 1229
1008 1230
1128 1231
1210 1232
1108 1233
1141 1234
1010 1235
1014 1236
1176 1237
1213 1238
1010 1239
1020 1240
1051 1241
1123 1242
1123 1243
1202 1244
1175 1245
1221 1246
1195 1247
1010 1248
1204 1249
1212 1250
1073 1251
1140 1252
1015 1253
1064 1254
1099 1255
1066 1256
1099 1257
1094 1258
1127 1259
1122 1260
1040 1261
1186 1262
1237 1263
1053 1264
999 1265
1201 1266
1217 1267
1030 1268
1083 1269
1044 1270
1018 1271
1088 1272
1158 1273
1227 1274
1271 1275
1028 1276
1174 1277
1100 1278
1214 1279
1107 1280
1198 1281
1047 1282
1205 1283
1023 1284
1019 1285
1257 1286
1037 1287
1111 1288
1002 1289
1090 1290
1081 1291
1194 1292
1193 1293
1035 1294
1185 1295
1065 1296
1004 1297
1163 1298
1259 1299
1071 1300
1272 1301
1266 1302
1168 1303
1263 1304
1083 1305
1190 1306
1198 1307
1267 1308
1015 1309
1190 1310
1021 1311
1275 1312
1098 1313
1087 1314
1268 1315
1026 1316
1075 1317
1210 1318
1275 1319
1058 1320
1033 1321
1171 1322
1051 1323
1294 1324
1306 1325
1273 1326
1077 1327
1227 1328
1224 1329
1061 1330
1082 1331
1267 1332
1137 1333
1081 1334
1266 1335
1144 1336
1329 1337
1011 1338
1288 1339
1130 1340
1150 1341
1075 1342
1168 1343
1037 1344
1199 1345
1041 1346
1108 1347
1223 1348
1320 1349
1226 1350
1253 1351
1074 1352
1218 1353
1070 1354
1285 1355
1024 1356
1011 1357
1287 1358
1214 1359
1189 1360
1102 1361
1219 1362
1172 1363
1360 1364
1340 1365
1190 1366
1064 1367
1195 1368
1051 1369
1346 1370
1272 1371
1082 1372
1180 1373
1302 1374
1198 1375
1058 1376
1190 1377
1372 1378
1075 1379
1038 1380
1108 1381
1189 1382
1346 1383
1222 1384
1128 1385
1241 1386
1378 1387
1176 1388
1374 1389
1308 1390
1223 1391
1131 1392
1366 1393
1224 1394
1016 1395
1097 1396
1395 1397
1211 1398
1301 1399
1039 1400
1270 1401
1370 1402
1265 1403
1359 1404
1214 1405
1078 1406
1066 1407
1293 1408
1073 1409
1156 1410
1211 1411
1127 1412
1229 1413
1337 1414
1123 1415
1347 1416
1061 1417
1020 1418
1109 1419
1141 1420
1394 1421
1118 1422
1020 1423
1114 1424
1000 1425
1017 1426
1027 1427
1169 1428
1215 1429
1336 1430
1394 1431
1218 1432
1388 1433
1261 1434
1190 1435
1273 1436
1329 1437
1127 1438
1035 1439
1383 1440
1197 1441
1017 1442
1130 1443
1358 1444
1428 1445
1203 1446
1142 1447
1396 1448
1042 1449
1238 1450
1302 1451
1354 1452
1234 1453
1077 1454
1135 1455
1080 1456
998 1457
1081 1458
1437 1459
1369 1460
1364 1461
1326 1462
1270 1463
1411 1464
1260 1465
1346 1466
1319 1467
1007 1468
1369 1469
1050 1470
1433 1471
1255 1472
1317 1473
1159 1474
1341 1475
1308 1476
1333 1477
1237 1478
1219 1479
1047 1480
1476 1481
1464 1482
1346 1483
1216 1484
1272 1485
1081 1486
1423 1487
1394 1488
1221 1489
1315 1490
1368 1491
1027 1492
1217 1493
1308 1494
1351 1495
1456 1496
1194 1497
1201 1498
1491 1499
1123 1500
1481 1501
1025 1502
1024 1503
1262 1504
1001 1505
1380 1506
1204 1507
1102 1508
1456 1509
1296 1510
1363 1511
1030 1512
1340 1513
1056 1514
1235 1515
1309 1516
1454 1517
1340 1518
1179 1519
1480 1520
1016 1521
1366 1522
1272 1523
1035 1524
1415 1525
1406 1526
1111 1527
1340 1528
1001 1529
1239 1530
1366 1531
1484 1532
1267 1533
1282 1534
1487 1535
1449 1536
1501 1537
1253 1538
1439 1539
1029 1540
1153 1541
1080 1542
1459 1543
1149 1544
1001 1545
1061 1546
1102 1547
1095 1548
1293 1549
1100 1550
1337 1551
1153 1552
1086 1553
1222 1554
1387 1555
1269 1556
1079 1557
1268 1558
1444 1559
1346 1560
1184 1561
1560 1562
1479 1563
1131 1564
1344 1565
1545 1566
1270 1567
1095 1568
1524 1569
1129 1570
1409 1571
1537 1572
1428 1573
1121 1574
1258 1575
1521 1576
1313 1577
1093 1578
1503 1579
1389 1580
1215 1581
1438 1582
1565 1583
1103 1584
1280 1585
1087 1586
1158 1587
1282 1588
1079 1589
1034 1590
1523 1591
1212 1592
1305 1593
1316 1594
1384 1595
1541 1596
1570 1597
1000 1598
1015 1599
1117 1600
1383 1601
1459 1602
1034 1603
1559 1604
1603 1605
1036 1606
1576 1607
1249 1608
1118 1609
1122 1610
1524 1611
1481 1612
1251 1613
1211 1614
1038 1615
1465 1616
1394 1617
1462 1618
1397 1619
1209 1620
1452 1621
1248 1622
1498 1623
1015 1624
1307 1625
1379 1626
1137 1627
1441 1628
1075 1629
1444 1630
1140 1631
1612 1632
1283 1633
1418 1634
1237 1635
1260 1636
1359 1637
1402 1638
1591 1639
1101 1640
1639 1641
1322 1642
1200 1643
1114 1644
1196 1645
1122 1646
1109 1647
1275 1648
1362 1649
1482 1650
1329 1651
1443 1652
1648 1653
1627 1654
1279 1655
1288 1656
1106 1657
1408 1658
1115 1659
1296 1660
1445 1661
1293 1662
1514 1663
1154 1664
1560 1665
1163 1666
1050 1667
1133 1668
1078 1669
1271 1670
1571 1671
1118 1672
1590 1673
1623 1674
1191 1675
1401 1676
1599 1677
1375 1678
1200 1679
1572 1680
1485 1681
1492 1682
1178 1683
1441 1684
1351 1685
1149 1686
1012 1687
1653 1688
1037 1689
1127 1690
1436 1691
1302 1692
1242 1693
1169 1694
1443 1695
1576 1696
1454 1697
1073 1698
1553 1699
1295 1700
1683 1701
1441 1702
1092 1703
1196 1704
1353 1705
1386 1706
1581 1707
1611 1708
1486 1709
1297 1710
1286 1711
1430 1712
1603 1713
1030 1714
1297 1715
1350 1716
1529 1717
1682 1718
1042 1719
1113 1720
1656 1721
1160 1722
1096 1723
1669 1724
1452 1725
1695 1726
1683 1727
1173 1728
1724 1729
1206 1730
1678 1731
1559 1732
1279 1733
1311 1734
1168 1735
1327 1736
1558 1737
1325 1738
1373 1739
1515 1740
1151 1741
1047 1742
1482 1743
1714 1744
1631 1745
1446 1746
1079 1747
1621 1748
1576 1749
1578 1750
1038 1751
1277 1752
1320 1753
1070 1754
1483 1755
1558 1756
1136 1757
1490 1758
1646 1759
1714 1760
1473 1761
1571 1762
1008 1763
1492 1764
1642 1765
1620 1766
1682 1767
1561 1768
1568 1769
1198 1770
1304 1771
1160 1772
1543 1773
1246 1774
1259 1775
1600 1776
1086 1777
1239 1778
1572 1779
1387 1780
1515 1781
1748 1782
1170 1783
1538 1784
1210 1785
1266 1786
1577 1787
1553 1788
1162 1789
1120 1790
1454 1791
1294 1792
1197 1793
1150 1794
1341 1795
1145 1796
1116 1797
1064 1798
1101 1799
1781 1800
1780 1801
1397 1802
1415 1803
1452 1804
1216 1805
1775 1806
1345 1807
1784 1808
1173 1809
1504 1810
1790 1811
1492 1812
1176 1813
1700 1814
1037 1815
1509 1816
1622 1817
1689 1818
1024 1819
1121 1820
1377 1821
1620 1822
1698 1823
1089 1824
1022 1825
1581 1826
1290 1827
1824 1828
1164 1829
1203 1830
1765 1831
1806 1832
1702 1833
1717 1834
1799 1835
1537 1836
1044 1837
1222 1838
1115 1839
1661 1840
1364 1841
1147 1842
1061 1843
1367 1844
1573 1845
1379 1846
1113 1847
1361 1848
1511 1849
1370 1850
1505 1851
1040 1852
1503 1853
1542 1854
1489 1855
1107 1856
1508 1857
1803 1858
1482 1859
1265 1860
1051 1861
1825 1862
1256 1863
1407 1864
1434 1865
1210 1866
1032 1867
1823 1868
1133 1869
1377 1870
1860 1871
1226 1872
1516 1873
1838 1874
1196 1875
1342 1876
1308 1877
1295 1878
1101 1879
1611 1880
1649 1881
1666 1882
1327 1883
1575 1884
1877 1885
1069 1886
1596 1887
1658 1888
1831 1889
1620 1890
1329 1891
1145 1892
1430 1893
1272 1894
1402 1895
1234 1896
1672 1897
1551 1898
1216 1899
1749 1900
1451 1901
1035 1902
1599 1903
1298 1904
1431 1905
1675 1906
1634 1907
1098 1908
1065 1909
1479 1910
1113 1911
1350 1912
1132 1913
1514 1914
1635 1915
1506 1916
1600 1917
1296 1918
1776 1919
1799 1920
1244 1921
1404 1922
1627 1923
1695 1924
1155 1925
1533 1926
1428 1927
1264 1928
1375 1929
1707 1930
1164 1931
1250 1932
1069 1933
1291 1934
1457 1935
1666 1936
1120 1937
1088 1938
1238 1939
1857 1940
1872 1941
1635 1942
1526 1943
1371 1944
1044 1945
1228 1946
1398 1947
1359 1948
1080 1949
1079 1950
1164 1951
1809 1952
1815 1953
1106 1954
1866 1955
1616 1956
1850 1957
1630 1958
1309 1959
1536 1960
1837 1961
1343 1962
1542 1963
1625 1964
1141 1965
1893 1966
1445 1967
1436 1968
1376 1969
1005 1970
1949 1971
1274 1972
1272 1973
1304 1974
1642 1975
1604 1976
998 1977
1028 1978
1166 1979
1271 1980
1009 1981
1723 1982
1376 1983
1056 1984
1963 1985
1503 1986
1107 1987
1712 1988
1468 1989
1952 1990
1603 1991
1909 1992
1770 1993
1679 1994
1458 1995
1757 1996
1839 1995
1841 1853
118 496
487 1529
356 1908
1390 1893
928 1799
1805 1822
1948 1991
1835 1985
547 771
1893 1994
891 1672
1567 1779
568 696
841 1053
1508 1589
435 1862
1914 1982
1876 1937
524 852
12 570
861 959
605 1294
1965 1980
1689 1965
896 1062
935 1237
751 771
851 1121
1090 1351
520 1848
589 935
485 860
967 1597
767 1386
781 896
1868 1877
554 648
1921 1958
976 1245
1630 1975
1481 1819
242 1437
1559 1993
746 1537
1979 1982
540 839
1114 1989
1412 1593
973 1529
1034 1198
1003 1965
1029 1114
944 1255
4 1267
1872 1929
1316 1939
1862 1916
1816 1918
1025 1794
1178 1197
1264 1780
707 1150
1790 1940
1501 1514
1280 1374
1018 1995
546 1635
700 1906
890 1459
1598 1796
289 660
1108 1563
526 1478
163 357
1595 1610
1051 1566
1398 1942
593 891
1135 1194
1608 1912
1252 1255
473 616
229 1899
1287 1620
1955 1971
5 601
852 1653
1983 1987
230 1984
654 718
1184 1704
831 1839
664 855
150 1949
504 637
134 420
1983 1992
1748 1875
1932 1967
251 773
1444 1750
413 615
1052 1557
726 809
297 622
1035 1364
1917 1929
823 1527
1108 1515
1623 1631
439 831
1065 1189
1413 1552
969 1340
1789 1958
199 1283
918 1651
608 1420
641 1466
227 747
1468 1478
303 619
467 1221
500 1360
1265 1751
111 1800
1571 1661
608 1306
1060 1556
1256 1862
271 1907
359 1116
1372 1718
887 1151
1780 1863
94 182
1761 1887
58 1293
938 1668
1330 1541
24 1892
477 628
166 1240
1656 1748
314 983
643 1986
1678 1696
1990 1995
732 1984
122 1671
1422 1978
1953 1960
794 1412
1735 1967
878 1260
49 1541
471 792
692 1195
1389 1527
1044 1522
1153 1587
1726 1911
198 708
703 1637
1271 1545
1950 1966
477 513
369 1454
1610 1988
313 866
233 1918
777 1812
37 1101
418 866
798 1507
481 1448
675 831
179 1040
172 531
1334 1524
1978 1979
883 1648
1090 1655
909 943
1759 1882
1538 1925
647 1122
117 355
1585 1957
867 1967
707 1587
809 815
1369 1782
1197 1584
139 1043
336 1395
923 1791
1627 1944
1315 1348
1719 1938
264 1386
1667 1837
602 1868
1772 1785
807 1923
1511 1615
1372 1721
471 1136
717 907
251 961
675 1052
336 1323
75 826
742 1308
1609 1819
17 593
1348 1825
54 1753
557 1519
603 1037
1132 1921
1218 1254
99 192
207 1518
1633 1638
799 1410
1317 1826
1102 1465
1579 1802
643 1399
1057 1828
586 1699
276 674
1409 1726
603 836
1586 1830
1554 1643
1340 1479
16 1689
345 1138
1072 1457
1729 1980
1669 1761
804 1495
944 1234
1239 1265
946 1515
82 1725
1948 1963
679 1874
452 1332
1430 1630
1429 1486
26 1205
960 963
519 1076
518 937
10 1603
411 880
1263 1806
1631 1638
1083 1959
1488 1821
308 693
33 1590
5 1330
82 587
765 1172
43 1557
1111 1159
1360 1583
1901 1909
329 1762
1158 1815
1430 1660
1810 1937
1219 1618
72 334
27 1661
150 1087
119 1433
51 426
628 1811
1974 1988
38 1722
921 1581
661 1862
1127 1761
854 1464
803 1611
1502 1937
1870 1879
1649 1832
1672 1829
795 1120
1532 1575
1214 1895
115 810
1006 1518
1471 1768
1015 1811
58 483
1327 1857
752 1248
859 1547
167 463
617 1632
186 419
1734 1951
882 1501
492 1481
416 1699
1328 1497
1760 1890
1584 1857
763 1147
1195 1911
1009 1249
835 1474
1904 1990
1707 1914
696 1421
507 1890
1479 1558
963 1348
1202 1401
1607 1616
1525 1728
1786 1967
1765 1791
1698 1823
1752 1760
247 1418
842 1688
1288 1405
1567 1885
1988 1991
1116 1817
117 1848
611 1178
1002 1390
1455 1538
1842 1899
1430 1773
886 1349
1688 1854
1766 1899
231 1741
663 777
1508 1525
1900 1971
270 755
383 1110
1040 1722
1477 1685
1038 1198
1786 1875
820 1699
1285 1351
1937 1987
576 1755
644 990
1708 1887
1912 1940
203 1419
507 567
791 1057
1992 1993
1441 1718
471 1099
907 1370
1789 1901
166 459
1093 1462
861 1498
553 1403
890 1533
633 1168
90 1575
1364 1773
249 466
1444 1608
1028 1467
187 1669
790 1210
946 1847
291 1418
67 1128
328 1862
184 583
1970 1995
29 204
728 1705
137 1247
820 1991
912 1946
1217 1400
458 828
880 1769
263 1065
1932 1950
971 1448
1217 1764
1578 1820
397 1673
1122 1743
1790 1962
732 1771
1547 1952
178 1228
38 309
1845 1857
1886 1924
1645 1885
630 866
1274 1592
1145 1304
1086 1624
1199 1302
1634 1636
760 1589
119 377
1495 1772
330 847
1470 1702
1318 1731
451 883
495 1263
813 1434
165 201
1286 1294
1756 1944
1318 1757
966 1551
1464 1523
1766 1810
1585 1862
1284 1307
933 1964
1526 1758
195 340
1675 1968
1794 1846
693 888
1639 1828
195 947
413 1105
559 970
970 1321
1442 1634
733 1694
1008 1581
211 995
1446 1994
561 1827
984 1538
1757 1868
1298 1315
1623 1768
1131 1740
78 1550
1590 1723
605 1843
1769 1857
892 1028
1167 1798
667 1519
1873 1990
1429 1978
11 1687
1718 1946
1115 1409
1305 1813
1978 1983
1312 1778
1640 1750
1329 1788
1195 1489
1802 1902
1425 1762
1489 1958
732 1864
644 694
1942 1973
682 711
1667 1958
432 1187
1216 1361
618 1758
1416 1586
207 874
1376 1727
1268 1529
439 1277
1555 1588
1575 1830
1380 1769
1966 1992
1433 1626
1470 1872
1990 1994
939 1918
1842 1930
84 302
602 1438
341 1950
1123 1410
1234 1746
1058 1517
1091 1944
294 1796
251 1309
1167 1806
1780 1953
58 1401
149 1790
872 1528
451 1191
847 1402
595 1868
703 1350
153 881
1322 1665
1720 1873
439 1841
53 1186
1064 1585
1356 1476
1415 1793
864 1980
1290 1966
795 1044
1537 1621
117 912
1088 1152
39 532
1352 1418
880 1018
1061 1769
1332 1773
1876 1953
434 1287
755 797
1663 1761
1355 1421
1899 1918
212 1007
1879 1895
884 1674
1344 1743
1628 1964
511 1582
594 1021
430 903
978 1579
369 949
1906 1955
71 406
106 1661
1738 1851
1361 1758
1139 1959
200 1958
698 1061
603 1616
783 1475
901 973
1502 1523
1374 1891
1504 1707
206 1733
1016 1791
1040 1250
777 801
1742 1962
166 1457
836 1843
964 1572
1536 1696
1563 1672
1006 1601
1824 1988
1753 1824
50 886
253 768
150 1275
318 365
1299 1493
1749 1844
1606 1656
1342 1490
523 1542
1205 1970
1861 1888
359 1144
1231 1948
514 1969
1505 1866
195 925
1244 1905
1288 1890
253 1825
874 1676
578 1146
978 1682
1737 1994
1852 1951
1421 1662
514 1064
311 374
1598 1916
723 1063
240 797
648 1491
1168 1500
389 830
721 1380
716 1974
1639 1824
1558 1645
459 806
751 904
1803 1920
670 1870
161 570
297 1356
1022 1894
253 952
1446 1913
1343 1701
1658 1744
1831 1836
1988 1991
634 1689
884 1979
411 1933
783 1422
1606 1987
373 1812
93 924
998 1222
1947 1968
1452 1495
1694 1750
649 1542
1314 1642
162 1384
522 1327
967 1404
1485 1597
1458 1942
1524 1703
1054 1426
192 482
1804 1979
1525 1689
499 1514
1453 1695
747 1184
1592 1956
746 941
1922 1982
575 1049
734 1939
1146 1849
1373 1906
59 883
1702 1849
962 1917
23 1494
627 1394
1991 1994
1255 1358
372 515
343 635
426 1421
886 1513
252 1086
1748 1911
1940 1970
719 1716
3 1265
1635 1652
1086 1827
358 1015
1509 1857
1558 1776
1521 1801
1091 1212
482 1570
573 1540
1949 1962
1777 1887
1394 1661
666 1334
1881 1916
1193 1466
130 1320
1056 1431
1669 1843
1295 1507
503 1142
177 1432
65 1975
1312 1677
515 1373
1882 1976
769 1719
1431 1774
1538 1715
1393 1555
913 1052
1426 1696
1728 1922
392 1538
492 725
768 1980
1116 1504
1546 1899
1444 1446
1658 1723
1341 1714
630 1575
1047 1390
558 1245
1446 1670
1818 1861
1073 1134
1618 1647
1955 1970
497 641
1455 1741
1099 1442
1317 1610
376 519
270 1163
128 1750
1719 1816
200 1232
466 1848
800 1242
1621 1748
245 740
1737 1755
750 1992
105 617
1959 1982
1032 1188
174 1493
206 1510
806 911
1114 1515
1548 1615
1925 1991
941 1952
227 1591
1611 1755
1058 1649
544 1321
877 1307
188 896
1406 1954
460 1660
990 1487
455 657
480 824
1691 1982
575 985
980 1053
1120 1814
1778 1834
942 1120
405 491
328 425
657 1204
1874 1913
1177 1477
1957 1976
583 1848
1874 1932
1817 1875
732 1080
892 1447
1746 1875
66 1261
1647 1716
1422 1943
356 989
106 501
1334 1808
1098 1621
249 495
1276 1791
419 526
3 92
1774 1877
363 1830
479 1088
1333 1600
1314 1847
1280 1531
426 1215
841 1964
1761 1995
1488 1836
288 1827
606 1015
433 1442
49 108
1198 1554
985 1475
1107 1202
961 1756
532 1027
809 1078
195 298
368 1142
135 673
944 1271
588 1588
1973 1985
1012 1356
268 959
943 1932
699 1856
310 848
1959 1979
1090 1951
1464 1502
351 428
1723 1983
357 1932
1695 1778
971 1570
1672 1768
973 1376
852 930
1096 1696
1426 1764
1441 1626
548 1481
455 1834
334 1960
1971 1988
768 894
858 1648
1301 1989
1889 1937
1757 1821
1424 1991
1038 1550
613 917
1897 1931
1201 1771
1644 1765
611 767
635 1682
802 819
305 1659
1465 1694
1291 1859
1973 1977
1261 1610
1835 1857
312 652
1424 1471
940 1900
1479 1918
117 1071
1488 1989
1359 1770
332 1959
272 933
616 811
262 1144
589 1684
1659 1828
1139 1401
295 1102
672 1229
1217 1227
648 1582
557 1780
826 1409
881 1720
1584 1878
973 1050
1537 1591
1860 1896
737 958
1964 1986
176 592
482 767
493 1995
336 538
959 1397
252 1394
1298 1551
1289 1679
629 782
685 1047
1209 1832
557 1589
1373 1569
29 853
1980 1990
246 1154
1751 1980
905 1508
1017 1330
1360 1665
1920 1995
1515 1956
1777 1920
834 1605
696 952
1133 1705
919 1924
1351 1385
160 821
1211 1597
333 1444
373 482
435 1548
1685 1808
1848 1988
1441 1770
1354 1420
732 1465
113 688
824 1528
612 814
317 679
768 1279
1555 1969
457 1937
1687 1733
782 1747
1139 1688
1048 1627
180 219
152 1968
745 772
184 1508
1223 1787
1720 1889
453 1349
371 999
39 1094
124 237
655 1573
11 1669
283 1113
1706 1952
1497 1877
263 1599
295 1663
1480 1684
1794 1953
1416 1794
1581 1972
91 1876
1538 1648
538 1665
950 1051
477 1841
1446 1557
131 1025
1182 1249
118 1904
5 71
1284 1926
556 1312
904 1407
457 1026
604 1500
594 638
588 659
1554 1718
805 1706
1506 1779
1475 1680
409 1966
363 532
1328 1673
106 345
1484 1536
1302 1425
1814 1849
1598 1659
1880 1967
1332 1801
1514 1902
440 960
1685 1892
349 577
1845 1854
1940 1948
958 1384
772 1485
813 1271
1315 1588
1390 1898
623 1360
711 1919
1657 1724
912 1090
920 1771
926 1599
783 1483
1431 1744
1408 1478
461 1576
105 1218
1510 1914
85 546
26 1847
876 1088
1617 1663
426 1247
1368 1528
1594 1842
1560 1695
1263 1604
1733 1747
439 1483
1372 1949
1988 1989
18 1038
170 1909
1436 1593
792 1475
1663 1869
1282 1818
545 837
1639 1968
1138 1188
1831 1960
804 1291
992 1794
399 1589
1665 1872
1166 1553
279 1958
1003 1281
376 398
1680 1926
1084 1802
1001 1417
826 1696
1389 1683
1864 1957
1892 1992
410 1676
1699 1794
1660 1736
1483 1876
1035 1963
752 1553
975 1472
1368 1631
567 1754
1375 1984
83 1665
1014 1835
325 1073
924 1145
251 1699
557 716
797 1316
132 1605
228 1927
312 1823
51 486
232 717
1356 1659
240 1116
247 1388
441 1196
1607 1861
1642 1757
1608 1764
1794 1834
1420 1606
814 1227
1482 1789
1886 1919
838 1047
927 1652
1351 1729
948 1265
522 933
1738 1980
421 1793
1642 1982
373 933
1717 1966
1090 1484
195 1019
1884 1891
1716 1899
638 751
1669 1865
1673 1913
197 1257
1066 1099
1113 1496
243 903
774 1186
1551 1745
433 1817
631 806
669 1495
1290 1604
340 1766
1398 1545
653 1091
1224 1940
402 1764
1604 1936
539 922
1250 1354
1264 1696
1882 1923
1775 1994
316 1812
242 1986
1233 1513
949 1892
541 1970
336 1104
180 1228
92 1317
1650 1857
1539 1709
1104 1587
1469 1669
1581 1816
692 925
1222 1392
966 1150
343 1296
1074 1487
1764 1880
1388 1844
160 1553
870 1840
1698 1922
1196 1845
1280 1873
454 1627
1990 1994
345 598
1279 1738
758 1015
578 924
1656 1959
1442 1807
523 1581
781 1390
1007 1586
1560 1715
856 1469
157 1851
675 1547
1732 1916
75 1339
949 1960
986 1105
628 1982
1613 1942
1781 1819
1736 1833
272 756
703 1661
504 627
1604 1678
1800 1935
10 1443
420 1346
1969 1994
1531 1602
290 444
651 975
1679 1760
1767 1971
1385 1897
861 1380
251 1462
1471 1596
541 901
510 1135
961 1824
1355 1785
962 1249
1229 1830
853 1453
533 1947
719 879
1262 1593
1849 1935
117 1879
1596 1738
1823 1874
762 963
1603 1806
535 1597
1196 1350
1124 1905
42 1211
1823 1939
1041 1071
629 1536
534 957
994 1088
1043 1267
1143 1714
554 1487
877 1170
1821 1895
268 1524
1475 1712
1115 1145
542 598
1264 1845
829 1461
1766 1828
1027 1277
1519 1741
872 1014
593 602
1076 1902
28 1616
1291 1983
514 1186
1458 1588
1659 1964
74 1755
1511 1657
1468 1586
1681 1699
893 1889
514 733
438 1866
1239 1788
176 1854
506 636
1334 1572
424 935
1662 1776
26 1381
161 1147
584 785
1908 1987
64 915
403 1641
1243 1875
1652 1654
1902 1927
1586 1881
633 1899
822 1365
221 1899
12 1159
454 1384
1936 1943
806 1262
1742 1847
1204 1819
1817 1970
1134 1736
1681 1947
666 733
93 265
818 1724
319 1409
1942 1967
1933 1941
284 286
1455 1618
836 1135
790 793
1312 1543
1985 1994
1269 1646
1885 1941
879 1873
1935 1956
1748 1956
486 1529
962 1020
1353 1650
1911 1963
120 1671
1133 1677
372 1752
131 915
1310 1579
1409 1670
1494 1988
1720 1852
1903 1942
594 1668
448 1715
991 1639
656 1057
1990 1996
38 899
738 1128
1846 1895
29 1546
1175 1196
447 556
1067 1199
745 1141
1052 1746
507 1081
1794 1985
1473 1956
1685 1723
1185 1281
1084 1560
1585 1768
822 971
1635 1854
1258 1921
895 907
785 1348
379 1145
1668 1834
96 982
165 1810
1611 1986
1141 1350
34 90
1916 1965
1162 1816
1866 1921
612 1030
734 1223
942 1252
1752 1971
802 1098
884 1924
150 1231
1234 1701
412 1920
1106 1709
1439 1746
457 1089
1856 1968
1368 1587
577 1517
1920 1982
1135 1382
1631 1977
903 1206
1279 1610
1761 1782
1407 1729
1930 1938
365 1991
1196 1711
1477 1682
1734 1768
747 1838
237 989
12 676
1551 1607
850 1124
899 1316
1749 1976
1480 1810
208 1558
512 1969
634 1505
1835 1858
275 1193
169 608
1029 1368
494 707
810 1863
1076 1157
684 1565
1622 1820
1981 1983
1235 1303
994 1414
1028 1893
574 1517
1608 1642
707 1801
1826 1967
1679 1806
838 1903
387 423
1662 1978
848 1798
130 1907
1294 1404
695 1877
498 1993
1408 1574
451 1453
650 1037
122 884
895 1900
156 1778
1315 1395
1148 1855
90 1899
30 589
8 1818
734 1367
1207 1340
1777 1912
148 1618
1728 1983
1076 1505
1485 1781
1329 1882
588 899
1366 1819
651 989
430 659
1817 1918
674 1664
105 849
1284 1460
688 1160
929 1662
934 956
1439 1599
1069 1726
1618 1967
1003 1919
1145 1706
580 771
432 1885
1270 1609
1129 1755
219 553
1038 1190
829 1187
624 1268
605 682
1636 1862
80 567
1624 1735
1865 1870
104 288
1928 1948
1141 1961
1216 1680
19 294
1120 1591
111 207
1394 1726
1981 1992
325 1584
1536 1878
1617 1836
714 1130
1787 1811
1466 1706
1553 1621
1849 1979
1687 1711
824 1447
1574 1704
424 526
337 1915
980 1568
975 1241
346 1604
532 552
1863 1867
736 935
934 1581
996 1090
9 1072
549 1619
1384 1623
207 1359
404 1498
1545 1629
623 839
77 1774
64 573
570 1861
824 1588
43 1427
542 599
1608 1619
1051 1081
557 1755
1374 1596
1749 1866
1841 1855
981 1853
941 1065
1882 1921
1070 1525
169 1867
216 1588
1832 1981
1566 1711
1259 1611
279 1331
173 1139
810 1839
1863 1902
1483 1615
1365 1702
1882 1987
210 1583
1796 1969
799 1592
1959 1987
379 1540
1077 1196
1038 1683
1552 1609
865 1201
1969 1976
1629 1801
178 1369
1876 1879
1194 1425
184 1903
1899 1900
551 1007
1571 1994
1402 1924
1159 1210
1914 1928
65 1217
1003 1360
1763 1800
1813 1860
1580 1667
1843 1860
1653 1772
725 963
693 900
1497 1625
875 1165
818 1113
1009 1538
1980 1991
1516 1902
957 1577
507 1085
1299 1487
1790 1918
1064 1372
1321 1495
966 1754
902 1299
229 1724
1000 1994
1678 1681
1466 1641
758 1461
1419 1468
621 1604
1553 1779
1296 1339
26 1115
1359 1664
476 1470
882 1991
354 524
551 1967
560 885
1938 1977
505 1347
916 1501
489 1153
1826 1991
90 1782
192 913
341 933
815 1991
733 1477
1345 1688
1302 1578
875 1065
1224 1305
909 1582
1927 1958
934 1590
1170 1550
111 1275
316 1222
636 1380
331 1139
674 1727
927 1701
1679 1862
242 569
1860 1947
1290 1905
689 1381
987 1726
611 1016
1266 1291
1070 1549
550 1532
1114 1227
1035 1640
542 1370
1187 1579
151 1801
1332 1510
1016 1263
88 1946
844 1864
1369 1665
1586 1630
1259 1996
1274 1664
1221 1465
1965 1970
91 749
15 1598
1753 1915
275 530
53 1455
1212 1949
309 1804
1273 1640
1378 1524
1040 1967
1219 1534
232 556
914 1957
442 1648
1914 1994
1153 1246
1526 1833
1106 1872
1319 1938
1591 1868
491 1708
1744 1931
322 898
1903 1906
447 1290
209 1401
1591 1707
1611 1794
644 1269
932 1919
454 576
1942 1987
982 1989
1947 1978
1002 1265
936 1282
471 1063
1176 1976
1741 1880
1071 1287
1824 1901
674 1118
1010 1197
1888 1901
959 1018
547 1003
1031 1826
1145 1183
741 1093
1237 1278
857 996
1265 1860
1541 1714
848 1181
888 952
1991 1994
223 1210
1060 1296
900 1504
1429 1523
1548 1981
1754 1772
1777 1889
469 585
843 1643
1865 1996
1863 1920
1506 1705
1507 1881
629 1878
1304 1887
306 1040
286 956
630 1125
986 1260
1660 1966
665 1519
395 1894
505 697
1370 1779
693 1567
1684 1841
1324 1726
1035 1912
165 513
1941 1955
536 846
759 1681
505 1966
952 1014
601 916
1172 1462
479 1292
1182 1689
1828 1854
254 1249
320 832
1477 1694
859 1432
1482 1591
1115 1220
1616 1773
1897 1987
28 450
463 570
970 1482
1608 1760
998 1691
522 1575
1191 1278
1192 1561
197 1355
804 1581
1061 1752
1598 1757
41 1041
1002 1202
982 1178
952 1545
1441 1888
774 1443
1052 1514
1229 1492
1579 1952
259 338
953 1617
105 1857
378 1949
341 1045
370 1823
16 448
1801 1968
907 1082
1420 1856
1132 1829
307 1492
620 1043
1293 1518
623 1533
1660 1845
1987 1996
480 1814
200 1924
1885 1951
1410 1759
1171 1462
618 1817
400 1308
1625 1712
415 577
119 426
1954 1965
998 1389
1785 1918
224 1142
1158 1758
38 1518
1314 1508
1730 1925
1746 1812
1747 1986
1712 1725
969 1303
246 591
596 1651
453 752
289 1387
60 1711
871 1393
1805 1934
254 1207
1916 1965
555 982
1667 1671
533 1844
126 1400
209 1737
1916 1933
104 1475
1302 1556
860 1747
1941 1942
1947 1991
1296 1503
605 793
263 346
1052 1403
1377 1574
1640 1826
1009 1095
1261 1887
1317 1642
205 242
118 332
928 1639
896 1103
1636 1855
344 1236
373 1528
384 809
1496 1824
922 1775
1241 1388
450 1539
1878 1993
1774 1965
1180 1183
929 1944
640 1735
614 849
143 1923
1835 1875
1044 1383
1619 1916
1618 1708
676 1386
976 1441
104 1960
923 1176
1352 1783
389 758
981 1209
1154 1841
1939 1972
906 1677
1426 1646
1058 1255
1601 1894
1732 1928
786 1098
477 1601
1817 1955
178 1983
1851 1877
1990 1993
1409 1863
119 1664
1381 1823
1765 1854
548 1741
1768 1921
1570 1631
1292 1797
1257 1522
809 1652
1342 1667
571 1820
757 1076
914 1973
399 1683
1383 1664
1319 1907
1093 1360
789 1140
1458 1631
260 1141
118 949
1595 1890
1786 1867
1514 1952
942 1461
672 1609
1475 1583
1895 1931
1018 1265
1946 1973
745 1319
789 944
583 747
521 1245
107 735
1676 1685
853 1651
680 1744
246 601
219 987
1692 1725
871 888
62 321
1051 1605
1939 1993
916 1881
1551 1968
636 1588
1988 1994
1596 1912
674 1670
900 1002
1635 1814
77 1934
308 1319
1813 1855
695 1178
828 1845
844 1776
1899 1991
1568 1650
599 1143
777 1442
475 907
861 1338
1148 1305
1472 1880
1721 1983
1112 1462
786 1076
1797 1801
827 1304
548 1031
125 1886
1388 1619
1488 1816
1562 1902
292 379
1160 1666
1782 1922
822 1615
443 1753
756 892
1698 1924
791 1956
559 1237
1144 1314
1598 1708
1450 1917
748 1212
90 1570
1478 1484
90 1787
1172 1750
1902 1926
594 598
1546 1831
1478 1660
1193 1861
7 714
1256 1468
1576 1742
382 998
364 485
1663 1664
1992 1996
258 1208
540 1469
91 869
1920 1975
459 742
1745 1960
1351 1968
1863 1905
625 1427
481 937
339 1443
1305 1769
1493 1969
1 754
1445 1789
1012 1875
968 1090
246 1371
380 1472
985 1321
1779 1812
1382 1964
1381 1775
1553 1590
850 1820
1552 1566
991 1133
1311 1707
1448 1549
1016 1134
376 1618
1754 1923
565 837
1715 1972
497 1327
801 1923
472 907
1292 1340
84 984
1959 1984
258 1292
1892 1957
1458 1461
1535 1592
287 1929
1421 1505
619 1501
1580 1751
1724 1842
1434 1487
1142 1374
357 825
1279 1360
722 1872
1422 1945
1046 1373
875 1586
1439 1558
365 1925
1515 1756
249 1952
1510 1519
934 1916
503 1935
571 1564
840 1171
608 1349
354 988
423 1513
1403 1870
1407 1923
1121 1697
1049 1202
1435 1771
228 481
1458 1978
1163 1455
1451 1935
1930 1993
440 1777
205 1903
1776 1961
49 1195
480 1984
1490 1544
1861 1942
185 221
393 1089
1851 1975
1529 1773
1167 1523
796 981
1189 1722
591 946
619 1370
756 1361
724 1464
850 1428
623 1822
301 552
692 919
1269 1448
1652 1978
1773 1928
662 811
1013 1388
443 1733
54 1842
790 1344
1312 1817
197 317
284 900
668 1755
509 1254
651 927
1446 1874
1515 1528
805 1618
576 970
1817 1872
1199 1749
620 672
104 618
933 1038
1845 1960
585 1242
1567 1695
935 1801
1698 1969
1237 1417
911 1206
458 505
425 1250
1928 1994
1773 1974
1463 1845
1366 1756
1613 1867
205 795
1554 1638
332 1009
1256 1655
1234 1675
604 1585
1636 1679
1832 1961
903 1061
704 977
531 990
1001 1679
654 688
327 1812
716 1862
729 834
1671 1741
473 802
51 1859
1160 1705
1544 1668
1049 1228
1314 1680
601 1547
126 150
1227 1527
161 921
602 1969
1538 1824
1697 1888
1280 1638
1813 1987
1078 1523
1645 1964
979 1901
1305 1539
1415 1967
1352 1881
1272 1987
345 1332
382 1804
423 720
1858 1982
1206 1554
219 518
747 1421
1603 1731
740 1574
1314 1986
796 1592
1876 1926
185 252
1725 1930
891 1335
448 781
71 319
618 1524
1805 1940
1694 1954
1527 1965
621 1832
1558 1996
22 1678
955 1472
832 1594
1505 1775
129 906
1634 1653
1321 1447
782 1534
80 84
547 852
1125 1740
439 1091
956 1864
1925 1961
1464 1516
1796 1941
436 852
1695 1925
615 1107
204 299
1296 1674
1241 1834
1106 1638
777 1589
827 1716
1354 1753
1926 1960
61 463
1175 1649
560 1878
1666 1901
1814 1896
1197 1475
1084 1126
767 1208
160 1667
1632 1880
291 606
1381 1534
1972 1982
490 1533
1338 1495
521 1994
1545 1904
1598 1682
710 1880
67 147
1246 1630
1143 1180
513 1336
814 1700
662 1861
750 1530
1521 1751
1972 1985
1453 1468
617 1431
587 1367
198 1427
436 1654
966 1896
1717 1978
1593 1947
396 1245
954 1719
11 694
1835 1899
1175 1279
1818 1918
1329 1333
1608 1949
1578 1843
740 1133
1706 1725
899 1080
209 1246
1607 1883
807 1714
473 1757
238 625
976 1436
47 219
291 1747
679 1972
513 738
1074 1759
274 1155
150 936
856 1328
1860 1916
123 1153
1014 1973
1070 1795
274 532
777 882
98 1738
86 818
1375 1452
709 932
598 1584
834 856
1824 1828
608 1600
1181 1869
1491 1693
1163 1789
892 1416
190 1509
1810 1874
138 295
232 611
656 1940
1351 1788
1045 1457
174 434
1421 1900
1739 1988
549 1051
1411 1665
1002 1751
1532 1674
584 1553
189 1022
984 1990
814 1251
709 931
1565 1575
1531 1778
1936 1991
1886 1963
310 1851
115 237
19 213
1645 1775
1470 1587
1116 1498
481 1487
164 1718
138 1713
662 1995
623 1970
863 1630
1567 1862
1889 1995
1413 1483
1150 1335
1068 1135
33 492
337 1042
209 743
883 1708
395 986
1244 1711
944 1812
1951 1978
328 1019
626 913
1613 1721
725 1981
377 1842
192 492
404 1126
1041 1468
1851 1912
461 1970
1992 1994
1040 1855
1405 1905
1920 1944
1119 1195
426 536
267 1692
1060 1096
1300 1886
1091 1458
992 1454
1881 1900
828 1095
395 665
1000 1871
48 1874
1436 1735
1275 1479
995 1418
1135 1290
666 1061
1621 1725
698 825
125 962
1015 1759
171 1177
489 1125
688 1631
1757 1772
1375 1812
483 1690
1083 1624
154 506
177 1925
319 1502
1372 1752
1111 1925
184 1656
310 1490
537 684
1735 1990
1104 1251
1435 1875
1245 1385
983 1931
1027 1103
535 1070
1433 1737
51 1085
1180 1844
148 472
1876 1902
1941 1947
941 1456
1045 1972
1490 1905
954 1102
1000 1973
199 1687
1256 1259
1248 1842
720 1996
1826 1871
302 1603
1504 1612
663 1618
528 783
1290 1944
1924 1956
693 981
1844 1931
51 1089
979 1363
1814 1943
540 784
417 562
1631 1781
312 596
185 190
1741 1885
1443 1556
1421 1659
722 1320
294 1473
1960 1963
121 623
1873 1981
1919 1969
1202 1580
656 1095
1546 1621
1817 1922
1327 1699
281 1723
442 608
834 1053
210 313
1821 1871
599 1981
983 1765
1358 1978
283 1850
917 1440
827 1472
483 575
1411 1485
276 769
1921 1975
252 1270
1393 1989
1916 1985
1772 1800
1707 1736
1374 1457
1114 1760
289 1129
1960 1987
844 1016
461 724
455 1008
1119 1370
201 1758
1584 1949
708 1762
924 1868
451 784
341 958
418 575
195 408
965 1735
633 1460
670 956
1497 1599
1804 1930
55 1418
689 891
1800 1927
1639 1760
609 1910
1345 1349
431 1209
1555 1984
416 1255
1041 1154
1322 1508
1361 1750
621 1796
58 665
1985 1987
1569 1696
262 702
1067 1093
185 986
161 250
1714 1935
876 1758
1077 1858
1949 1968
181 926
790 1170
199 913
1471 1472
1822 1825
1050 1354
1826 1950
1054 1175
1313 1666
370 489
526 1055
421 1756
630 1585
1927 1952
1801 1946
1841 1850
292 1980
27 499
76 822
1120 1660
907 925
1850 1987
513 1940
137 629
238 1168
1292 1630
248 945
767 1198
158 1447
698 1926
444 1465
282 1174
1393 1604
392 489
1258 1497
1136 1960
495 1728
17 1848
1106 1294
418 817
1588 1922
619 1204
295 1120
1593 1716
1131 1681
1704 1910
427 1467
1661 1803
1825 1933
1082 1237
1326 1927
389 442
846 900
485 971
1497 1881
1029 1536
1689 1908
243 1683
1119 1707
486 1447
1382 1799
1482 1951
1499 1524
709 929
35 1967
204 236
1046 1735
547 1252
1683 1854
1836 1937
1873 1981
922 996
1385 1422
285 1926
1688 1925
320 1602
1004 1170
1459 1511
1651 1731
462 1433
1897 1911
1575 1942
1680 1959
1402 1602
698 889
686 777
1652 1714
213 603
251 1222
510 823
776 835
14 1498
1748 1865
1852 1963
289 1812
278 440
1294 1441
1489 1721
1575 1677
709 1667
193 801
596 1626
817 888
1193 1196
233 976
823 1583
1499 1665
1368 1439
826 1183
1476 1909
981 1474
1807 1824
1879 1977
1273 1752
1277 1510
275 1306
629 1578
1859 1871
1875 1979
149 911
1258 1405
1538 1859
1533 1977
794 1590
1049 1696
1944 1952
402 1740
1531 1686
1641 1963
1428 1893
1322 1820
1668 1773
433 906
808 1103
1088 1449
1503 1678
1982 1994
105 164
1141 1799
1303 1658
1797 1868
119 1623
790 1096
938 949
216 304
1556 1603
1799 1823
1331 1960
768 1142
1361 1918
480 482
459 1658
788 1592
81 605
49 330
1576 1890
1447 1530
580 1946
692 1723
1924 1940
964 1416
29 592
742 1574
113 342
591 1076
1684 1943
1034 1426
638 723
37 1772
435 875
1558 1897
999 1911
1108 1740
731 1309
1974 1988
180 1481
1159 1832
1565 1920
881 1581
1164 1405
692 1207
1581 1971
1269 1913
1080 1746
548 1585
1616 1682
1992 1994
139 657
1270 1379
1523 1798
664 716
841 877
1475 1710
948 1731
359 1151
1664 1907
1918 1969
1444 1844
406 869
747 1672
805 1526
400 841
1784 1880
1819 1979
1097 1685
966 1596
559 1735
1901 1985
1713 1938
1351 1398
618 1919
1600 1988
507 1869
465 1371
420 1356
349 1310
1145 1968
417 1487
985 1513
164 1980
574 892
105 1303
1818 1886
1932 1961
435 1276
445 638
1183 1579
1743 1936
324 431
640 1893
167 833
1463 1544
653 970
854 1350
372 1750
1918 1985
1983 1987
794 1062
1645 1919
679 1765
1463 1842
1726 1764
1777 1983
284 416
573 1624
573 948
420 622
49 1921
541 1460
454 1769
342 1526
1582 1919
1989 1996
1534 1647
246 1379
935 1932
1360 1551
1739 1741
1689 1720
283 971
1481 1686
90 1364
972 1861
546 1150
181 1182
1455 1815
557 1215
439 1667
402 600
1109 1803
17 1853
1077 1520
749 803
779 1744
1492 1981
801 826
1673 1887
112 250
1275 1410
705 707
175 1625
620 783
1155 1380
1793 1826
256 674
1800 1940
1743 1888
698 1665
1549 1661
1087 1476
1446 1694
1917 1930
185 1362
1663 1701
1716 1812
562 668
1813 1938
270 504
143 1086
1625 1988
1715 1804
1810 1915
1785 1863
336 1503
1601 1788
362 1090
925 934
1411 1905
1606 1926
1209 1272
1647 1913
1260 1424
1243 1817
1443 1732
1133 1955
605 1033
679 1489
1036 1787
811 1121
1019 1829
693 1722
209 1236
1071 1256
1005 1203
1477 1654
1509 1670
655 956
940 1854
1169 1373
1182 1800
564 1779
1019 1861
1440 1774
845 1255
1731 1884
1278 1857
308 1872
362 918
375 826
565 779
1250 1744
923 1769
997 1410
1324 1653
1320 1523
485 1995
151 1282
1153 1409
752 1399
557 664
288 1555
947 1849
1266 1417
1969 1973
1646 1726
613 1543
1266 1915
441 1289
259 1688
1127 1221
1992 1994
1639 1905
693 1475
700 1042
460 1598
1458 1873
601 1100
609 1474
1551 1976
480 1817
160 1380
136 891
1840 1900
440 1172
182 1359
199 841
1053 1610
1735 1774
1969 1993
1937 1947
843 1359
1293 1425
1768 1889
1682 1882
495 1137
1299 1673
1965 1989
1959 1968
1003 1412
993 1439
1659 1962
983 1207
526 919
1357 1782
803 1771
697 1859
1379 1459
437 969
477 903
1608 1870
1027 1942
1352 1781
1748 1965
1327 1479
562 1654
56 538
660 1591
1845 1995
1758 1855
678 1587
732 1111
1476 1640
704 1836
827 1051
1915 1967
530 1203
1360 1470
1194 1678
1236 1268
707 939
32 1880
420 1354
1863 1987
757 1612
1319 1408
718 833
806 1777
71 833
711 983
499 1203
1152 1200
333 1447
1012 1354
34 800
539 1297
1045 1556
772 1949
1839 1891
1766 1891
1608 1962
1298 1572
268 513
324 1607
1680 1930
1431 1630
1249 1743
1762 1888
1451 1914
13 1003
1210 1728
1595 1942
592 1924
1299 1860
1935 1938
66 665
826 1627
227 1417
1953 1954
1365 1456
824 1825
1349 1362
1212 1661
789 1972
1005 1977
1639 1950
747 1578
981 1180
1951 1996
1053 1962
683 1716
205 1696
1640 1918
1037 1687
638 1239
25 366
733 926
377 495
1666 1802
1031 1894
1514 1677
532 1232
460 1507
503 871
1801 1901
1783 1891
912 1641
614 1874
158 1199
440 467
723 1979
489 1818
477 504
1285 1925
492 1223
1017 1526
387 1345
1788 1802
160 1006
820 1704
586 1901
1091 1554
381 1503
1942 1980
1900 1940
1844 1895
626 733
1967 1990
258 520
40 519
718 1362
1140 1409
125 691
1481 1803
1039 1645

