997 4996 98
1 2
1 3
2 4
2 5
3 6
6 7
7 8
6 9
8 10
9 11
11 12
11 13
13 14
14 15
13 16
14 17
17 18
17 19
19 20
19 21
20 22
21 23
22 24
22 25
25 26
26 27
26 28
28 29
28 30
29 31
29 32
31 33
33 34
32 35
34 36
35 37
37 38
36 39
39 40
38 41
41 42
40 43
43 44
43 45
44 46
46 47
47 48
47 49
47 50
48 51
50 52
52 53
52 54
52 55
55 56
56 57
55 58
58 59
57 60
59 61
61 62
60 63
62 64
63 65
65 66
66 67
66 68
66 69
69 70
70 71
71 72
71 73
72 74
73 75
74 76
75 77
76 78
76 79
77 80
78 81
79 82
80 83
83 84
84 85
84 86
86 87
86 88
87 89
89 90
90 91
91 92
91 93
93 94
93 95
95 96
96 97
97 98
96 99
97 100
100 101
100 102
101 103
101 104
102 105
104 106
105 107
107 108
107 109
108 110
110 111
109 112
110 113
111 114
114 115
114 116
115 117
115 118
116 119
118 120
118 121
119 122
121 123
123 124
122 125
124 126
126 127
127 128
126 129
128 130
128 131
129 132
132 133
132 134
134 135
134 136
136 137
135 138
138 139
137 140
140 141
141 142
141 143
142 144
143 145
143 146
145 147
146 148
148 149
149 150
148 151
150 152
152 153
151 154
153 155
155 156
154 157
157 158
156 159
158 160
160 161
159 162
161 163
163 164
163 165
165 166
166 167
165 168
167 169
168 170
169 171
170 172
171 173
172 174
174 175
173 176
174 177
176 178
178 179
179 180
180 181
181 182
181 183
181 184
182 185
185 186
185 187
186 188
186 189
187 190
188 191
189 192
191 193
192 194
192 195
194 196
195 197
196 198
197 199
198 200
198 201
201 202
201 203
203 204
202 205
205 206
206 207
206 208
206 209
207 210
208 211
210 212
210 213
212 214
212 215
213 216
216 217
216 218
218 219
217 220
220 221
220 222
220 223
222 224
224 225
224 226
224 227
225 228
228 229
227 230
229 231
231 232
230 233
231 234
232 235
235 236
234 237
236 238
236 239
239 240
240 241
239 242
240 243
241 244
243 245
244 246
244 247
245 248
246 249
248 250
248 251
250 252
251 253
252 254
252 255
254 256
254 257
255 258
256 259
257 260
258 261
260 262
260 263
262 264
262 265
264 266
266 267
265 268
268 269
267 270
270 271
271 272
270 273
272 274
272 275
273 276
274 277
276 278
276 279
279 280
278 281
281 282
281 283
283 284
283 285
285 286
284 287
285 288
288 289
289 290
290 291
290 292
291 293
291 294
294 295
293 296
296 297
296 298
296 299
299 300
298 301
300 302
300 303
302 304
303 305
303 306
305 307
306 308
307 309
308 310
309 311
310 312
311 313
312 314
313 315
313 316
316 317
315 318
317 319
318 320
320 321
320 322
321 323
323 324
324 325
325 326
326 327
327 328
326 329
327 330
328 331
331 332
331 333
332 334
334 335
333 336
334 337
337 338
336 339
337 340
339 341
339 342
342 343
341 344
343 345
343 346
346 347
346 348
346 349
349 350
350 351
349 352
352 353
352 354
352 355
355 356
356 357
355 358
358 359
358 360
360 361
361 362
362 363
362 364
364 365
364 366
364 367
367 368
367 369
369 370
369 371
369 372
371 373
372 374
374 375
375 376
376 377
376 378
378 379
379 380
380 381
381 382
382 383
382 384
383 385
384 386
384 387
385 388
387 389
389 390
390 391
389 392
392 393
392 394
394 395
394 396
394 397
395 398
396 399
398 400
398 401
401 402
400 403
403 404
403 405
404 406
406 407
406 408
407 409
409 410
408 411
409 412
412 413
412 414
413 415
413 416
414 417
417 418
416 419
418 420
420 421
419 422
422 423
422 424
422 425
424 426
424 427
427 428
428 429
428 430
430 431
430 432
432 433
433 434
432 435
433 436
435 437
435 438
438 439
437 440
440 441
439 442
441 443
443 444
444 445
444 446
444 447
447 448
447 449
447 450
450 451
451 452
451 453
452 454
453 455
453 456
454 457
456 458
457 459
457 460
458 461
460 462
460 463
461 464
462 465
463 466
464 467
467 468
467 469
468 470
468 471
471 472
471 473
471 474
474 475
474 476
475 477
475 478
477 479
477 480
479 481
479 482
481 483
483 484
483 485
485 486
486 487
487 488
486 489
489 490
489 491
489 492
492 493
493 494
492 495
493 496
495 497
495 498
498 499
499 500
499 501
499 502
501 503
502 504
501 505
503 506
505 507
504 508
499 509
500 510
506 511
509 512
511 513
498 514
510 515
507 516
499 517
503 518
514 519
511 520
508 521
516 522
503 523
521 524
511 525
501 526
509 527
526 528
518 529
528 530
510 531
525 532
528 533
502 534
506 535
500 536
530 537
505 538
530 539
531 540
507 541
533 542
532 543
510 544
509 545
499 546
510 547
508 548
531 549
535 550
498 551
547 552
528 553
509 554
521 555
523 556
545 557
522 558
519 559
527 560
549 561
544 562
533 563
533 564
546 565
505 566
508 567
551 568
534 569
560 570
562 571
555 572
515 573
550 574
505 575
553 576
507 577
555 578
560 579
576 580
567 581
566 582
539 583
539 584
566 585
565 586
556 587
516 588
543 589
506 590
507 591
567 592
533 593
561 594
517 595
527 596
572 597
508 598
573 599
546 600
591 601
574 602
548 603
594 604
535 605
522 606
576 607
533 608
578 609
546 610
540 611
538 612
520 613
503 614
504 615
515 616
543 617
612 618
534 619
516 620
524 621
605 622
613 623
532 624
580 625
575 626
504 627
564 628
584 629
537 630
519 631
520 632
547 633
595 634
620 635
506 636
626 637
511 638
599 639
591 640
560 641
503 642
607 643
642 644
510 645
633 646
530 647
500 648
611 649
583 650
649 651
586 652
644 653
610 654
542 655
562 656
595 657
603 658
639 659
548 660
529 661
525 662
594 663
498 664
568 665
547 666
588 667
595 668
567 669
539 670
574 671
625 672
668 673
533 674
673 675
568 676
631 677
502 678
540 679
604 680
500 681
576 682
508 683
628 684
531 685
504 686
574 687
664 688
600 689
646 690
588 691
658 692
504 693
647 694
505 695
633 696
507 697
580 698
660 699
666 700
655 701
669 702
693 703
545 704
639 705
530 706
600 707
645 708
686 709
593 710
587 711
644 712
661 713
651 714
566 715
672 716
694 717
656 718
652 719
648 720
612 721
555 722
690 723
687 724
649 725
561 726
667 727
702 728
609 729
657 730
543 731
644 732
594 733
498 734
535 735
733 736
726 737
563 738
680 739
691 740
532 741
691 742
612 743
694 744
510 745
718 746
713 747
566 748
689 749
733 750
750 751
716 752
623 753
552 754
504 755
577 756
692 757
563 758
560 759
599 760
699 761
727 762
700 763
500 764
583 765
546 766
523 767
705 768
658 769
616 770
760 771
749 772
770 773
633 774
548 775
772 776
689 777
708 778
526 779
723 780
528 781
695 782
611 783
634 784
675 785
700 786
513 787
776 788
559 789
707 790
734 791
747 792
522 793
608 794
627 795
741 796
606 797
693 798
747 799
567 800
792 801
657 802
698 803
510 804
646 805
712 806
593 807
549 808
512 809
584 810
653 811
662 812
571 813
564 814
804 815
543 816
555 817
769 818
631 819
553 820
542 821
740 822
793 823
811 824
819 825
687 826
768 827
701 828
621 829
722 830
550 831
535 832
617 833
730 834
827 835
675 836
653 837
581 838
663 839
757 840
513 841
724 842
596 843
612 844
796 845
767 846
798 847
626 848
526 849
514 850
655 851
786 852
595 853
682 854
785 855
592 856
605 857
654 858
581 859
810 860
589 861
520 862
752 863
625 864
858 865
598 866
796 867
650 868
736 869
655 870
658 871
671 872
825 873
840 874
514 875
729 876
566 877
740 878
736 879
691 880
863 881
767 882
690 883
758 884
698 885
700 886
657 887
745 888
624 889
546 890
817 891
845 892
729 893
505 894
578 895
673 896
626 897
822 898
758 899
741 900
662 901
675 902
503 903
729 904
628 905
735 906
633 907
738 908
608 909
747 910
606 911
514 912
769 913
645 914
686 915
566 916
806 917
857 918
768 919
704 920
667 921
549 922
673 923
569 924
809 925
923 926
724 927
844 928
556 929
702 930
723 931
504 932
912 933
672 934
920 935
789 936
751 937
887 938
642 939
601 940
934 941
734 942
668 943
773 944
552 945
820 946
526 947
587 948
875 949
892 950
521 951
922 952
872 953
812 954
647 955
750 956
639 957
840 958
533 959
747 960
673 961
809 962
843 963
962 964
933 965
570 966
583 967
629 968
801 969
750 970
666 971
787 972
695 973
633 974
960 975
845 976
882 977
582 978
809 979
588 980
880 981
543 982
933 983
917 984
656 985
538 986
521 987
714 988
519 989
820 990
770 991
617 992
582 993
862 994
781 995
697 996
809 997
681 897
796 817
495 705
461 982
262 938
18 554
944 990
623 918
810 812
426 526
211 805
306 812
370 889
342 513
696 860
499 932
920 978
471 980
636 886
704 742
91 383
196 870
727 883
747 753
24 513
872 919
849 888
434 718
720 974
587 975
857 917
785 797
793 838
368 674
717 995
879 969
160 239
325 846
817 940
9 451
197 611
345 801
672 860
541 674
632 860
122 882
235 845
132 887
869 965
814 823
762 890
267 659
391 734
561 789
312 739
720 966
872 876
718 747
356 961
680 842
503 679
769 973
874 878
36 230
149 271
535 969
381 720
284 883
8 449
422 911
612 708
662 863
774 836
155 692
235 630
675 744
599 822
668 960
687 876
415 423
592 850
853 898
156 289
159 221
30 262
58 86
94 202
419 427
394 473
698 880
116 748
499 609
315 383
628 925
397 712
780 976
587 978
188 859
214 554
645 881
120 431
125 440
930 947
155 774
913 977
78 469
205 702
917 997
145 326
242 687
751 869
920 943
402 540
834 922
43 634
983 997
364 366
198 667
4 712
296 397
556 825
311 546
855 993
95 458
370 604
110 559
190 420
236 826
628 738
606 734
49 122
822 867
909 971
224 299
69 297
966 996
816 957
818 924
739 850
829 943
583 948
334 896
69 735
480 638
27 730
333 790
729 974
38 331
662 940
101 864
442 556
106 959
844 904
600 630
152 602
735 992
695 745
352 415
536 826
15 111
359 496
167 489
471 811
426 477
297 516
275 306
585 889
649 726
430 809
818 855
924 941
256 453
572 946
646 760
926 990
729 901
780 971
956 983
861 890
620 881
870 901
313 508
404 666
857 903
828 838
847 908
70 566
212 705
386 738
749 782
921 958
299 893
439 964
102 478
987 997
885 939
219 324
594 940
210 531
670 986
33 796
687 736
502 564
910 982
290 328
543 764
773 899
213 719
777 859
343 778
620 694
333 774
192 959
218 652
543 800
994 997
250 752
702 877
735 856
612 983
728 910
334 547
444 955
871 981
549 930
82 224
725 902
55 189
69 796
503 792
50 367
359 657
634 643
205 617
175 752
816 928
219 838
996 997
42 246
33 422
719 856
907 935
761 981
91 190
292 807
799 834
814 819
682 767
160 660
896 933
643 655
881 936
620 854
828 963
769 802
330 580
805 939
537 765
115 191
571 674
549 693
712 843
761 901
721 740
169 649
923 928
919 927
526 656
876 997
940 960
921 944
403 592
494 578
728 920
123 412
786 917
297 791
909 993
265 494
591 943
198 859
474 826
226 960
873 955
141 285
67 280
593 617
33 523
869 946
91 969
684 772
379 615
219 994
174 906
930 951
619 868
208 325
688 921
774 986
928 943
532 735
706 788
627 801
432 620
723 948
641 798
289 327
354 857
766 935
72 699
470 766
287 767
98 363
965 984
766 809
41 858
538 782
210 222
530 953
512 709
523 713
897 992
268 311
86 580
634 783
190 431
480 808
546 771
168 592
397 919
404 872
422 468
888 969
678 764
267 923
715 838
107 186
116 405
145 606
977 994
827 834
9 824
769 787
520 807
897 990
799 846
982 994
878 978
799 831
127 209
685 694
417 954
634 833
361 690
337 389
888 988
604 858
904 972
232 401
59 260
520 988
728 955
602 685
698 827
391 470
832 916
723 794
826 914
938 978
38 548
226 297
413 854
186 536
774 793
956 982
16 506
863 925
304 725
831 956
294 599
75 88
257 861
603 640
564 821
943 947
526 944
379 951
154 916
651 807
687 955
961 977
276 744
41 282
744 966
539 543
814 828
529 997
192 715
935 994
40 667
503 694
214 356
866 870
97 887
704 705
942 973
5 278
457 734
171 818
3 476
45 279
775 789
923 939
49 443
26 360
570 803
575 978
417 545
46 744
65 238
852 958
340 691
917 955
969 995
486 527
8 376
446 511
838 888
346 591
822 896
654 978
701 758
667 689
223 872
143 512
250 346
464 574
953 966
471 662
444 822
482 738
912 949
831 855
355 394
140 779
135 758
146 858
84 691
215 870
794 888
299 724
131 174
825 847
585 943
537 582
430 544
829 860
214 469
115 840
21 767
837 849
324 731
232 590
26 804
574 975
180 948
837 908
528 745
564 784
29 292
487 501
565 580
935 966
671 971
171 416
480 623
695 765
663 665
853 905
593 821
945 964
713 851
47 409
263 640
653 893
926 954
667 692
876 992
194 537
694 921
107 168
480 843
482 899
230 930
166 316
177 508
37 334
884 933
241 454
82 120
598 973
436 574
590 815
915 952
990 994
88 563
9 827
483 727
131 829
970 977
501 996
255 486
809 985
480 836
126 368
105 767
481 827
944 997
677 981
123 776
901 963
687 778
481 676
468 956
196 725
956 985
734 959
520 684
559 593
60 151
949 966
926 950
483 938
199 844
154 623
207 603
615 617
640 974
186 315
159 777
256 313
110 492
646 678
438 453
837 969
681 769
544 557
411 832
47 219
24 638
699 953
817 941
526 796
897 917
228 359
488 717
607 629
44 63
826 932
635 929
533 710
29 448
891 974
480 494
585 721
468 964
707 857
293 469
159 520
97 432
428 987
580 903
545 920
93 898
665 907
595 720
766 894
936 967
397 768
348 486
446 530
352 897
441 643
425 773
263 751
962 977
85 501
265 879
899 969
319 456
116 446
520 578
232 431
768 850
892 986
735 891
737 787
187 271
246 557
652 894
2 855
706 795
652 842
994 997
350 432
551 772
947 969
669 707
839 942
614 898
932 934
763 880
500 534
817 865
986 992
265 883
618 738
259 853
772 835
204 827
468 509
268 730
59 763
986 991
255 342
803 866
754 866
961 972
594 888
144 348
425 838
738 820
467 501
171 911
696 703
433 931
180 699
567 784
812 856
787 879
111 755
706 806
772 983
578 876
21 712
803 847
328 386
459 663
994 995
985 989
553 835
935 937
270 405
950 997
551 928
89 460
772 820
638 728
113 118
927 966
837 911
516 866
737 786
362 852
351 594
32 726
52 90
12 754
268 439
430 505
156 890
742 820
34 320
325 375
795 949
599 672
565 790
194 277
879 908
678 721
476 867
408 538
452 853
436 733
751 759
18 932
352 820
524 862
148 326
879 969
632 911
572 674
930 933
293 641
415 655
955 964
47 358
68 117
508 651
556 789
436 914
85 316
121 911
549 985
684 837
143 936
108 997
113 204
394 697
337 834
970 985
177 278
251 297
954 975
85 501
305 494
113 319
413 747
303 698
70 350
357 498
502 555
664 945
759 976
553 853
958 964
340 351
74 472
748 810
837 948
236 996
292 653
262 575
263 726
746 987
538 803
528 585
697 981
167 381
466 480
271 538
340 658
905 938
57 403
584 977
428 714
627 705
542 923
93 290
761 899
340 532
808 942
650 760
795 939
856 993
892 996
571 771
231 655
903 905
317 388
505 869
950 997
937 993
230 421
277 888
610 717
275 672
387 862
687 986
439 514
310 772
411 505
613 975
284 479
758 971
213 702
319 840
439 574
617 706
543 560
511 968
186 217
952 953
815 932
335 703
856 974
158 679
270 731
414 712
672 815
884 966
11 548
649 660
94 710
379 969
704 802
840 922
302 830
463 517
847 928
99 824
978 994
146 868
401 694
874 972
779 905
803 956
562 718
134 393
634 858
339 444
511 976
716 944
174 181
540 928
273 774
339 967
704 988
133 518
969 971
946 992
17 157
514 740
3 739
497 913
534 903
390 647
459 827
368 784
657 765
157 873
980 990
291 401
481 614
569 759
760 858
986 991
424 894
402 972
344 748
155 560
780 977
285 318
42 835
517 773
134 793
272 895
694 851
613 936
43 531
489 952
188 770
154 556
61 925
169 844
52 286
225 536
149 184
315 621
786 978
589 768
574 939
256 778
494 545
319 672
462 749
849 877
399 718
323 546
759 867
62 315
551 977
720 932
17 927
752 970
870 961
55 461
156 984
302 609
181 281
173 213
36 541
158 467
68 276
224 635
383 929
750 869
599 771
152 618
209 644
12 962
763 828
376 460
424 799
7 577
520 940
163 319
394 398
326 744
940 991
322 755
631 934
105 909
971 986
291 498
77 460
570 734
915 953
314 518
827 971
476 755
4 177
86 875
875 910
259 474
364 739
355 689
892 948
210 545
877 900
328 619
506 793
172 467
820 870
306 610
109 489
552 922
41 59
733 929
758 767
703 826
239 355
663 734
52 907
35 108
24 327
559 669
568 850
346 555
107 917
470 922
51 364
62 606
742 750
148 485
33 354
660 925
459 700
853 995
567 844
13 96
876 894
993 995
662 917
861 881
239 708
635 814
342 391
398 524
178 931
397 784
569 750
348 614
506 527
97 529
584 810
40 166
440 642
405 783
405 731
196 296
677 920
362 663
695 815
330 403
402 793
524 969
371 498
115 565
121 951
77 886
7 486
636 859
494 978
541 881
546 656
852 935
958 968
658 870
394 561
587 621
888 968
369 784
625 741
272 523
376 912
246 882
6 206
973 996
442 532
148 314
910 937
12 288
272 406
897 947
708 908
370 764
376 430
740 871
297 499
234 620
820 841
451 486
433 741
87 468
758 819
344 481
913 964
951 966
620 983
819 985
154 993
230 599
776 851
995 997
633 804
815 855
729 841
177 728
61 629
154 311
194 814
90 381
921 961
886 938
850 900
759 935
111 826
280 578
391 665
834 850
257 299
576 847
9 710
896 955
948 961
198 202
461 886
673 828
930 963
323 336
92 594
46 453
188 637
407 656
83 452
333 911
745 826
249 359
798 831
156 233
881 992
803 899
134 372
290 297
475 785
827 858
217 942
156 473
720 845
563 837
910 950
442 593
884 953
35 913
575 919
5 934
718 879
59 104
179 544
321 594
164 753
203 665
356 858
21 958
837 855
277 319
831 881
448 730
418 871
931 938
562 838
600 743
472 588
554 774
642 669
344 800
810 868
19 532
255 584
971 985
609 762
517 780
770 776
984 996
52 720
27 731
525 619
687 981
344 475
83 823
545 897
943 960
354 557
52 219
980 985
650 665
280 502
175 907
785 805
975 992
380 801
293 715
102 241
803 929
310 704
77 196
956 957
555 876
558 583
303 706
282 605
327 477
250 722
923 963
938 939
75 794
695 861
443 608
607 796
574 820
220 354
902 961
734 857
789 860
313 671
729 740
800 838
566 570
19 905
438 574
375 605
6 331
579 841
239 613
485 683
265 280
151 749
400 652
141 293
16 667
979 985
856 958
936 939
707 978
527 938
385 683
740 862
927 968
659 707
49 278
582 757
693 939
156 252
187 688
524 767
539 908
494 507
938 962
503 908
477 889
115 326
317 928
679 912
823 824
644 948
743 903
142 702
838 979
5 358
357 845
696 744
503 871
917 983
260 320
894 961
858 961
318 691
651 845
658 836
173 246
871 908
79 136
902 985
718 801
331 395
32 244
233 265
698 889
901 922
452 703
285 788
407 929
704 854
390 463
401 590
992 994
765 769
952 971
103 216
974 995
959 968
920 937
952 956
707 925
783 916
869 916
744 828
400 542
683 874
280 943
106 259
336 673
898 929
404 503
777 938
643 956
651 752
888 896
258 906
539 548
742 954
111 890
981 993
673 930
451 508
141 686
934 978
46 820
60 674
85 144
189 876
602 763
915 968
741 805
79 288
79 940
574 710
75 511
634 753
5 788
58 652
71 956
534 678
110 322
124 296
733 913
220 350
519 845
150 824
587 613
10 819
42 711
728 811
257 545
350 482
534 890
277 972
549 785
564 864
406 873
735 832
189 885
528 975
946 984
623 650
557 690
915 948
980 987
966 983
363 668
635 680
744 745
729 877
130 466
205 758
488 624
578 923
17 897
755 997
435 460
106 471
283 722
601 874
786 967
798 800
248 338
666 859
487 921
276 931
996 997
460 645
851 923
35 870
695 941
803 886
617 814
844 902
296 823
250 988
383 887
230 987
212 846
264 778
791 825
450 846
283 290
172 200
461 571
930 989
776 939
769 838
185 632
263 973
589 748
548 843
416 894
6 838
721 750
327 696
455 592
749 951
299 344
954 974
156 429
387 767
631 974
539 549
977 997
12 529
865 927
384 482
394 885
318 571
856 886
624 919
303 776
984 991
155 752
21 214
909 922
771 869
910 981
773 863
254 444
498 797
91 467
91 345
371 548
764 838
631 957
289 604
563 684
172 300
330 897
879 901
201 820
120 837
69 977
838 887
112 278
130 205
220 532
400 848
759 802
783 873
359 463
759 980
206 716
592 786
155 472
182 414
380 600
655 800
570 822
553 644
775 988
466 975
71 741
795 845
42 88
127 392
137 777
263 296
889 970
275 537
184 697
122 714
844 923
590 952
425 751
684 959
902 924
440 931
494 952
424 520
509 660
313 553
421 443
955 964
886 972
116 526
610 907
519 788
255 590
476 807
669 873
42 809
287 376
63 435
426 503
42 778
559 640
961 966
462 592
348 543
821 831
763 865
387 813
528 744
360 491
62 784
606 814
290 489
645 807
510 776
866 879
441 610
195 656
121 196
462 566
878 962
781 835
293 977
103 204
145 384
116 705
362 885
918 977
525 769
552 976
376 796
10 375
391 662
797 832
965 966
661 951
905 992
605 669
760 886
624 724
676 682
685 878
218 407
782 792
877 959
135 308
168 594
989 990
429 920
963 970
743 971
602 749
767 925
838 959
853 862
226 956
128 630
126 777
421 521
455 623
209 459
289 825
283 428
876 915
475 624
756 808
340 543
658 844
746 967
775 992
131 314
969 981
962 985
471 696
901 914
747 971
57 589
434 770
919 967
163 194
787 906
892 991
493 573
873 938
496 682
861 952
940 950
983 984
868 897
613 637
730 940
154 232
690 761
419 767
542 600
89 336
460 974
870 902
277 800
43 351
805 951
255 289
801 831
485 941
377 641
37 135
64 464
147 364
726 981
980 983
325 727
427 922
806 849
258 777
989 995
892 996
714 767
946 983
227 291
143 778
97 160
630 669
226 391
847 988
36 756
918 994
557 639
282 489
790 881
966 971
553 706
218 852
612 719
506 561
387 431
794 853
220 326
414 620
982 983
118 158
183 802
877 935
572 673
131 535
74 725
762 948
628 806
641 914
98 346
421 538
829 868
231 939
978 984
948 973
485 765
178 714
411 602
954 971
65 170
655 938
217 709
11 603
19 708
560 776
870 952
189 875
400 560
803 848
321 727
52 72
307 493
140 163
365 875
537 942
423 785
579 934
215 961
870 982
600 686
626 718
12 296
515 973
386 776
583 889
757 872
557 598
365 489
936 949
121 152
21 139
526 988
258 866
394 803
665 951
379 854
369 577
370 738
256 951
861 874
421 761
98 156
233 759
435 536
431 958
783 861
832 969
227 794
577 991
389 866
598 764
588 749
401 623
54 311
74 293
954 996
241 976
350 802
787 824
513 801
110 222
222 504
398 813
593 643
118 855
978 995
526 953
719 851
881 947
61 225
746 812
710 865
440 472
571 963
5 381
504 921
427 503
400 609
355 718
587 943
790 805
471 534
75 763
129 993
920 975
643 758
100 831
846 955
257 600
448 845
959 974
37 694
62 179
483 502
597 707
383 669
127 951
319 847
271 358
612 664
870 889
708 789
961 964
852 953
767 972
14 408
872 954
514 736
851 970
156 202
497 602
513 715
221 247
354 612
425 927
79 544
691 709
17 160
236 323
396 424
79 100
529 687
960 972
791 995
35 729
341 391
514 565
852 950
736 833
636 677
689 761
472 925
529 633
326 777
46 510
604 928
497 506
59 377
902 926
66 419
752 973
401 653
433 818
256 682
532 685
282 614
655 970
889 936
206 696
480 971
783 930
942 944
612 904
130 854
75 753
554 637
603 783
379 551
311 737
594 765
781 922
433 564
842 976
436 729
727 902
449 711
368 820
28 533
350 771
525 720
591 770
480 845
37 311
922 981
289 765
394 598
335 749
931 979
76 250
486 519
386 940
895 939
317 492
705 922
175 181
359 712
578 745
528 880
389 719
385 389
717 741
733 757
326 593
75 96
696 921
484 491
602 756
262 722
799 821
169 987
301 447
872 946
250 413
523 528
650 654
734 863
96 608
300 727
938 953
73 785
566 714
711 929
865 972
10 126
968 979
915 959
469 558
110 294
503 871
412 942
599 809
709 963
844 868
579 783
502 831
550 620
20 59
606 689
50 230
251 922
803 881
841 917
284 811
948 977
440 984
465 819
781 883
362 833
316 459
660 753
626 643
506 858
717 755
837 976
278 530
783 942
752 859
331 528
563 868
300 526
970 990
210 984
994 995
183 415
663 793
651 988
615 668
370 497
889 984
924 994
908 911
199 409
277 407
708 873
10 612
469 937
908 956
79 804
510 980
53 910
110 926
490 495
61 596
748 878
481 829
275 416
631 840
55 398
360 685
134 390
315 874
524 872
35 329
451 472
623 672
751 761
125 425
329 405
9 322
37 711
935 969
814 928
795 885
809 837
977 995
165 352
495 563
613 973
408 697
977 983
746 804
208 344
765 879
935 936
409 717
821 879
346 456
391 865
898 966
696 919
853 888
275 507
525 742
616 953
34 226
903 929
61 634
545 891
767 963
82 583
211 408
875 995
333 667
847 955
638 652
946 991
483 626
977 992
233 567
569 830
479 763
217 500
178 825
820 841
201 954
5 163
377 754
437 509
106 322
1 659
368 864
887 989
2 17
130 828
73 296
684 901
19 953
579 997
62 221
643 711
438 996
827 898
201 680
414 801
348 575
705 957
574 620
355 672
618 803
501 606
80 200
546 916
100 864
320 843
147 607
21 909
199 816
857 901
379 604
948 987
870 916
369 650
670 673
873 875
372 890
589 612
685 910
870 921
886 918
24 934
351 964
707 854
568 710
186 740
148 350
522 645
759 927
425 855
421 819
791 881
347 933
696 835
334 662
467 882
27 859
321 518
797 864
59 294
925 993
453 613
407 615
778 972
50 564
936 951
470 666
437 819
337 488
157 173
450 827
705 764
278 287
819 828
10 528
799 909
276 510
226 996
466 536
800 842
473 883
766 791
746 809
928 989
882 994
125 585
564 866
133 289
841 910
747 945
113 126
430 878
774 946
288 595
557 681
238 347
144 173
14 393
342 628
676 759
813 950
37 287
53 424
312 621
629 805
411 794
191 424
408 890
351 414
330 614
612 845
607 799
822 958
474 731
491 556
379 807
194 737
76 704
561 683
769 824
322 545
620 626
31 372
377 593
246 296
775 896
618 806
380 414
612 941
768 986
474 744
499 751
849 938
859 949
605 810
202 917
400 812
83 427
808 925
346 950
475 602
164 814
341 451
791 996
476 514
351 786
676 852
68 694
993 997
211 355
899 966
412 868
284 552
412 805
122 173
822 933
467 665
878 949
340 803
926 961
270 647
511 975
880 911
785 810
361 849
367 598
653 712
896 986
332 580
149 569
747 911
85 730
884 991
463 650
279 678
456 747
608 698
111 596
408 537
309 360
905 931
599 828
238 496
361 817
194 439
690 814
102 901
224 264
694 871
807 904
981 993
108 893
840 986
515 948
535 935
423 686
596 853
320 407
183 511
763 943
65 530
673 970
906 980
958 987
463 682
183 387
202 453
125 603
913 942
887 907
723 908
95 457
294 911
390 544
845 864
963 996
254 481
42 738
621 966
627 735
974 993
349 693
372 589
330 909
372 790
572 735
843 916
273 620
216 712
89 378
690 945
851 908
189 335
731 831
853 966
237 899
313 797
397 864
494 510
380 452
269 446
190 991
862 991
419 599
815 897
980 995
707 986
768 894
992 996
943 990
448 952
382 884
741 870
879 929
741 952
972 991
247 488
690 774
524 841
769 944
175 729
819 898
900 965
981 990
925 968
176 337
73 594
808 928
594 722
54 222
707 837
207 462
264 877
952 992
653 837
666 952
330 590
813 852
912 927
548 902
739 981
927 952
456 930
219 379
139 604
203 283
671 727
642 867
979 996
251 715
494 884
872 959
90 730
381 421
873 950
56 781
488 631
895 919
181 718
847 923
933 969
772 860
783 924
890 932
694 844
565 643
287 340
764 950
897 910
240 571
915 997
1 245
214 924
672 875
283 626
324 868
924 990
183 190
553 915
212 669
717 853
978 995
245 750
451 994
115 810
955 994
344 851
270 771
275 675
879 996
367 441
394 662
35 182
72 907
241 457
950 959
430 520
369 960
750 910
126 218
544 916
7 861
573 991
115 717
421 829
442 568
643 886
654 658
714 895
946 974
632 804
130 151
614 996
110 969
923 951
818 829
67 613
447 667
224 926
406 579
299 729
909 950
298 380
810 870
953 969
186 359
479 648
853 857
954 990
822 884
436 736
987 990
152 844
2 492
25 390
924 952
655 691
725 785
888 900
343 866
120 567
265 651
179 775
416 810
42 171
802 865
46 126
441 808
630 971
775 808
560 620
563 663
617 860
799 972
93 358
892 971
894 972
669 904
832 947
634 708
207 921
823 949
680 969
372 977
229 973
520 886
815 934
144 596
934 942
828 847
825 995
655 843
602 975
214 373
747 870
805 988
764 978
328 531
409 921
214 886
881 954
494 994
833 990
359 573
410 578
152 713
261 900
875 937
249 881
836 994
152 432
126 948
336 814
738 992
925 952
293 977
423 460
501 631
161 460
342 567
73 457
981 987
2 232
14 649
349 366
679 867
978 987
474 657
168 422
76 416
968 991
111 241
704 990
767 800
771 831
903 966
766 977
317 788
43 844
745 927
396 839
440 750
371 747
387 871
858 956
826 988
72 199
760 932
193 440
834 959
758 764
193 418
143 708
673 733
249 945
663 931
187 881
139 536
489 739
752 974
54 485
853 942
682 990
736 764
415 567
501 785
310 908
130 235
851 884
657 924
248 972
698 965
710 913
468 742
255 966
552 695
293 543
678 886
258 996
840 845
629 861
992 995
988 994
462 621
119 819
282 846
809 872
546 874
121 849
849 856
641 690
569 995
195 325
461 949
669 704
806 904
269 575
743 987
464 679
185 263
163 544
896 947
983 991
361 734
599 904
238 773
592 854
365 562
772 834
735 995
605 736
902 923
185 790
752 992
772 961
298 393
971 973
321 640
824 924
933 995
565 751
674 981
692 957
128 521
208 460
617 871
701 992
913 961
889 939
245 886
145 513
335 675
325 794
529 862
1 420
976 997
215 907
809 834
706 795
448 946
633 861
861 943
880 950
93 309
363 376
727 873
847 970
702 707
507 707
260 740
226 565
351 500
903 975
675 918
871 965
966 967
778 866
83 443
384 924
963 978
148 847
831 844
404 966
421 862
419 790
126 767
625 843
387 772
887 932
419 602
927 993
658 878
308 749
521 983
599 785
163 549
524 926
545 711
641 836
916 984
640 883
356 438
922 945
619 844
679 785
456 620
615 989
547 822
538 702
520 649
188 589
611 915
951 986
762 871
154 309
438 904
470 700
933 950
418 760
866 921
101 186
77 465
407 650
60 532
237 760
879 945
594 854
859 984
153 751
300 773
311 660
492 928
888 975
824 854
666 890
318 482
226 544
325 592
954 983
37 82
58 596
673 701
830 931
954 972
838 935
646 850
741 902
947 972
329 895
712 882
669 753
641 869
955 978
881 904
625 824
858 931
719 747
584 784
374 618
340 455
2 155
299 597
159 403
854 900
606 704
41 668
648 957
942 986
136 507
1 106
82 235
450 608
260 643
523 560
452 562
996 997
592 904
543 858
776 909
100 436
399 938
71 225
733 786
523 938
145 579
898 946
334 633
680 798
108 793
309 922
14 673
661 729
703 760
690 964
978 985
670 816
178 411
93 409
562 624
788 896
663 682
385 968
75 906
51 817
808 949
684 927
183 604
287 987
53 949
881 925
369 709
622 711
708 833
651 785
589 684
347 922
727 975
840 916
546 835
481 753
929 966
764 898
778 849
292 655
563 603
957 974
774 914
652 864
58 262
421 434
296 473
533 893
659 997
867 877
604 960
418 720
90 606
795 917
561 779
713 874
368 405
923 931
702 763
307 741
124 996
780 996
76 956
470 928
862 933
44 61
197 513
511 560
442 482
56 90
687 731
942 970
7 778
308 731
341 580
863 934
877 950
784 939
168 619
65 828
398 482
393 543
19 932
137 839
542 743
628 760
856 898
796 904
174 903
738 763
955 980
588 747
65 208
545 696
438 655
864 923
522 895
649 803
297 881
700 727
768 864
35 465
117 416
664 961
874 990
395 863
677 849
32 764
381 514
136 643
418 835
186 683
133 143
41 303
343 415
493 900
366 813
872 884
477 636
361 825
648 853
186 209
254 779
64 313
105 533
942 985
443 865
753 897
217 894
743 880
449 779
346 931
331 688
585 940
453 585
703 981
522 567
930 992
80 589
270 857
688 698
168 960
247 827
643 962
204 849
982 983
633 838
607 723
703 734
609 739
299 932
71 137
456 789
371 784
521 871
402 574
929 959
333 445
274 738
86 578
393 891
633 732
124 146
676 769
105 390
940 995
84 498
462 960
458 945
651 778
389 569
278 904
229 583
763 933
800 836
463 547
401 527
609 712
656 838
527 684
513 580
392 604
491 921
676 824
794 808
876 988
445 914
262 522
388 815
44 451
82 369
505 918
439 604
335 620
985 997
763 824
253 639
952 953
276 307
182 985
824 891
342 422
530 732
661 772
88 958
274 366
400 936
767 859
856 919
434 663
11 633
673 961
698 902
875 916
828 930
836 992
328 829
804 899
528 931
351 881
785 895
921 949
623 741
700 983
330 458
592 617
622 675
674 898
229 399
386 737
100 407
840 903
985 990
989 991
847 989
798 828
598 784
920 947
794 996
629 764
943 983
942 964
6 588
588 820
348 595
3 655
756 762
702 705
740 842
793 797
116 672
661 677
237 305
813 894
467 820
765 783
968 971
527 705
384 815
384 563
120 766
636 677
553 824
856 917
549 789
468 916
937 939
400 946
484 846
734 960
601 995
375 791
958 969
283 366
904 939
366 959
281 324
645 891
30 916
60 761
84 180
847 891
55 864
806 970
914 933
37 419
311 783
578 802
433 888
414 769
694 697
719 859
224 749
449 765
599 698
164 959
662 795
512 614
214 654
311 928
773 874
345 933
262 376
900 907
472 985
922 980
937 995
716 785
827 893
363 797
228 577
136 362
30 831
124 875
387 848
847 982
963 987
220 459
792 806
62 110
687 784
745 794
988 996
135 778
818 866
68 979
909 940
232 578
196 548
138 987
378 697
198 838
264 471
996 997
820 868
960 981
946 978
670 868
571 830
500 771
533 740
828 957
159 967
190 616
293 683
786 975
327 538
527 976
852 908
645 658
710 814
873 981
646 928
936 968
532 542
733 921
966 986
497 588
240 504
649 878
4 576
382 870
890 972
188 977
842 908
254 259
782 950
781 945
228 732
955 969
179 204
936 994
440 652
581 693
692 798
516 540
987 994
87 482
886 950
573 869
671 790
132 421
294 993
963 975
466 571
555 597
424 602
836 956
655 699
144 615
22 91
91 125
65 529
59 518
432 605
636 748
449 981
495 512
129 774
98 503
849 959
284 870
101 756
855 891
700 948
72 178
438 441
530 798
696 836
629 845
266 450
812 831
230 971
778 827
776 809
733 940
551 681
744 858
663 965
753 758
197 449
939 962
269 616
649 681
229 428
735 990
614 946
21 201
181 712
630 791
648 772
967 980
645 897
381 429
295 327
669 969
429 995
917 980
791 963
582 635
209 932
671 969
287 328
977 994
257 537
465 477
300 828
430 701
935 980
873 927
581 935
675 817
912 996
627 997
417 721
750 994
431 439
131 722
503 679
790 993
573 718
123 757
700 904
423 814
676 773
600 622
375 930
471 594
953 954
568 590
597 958
583 590
859 945
381 478
410 620
629 664
897 913
707 949
622 752
347 367
299 505
113 540
388 427
302 502
467 574
473 875
159 597
18 650
423 856
566 748
851 982
648 670
919 973
853 950
927 986
352 866
878 899
230 240
334 466
353 885
50 714
179 734
729 826
27 670
678 880
612 685
183 211
426 880
99 955
449 853
972 986
977 981
178 747
873 992
849 917
386 727
849 965
717 751
45 909
467 498
349 523
150 182
414 816
97 491
804 932
142 338
619 870
599 980
568 771
246 915
892 996
360 613
748 816
995 996
187 841
800 823
613 940
542 689
908 918
258 813
506 817
863 926
732 971
98 197
78 836
218 627
956 960
594 702
639 789
946 984
796 799
428 915
393 483
869 934
99 458
301 991
136 553
58 649
786 971
567 920
100 703
231 957
113 646
109 861
383 476
805 899
393 952
888 962
864 905
596 785
244 558
419 912
253 389
918 936
98 623
25 360
890 949
588 801
512 730
371 598
568 596
287 539
402 673
267 426
889 895
366 511
588 693
48 496
717 859
824 877
85 642
57 347
910 976
752 912
632 779
890 947
525 767
523 801
609 889
403 421
607 938
914 941
409 544
548 901
192 883
472 664
671 911
973 989
634 761
414 953
219 340
81 626
778 782
779 967
416 931
244 950
745 851
152 827
90 938
899 984
336 992
501 638
900 939
498 541
531 661
35 530
748 916
823 952
424 454
885 935
759 923
746 987
237 368
631 911
442 976
941 981
814 884
919 971
704 806
392 601
209 660
53 598
335 939
98 715
852 908
373 760
324 727
955 996
887 956
564 881
759 959
521 954
136 172
853 952
137 209
187 709
154 330
239 827
576 918
193 344
342 987
857 875
668 836
535 919
284 493
609 677
987 995
24 824
89 558
184 750
378 506
721 806
378 525
142 976
812 860
817 914
590 835
579 653
331 671
413 481
221 815
255 880
797 846
601 842
778 869
944 950
794 824
386 749
820 966
302 428
699 885
426 709
183 290
147 281
176 177
802 846
819 939
248 390
340 969
497 695
85 952
477 704
281 439
75 199
990 994
155 912
850 957
748 786
637 835
243 967
27 97
839 948
759 895
663 846
266 669
914 964
733 744
768 919
706 824
668 944
547 600
40 984
456 862
198 779
938 975
198 498
63 211
157 736
683 725
119 994
977 991
31 240
343 695
509 811
20 648
473 913
566 877
48 162
696 966
674 767
668 906
307 943
639 884
959 980
625 978
913 969
247 650
993 995
535 646
61 113
768 994
670 912
761 952
996 997
878 954
734 860
822 995
620 783
703 849
57 280
509 914
704 746
504 655
38 73
351 702
388 467
711 913
51 137
20 102
473 809
368 849
416 914
14 429
899 994
336 861
847 939
658 895
415 646
989 993
48 957
791 956
353 546
870 873
92 340
300 885
144 789
266 951
5 386
995 997
953 981
120 283
742 950
342 947
445 472
888 921
139 845
438 840
495 677
717 897
625 895
404 561
112 739
532 767
840 862
951 993
945 950
23 582
110 841
310 773
228 334
77 437
779 885
783 994
267 348
525 696
753 813
632 997
791 914
465 674
972 990
765 847
783 831
980 990
588 684
679 904
208 826
501 559
716 913
442 995
129 935
599 968
65 489
214 321
630 984
773 933
728 981
679 996
547 683
764 984
626 640
721 993
80 912
198 849
122 182
552 696
533 672
351 855
431 784
875 897
601 952
181 846
586 620
600 779
416 925
288 626
263 580
962 984
511 808
975 987
216 910
870 907
271 720
516 755
767 844
641 994
727 746
936 965
289 719
889 909
771 802
584 736
261 436
285 898
947 995
582 732
125 758
48 672
278 922
19 922
173 215
231 245
284 770
726 780
139 851
739 830
802 909
480 537
883 985
710 750
811 878
939 988
840 993
367 933
444 521
271 529
646 775
406 977
796 908
182 477
235 243
767 826
786 986
136 787
381 950
488 894
125 910
908 937
528 661
422 612
341 374
406 771
772 793
195 508
519 597
428 495
340 359
639 890
848 893
72 107
754 934
715 870
657 753
966 994
419 508
495 948
726 863
710 815
712 783
403 942
358 829
146 883
10 800
386 408
76 794
297 892
202 735
612 963
572 661
586 832
616 658
673 711
675 839
130 603
33 383
816 885
85 688
622 905
905 931
387 794
703 941
481 873
406 831
879 897
394 651
599 628
487 589
929 985
580 741
502 941
632 690
188 821
510 686
880 991
749 853
203 813
228 488
614 759
749 840
322 772
268 285
566 848
504 592
732 738
209 871
774 870
845 898
904 916
586 907
763 865
739 756
361 793
106 514
109 663
320 550
615 862
911 918
964 990
283 394
326 329
759 811
484 699
884 885
989 996
878 912
995 997
404 433
112 293
223 783
323 544
382 964
971 972
146 796
106 147
909 920
31 968
103 398
785 854
53 802
21 709
985 994
290 390
664 835
4 129
715 923
982 991
415 472
27 533
184 823
761 901
94 650
685 986
25 634
257 950
592 750
762 964
84 626
789 945
617 683
828 898
580 838
575 822
495 848
64 553
345 778
685 704
231 960
500 619
46 302
148 482
535 940
242 924
735 797
891 893
632 765
88 593
280 963
318 872
566 920
266 458
512 526
602 941
325 408
456 825
833 839
170 497
712 795
430 660
544 627
423 809
361 666
331 661
433 916
662 770
842 991
288 396
750 782
958 963
800 838
454 597
81 450
621 837
637 911
714 973
495 750
979 983
744 799
33 339
207 952
200 464
434 735
584 711
847 911
367 508
91 442
742 900
213 343
461 720
760 819
143 330
892 919
618 929
542 767
31 384
764 976
347 648
453 496
385 831
8 698
453 809
606 933
979 988
172 625
275 561
778 926
353 535
484 825
955 959
731 974
875 956
667 941
571 675
83 580
757 857
470 609
235 874
211 848
921 956
151 912
143 172
554 795
78 614
214 455
829 838
640 718
675 904
684 891
685 888
518 646
921 986
705 759
28 844
238 626
515 631
293 811
119 888
61 996
990 992
982 997
170 635
145 733
558 676
183 591
359 810
90 347
901 915
25 163
809 945
160 180
181 731
309 787
291 374
990 992
458 779
770 870
754 792
588 851
33 879
688 777
89 266
197 534
37 201
190 370
727 788
139 283
614 906
417 721
769 965
890 940
628 803
158 611
47 186
115 340
139 717
996 997
995 997
849 933
890 950
504 554
773 787
5 601
971 972
467 749
80 568
658 872
866 912
66 109
149 993
345 661
577 754
83 188
335 601
677 910
959 988
275 741
414 724
596 794
546 596
557 674
901 956
833 872
884 960
786 880
421 513
463 628
731 940
223 934
118 766
125 985
190 542
500 935
342 357
86 546
538 991
317 675
925 961
165 225
514 667
522 621
819 975
371 433
704 988
908 922
310 959
915 992
290 751
158 172
358 565
280 583
594 745
263 678
166 396
254 945
415 853
198 473
873 990
839 899
97 420
451 859
668 872
821 970
842 929
379 997
835 883
769 777
961 992
737 752
777 934
895 972
875 909
374 530
342 684
104 780
975 995
982 988
373 518
220 426
871 900
134 670
15 901
194 643
61 958
789 952
817 850
572 734
817 923
1 773
951 994
330 936
253 509
612 906
877 898
346 877
621 809
290 483
783 848
668 889
241 539
765 899
577 761
177 412
132 191
772 791
85 222
817 886
536 949
765 818
592 734
273 811
140 672
9 116
781 997
549 910
870 873
258 392
405 756
617 780
164 650
579 822
264 609
476 965
226 418
197 904
139 701
605 758
669 881
823 943
321 932
737 897
719 843
262 567
452 838
112 305
170 381
131 832
163 583
48 599
575 707
400 608
252 397
37 653
732 974
731 766
692 928
324 677
165 201
270 824
122 827
673 899
716 767
24 857
605 912
461 695
533 965
649 858
119 523
276 694
387 682
609 905
322 454
605 661
690 768
22 914
397 463
94 544
387 909
716 951
430 855
344 560
215 743
894 985
129 412
883 958
562 744
874 958
927 932
379 533
465 708
677 917
209 865
22 920
734 821
613 751
738 979
8 375
401 960
590 987
978 981
104 718
51 636
103 723
779 967
573 746
751 753
239 678
213 497
464 506
464 765
424 458
587 909
791 899
228 429
770 978
888 951
832 961
184 853
903 929
82 495
70 98

