2000
3 1482
4 872
1 1790
5 1103
4 62
6 44
3 1737
5 522
2 927
3 399
8 80
6 1110
11 132
3 1193
12 727
13 1472
7 1141
6 847
11 1061
3 530
34 440
57 1333
21 1641
29 1309
56 1832
18 1817
58 296
38 999
7 1109
45 1895
35 146
7 66
7 558
6 1599
38 1822
30 1436
13 1106
41 1562
20 1904
30 511
43 774
50 1165
8 1031
53 161
49 1031
24 456
49 475
53 770
55 201
41 466
43 1483
29 703
51 632
20 1492
47 540
12 1684
50 1975
32 266
15 592
42 955
18 1848
6 620
7 652
3 570
28 1960
56 1760
49 559
26 606
5 417
38 1909
15 204
51 1939
45 826
12 272
26 464
6 1853
33 425
3 432
3 378
3 1382
9 260
1 877
8 1811
5 1941
4 732
8 424
35 576
15 1803
66 469
86 615
79 885
13 585
79 1670
76 1430
13 406
20 1300
19 456
1 1115
54 621
36 551
58 118
56 1271
35 1734
18 422
20 1757
26 746
31 953
13 1818
84 269
77 775
77 2000
81 310
39 1355
47 730
72 502
46 1790
38 1688
47 1857
14 1471
34 695
61 1621
32 348
53 398
30 546
75 846
27 1422
21 1931
69 1854
40 182
84 1400
4 1222
44 547
28 434
34 1219
31 784
25 669
28 1276
44 278
61 389
86 1543
66 1763
22 348
43 1890
13 1942
21 1866
45 1372
27 1359
62 1435
33 1742
39 1926
55 1549
83 792
7 1917
54 941
48 829
71 953
74 1164
17 1653
76 586
63 1963
35 1733
64 1463
12 745
38 367
28 620
42 1486
41 947
4 1914
60 963
67 1323
60 1114
44 146
8 295
35 520
29 1905
39 1742
10 1864
8 984
42 1446
32 1921
16 1425
20 496
7 92
3 165
16 1952
7 166
31 1499
38 220
12 793
41 1977
39 513
38 1132
32 387
33 1576
32 1456
19 1840
22 202
44 855
35 1917
22 1687
46 1549
39 1648
46 849
30 594
44 575
8 1902
25 1161
28 1801
44 168
16 433
47 1864
44 421
10 1092
34 367
13 1922
11 1045
7 1009
46 623
8 1873
43 235
3 610
24 273
52 463
68 470
179 1828
174 1780
146 290
58 1515
78 1716
40 1429
178 502
28 1938
84 659
73 1203
146 527
117 196
167 1547
35 578
139 1444
173 346
178 1989
105 1381
27 722
151 528
92 1409
8 1843
60 216
96 1552
41 197
127 897
180 739
93 497
35 226
69 1330
117 831
115 384
3 1644
17 219
165 1699
183 1609
67 1240
153 1670
61 595
134 605
69 1200
158 1064
156 659
19 1468
75 1122
20 1972
19 406
174 236
15 456
77 270
177 852
122 1120
42 415
133 1535
102 1061
92 663
15 629
149 368
10 1937
169 1518
63 1667
130 1304
117 403
15 1331
125 1658
148 990
142 205
160 1984
146 1166
50 344
47 1100
100 892
64 1143
155 222
141 716
86 1399
120 1633
181 1344
154 1250
36 348
94 1503
88 1550
69 577
145 933
90 1819
138 456
86 1665
165 738
87 1514
82 1942
173 749
105 1951
70 590
127 1611
51 1009
118 609
42 929
64 992
29 1497
158 1524
179 1664
75 1287
22 274
63 1015
77 841
113 572
139 1530
172 1464
136 1460
22 1685
63 925
109 1017
104 512
36 1157
143 376
125 1195
69 1454
175 188
37 458
26 1585
162 1005
168 427
143 613
150 1111
31 1604
100 1215
151 341
42 186
129 223
100 239
74 1940
159 550
47 1496
157 1184
156 302
45 1687
125 1957
119 1284
48 343
39 228
67 612
144 616
114 187
107 1550
12 1889
112 1602
136 972
37 516
50 463
173 584
18 1215
83 620
54 1580
78 1060
111 1786
15 1766
155 653
66 542
105 541
146 1164
58 1380
96 1179
110 875
61 436
109 907
182 1211
88 1915
145 798
143 523
149 1110
172 210
22 509
87 534
66 1239
36 927
134 581
115 1433
140 1948
6 211
89 683
97 1461
6 631
13 1334
14 1416
3 288
7 1582
14 1383
5 1851
4 280
2 1437
8 1480
14 878
8 1955
9 560
14 770
26 1424
9 1339
14 763
20 1685
12 1206
4 54
28 621
17 717
24 1409
7 478
24 115
20 1135
20 1445
13 1769
17 728
25 1723
12 439
17 1705
8 1915
4 870
2 1566
5 1155
27 589
13 1874
16 1850
14 701
10 165
25 630
3 1479
14 962
13 1495
86 730
17 987
19 1483
121 1523
56 370
51 1983
68 187
8 145
55 1089
54 1030
46 1712
126 1606
89 1895
125 365
80 1737
104 633
101 173
92 1797
59 737
88 1044
69 372
90 1384
87 1300
26 704
69 614
87 1465
131 431
28 1006
24 498
105 1229
25 316
15 1508
49 1272
102 1413
62 1935
110 1708
29 1966
44 156
73 1523
57 655
42 1617
70 1395
70 170
56 791
122 921
10 327
124 1840
49 783
44 1788
69 388
115 137
87 1927
73 1994
99 1731
82 1472
70 532
130 661
15 1121
89 1888
71 740
27 1384
80 321
95 1871
52 999
108 457
89 1991
113 1097
99 555
96 1050
117 641
115 657
79 1390
108 554
35 1158
55 1024
61 1265
85 1514
33 778
122 862
112 1605
59 637
46 1686
1 147
98 1267
9 721
93 583
26 1703
92 960
2 986
80 755
77 1488
39 1520
1 500
46 307
112 745
47 633
14 417
80 1336
89 1150
4 1904
24 646
3 1379
40 1688
101 1678
79 665
28 559
64 742
26 460
66 995
5 247
115 536
64 1943
61 1723
127 1844
30 901
105 1091
95 411
20 791
108 1867
75 1487
10 375
36 1640
37 1131
59 1564
49 610
56 1988
25 1282
31 470
29 1420
30 292
3 940
6 172
5 1000
5 1152
4 238
2 672
2 398
2 1758
1 1373
4 890
3 766
1 1035
11 105
24 913
16 243
24 264
26 1999
3 1748
5 440
8 1887
4 976
22 1017
15 1618
15 815
15 1095
22 1103
5 1122
19 1652
3 649
7 772
5 232
21 238
17 1226
18 134
26 572
5 1205
26 95
6 1797
15 1593
13 744
10 1238
15 637
5 188
10 1084
3 84
14 64
9 744
16 1235
5 226
2 500
13 1635
5 1703
2 361
14 766
1 490
22 1798
17 1094
16 1368
5 848
5 964
32 107
42 1431
21 1273
10 224
41 762
17 277
38 1149
11 195
18 1798
43 1075
6 1587
12 685
8 519
21 152
1 1843
2 1854
27 459
8 1651
39 1463
23 854
46 1601
6 1382
27 1705
46 1876
14 820
7 209
22 895
43 484
9 77
18 1194
14 1878
10 53
46 376
22 962
1 542
27 846
45 94
42 297
28 1583
15 989
40 1464
40 1274
26 160
10 524
8 652
24 82
32 1740
1 1183
16 1149
7 1963
5 735
14 1204
21 1530
26 110
26 1654
6 1901
16 1948
9 923
24 1569
19 1302
16 42
8 1932
1 72
12 1624
9 1368
16 1883
27 981
12 1383
4 310
29 340
15 936
18 337
27 1373
2 134
12 1920
16 764
32 148
1 1659
3 440
13 1766
3 629
3 1363
2 1774
65 1046
81 295
57 1720
59 495
68 1683
33 270
58 1421
51 1603
1 739
10 1950
15 660
18 1709
27 1614
45 1380
13 1987
53 1946
77 1531
5 594
70 503
44 1504
3 310
60 328
69 1805
80 411
71 1385
7 396
62 811
63 1913
44 1041
74 1644
18 930
22 1404
62 1268
75 1689
45 1539
43 267
6 1930
17 1183
69 1301
18 701
67 492
59 1059
33 1235
49 1001
44 1647
51 100
66 268
8 719
74 1725
56 1673
75 138
53 378
70 1046
71 530
28 596
48 1072
12 1720
19 1293
15 744
74 545
9 862
9 450
8 128
37 1558
47 593
35 728
16 1557
9 1933
28 1768
63 686
35 554
49 1714
45 1792
55 239
66 1712
39 684
37 128
42 620
16 329
43 1854
35 1175
49 1877
4 277
4 1939
4 438
2 68
5 179
6 175
6 1933
6 34
4 362
4 1722
1 1771
1 1210
24 167
9 752
20 1531
28 935
13 336
23 209
4 950
23 1868
11 1700
1 433
6 1220
26 1031
28 1847
5 1931
29 1415
15 304
14 719
8 1350
9 451
9 925
26 1776
12 863
26 821
13 74
28 950
2 543
21 1047
3 862
29 769
5 264
6 884
3 1313
3 42
6 1478
2 953
4 367
11 255
8 678
3 573
1 1331
12 995
3 1401
17 195
13 1859
25 703
13 1861
25 1227
25 1254
13 1088
21 1641
9 1541
10 756
12 663
19 1113
15 873
10 557
23 1056
14 509
6 252
11 604
5 1461
15 1534
16 621
17 1522
7 1449
18 1621
4 1555
9 1230
22 774
17 267
9 1401
6 1255
8 369
2 494
20 1621
9 484
3 1746
24 1001
14 181
13 340
25 1866
7 1703
22 435
10 787
13 323
17 1357
11 1757
5 1024
25 1352
12 1155
6 926
3 934
23 925
37 841
41 156
42 485
40 921
36 206
15 1417
35 472
24 753
10 129
44 797
15 1407
11 1694
1 1995
1 888
27 941
23 316
42 537
1 258
12 1177
4 699
17 1692
25 853
12 1647
49 1967
2 458
46 143
42 1454
12 930
14 1996
48 1347
4 425
20 479
8 1968
29 199
23 1496
29 1511
1 1319
18 1574
43 934
4 221
22 1431
2 333
37 307
35 1116
39 1192
22 784
32 225
38 142
1 722
2 16
4 69
2 907
1 295
2 1401
12 1873
8 1386
12 636
11 1293
6 1748
1 996
7 64
10 106
5 1808
1 1454
2 1287
1 1958
2 1736
33 1656
13 298
20 1031
28 179
22 1285
9 1602
9 1197
33 1250
22 137
25 179
6 1065
6 404
29 1661
30 1124
14 503
12 70
3 1298
31 868
25 364
1 136
19 541
22 897
15 36
7 1791
16 1314
12 364
18 327
32 82
27 1137
16 1168
14 146
29 1073
18 1053
19 1989
25 833
26 965
21 788
9 814
25 32
9 628
17 247
6 170
24 1953
11 1541
16 1250
6 1724
10 717
16 1842
29 1554
28 982
6 382
2 184
29 770
9 1421
25 397
25 1077
15 934
7 78
6 424
8 1046
10 118
17 1870
14 960
19 727
23 1483
9 1801
4 1795
9 1786
3 850
8 1626
1 1999
1 1833
2 829
1 753
9 1735
14 842
14 791
10 954
3 806
3 858
2 1147
1 823
7 1977
17 1925
19 1104
14 125
18 552
8 1378
7 1745
18 981
1 1261
5 1964
19 1145
7 552
1 1903
4 1916
15 1359
7 680
15 1874
15 872
1 1416
11 1116
18 142
13 950
18 402
17 735
13 518
4 504
8 175
13 1560
16 1245
11 735
12 34
20 1682
15 781
1 228
20 426
12 1082
8 369
22 62
6 1957
8 499
7 97
19 786
24 1517
2 1151
1 108
14 1016
3 956
1 1669
9 144
5 1971
2 1663
6 750
14 1793
21 390
3 1236
8 61
2 662
3 1496
2 348
10 239
7 459
6 1244
2 29
4 263
3 67
2 1815
3 1230
4 678
1 796
12 365
4 1088
13 1138
9 549
10 1850
3 885
8 1309
8 198
13 1788
2 323
3 552
12 80
4 524
13 517
10 54
17 848
17 628
4 1994
11 999
17 1342
12 1252
1 628
7 1746
13 1335
1 715
10 1913
2 1183
21 1626
11 522
1 1568
16 1116
12 217
9 482
8 194
6 242
9 149
6 177
4 1304
9 1212
9 926
4 1319
9 1326
4 1927
7 1444
3 1068
8 1526
11 1070
10 118
4 1202
7 40
2 1839
12 474
7 1187
4 1171
11 840
6 1525
2 139
4 1824
24 954
24 1764
14 1505
5 1673
20 1061
15 353
19 1750
1 1017
17 127
20 77
9 216
5 1102
12 1988
16 1018
2 590
19 977
16 1722
2 50
14 214
11 971
4 1255
1 1270
13 1192
12 1432
27 1999
27 370
22 393
5 1959
1 1250
1 1086
2 152
5 1450
27 1351
17 233
25 667
7 1300
20 1457
15 912
29 468
26 1462
29 1089
24 80
24 735
8 1240
31 680
34 1425
18 1600
16 875
9 426
18 1840
10 1156
2 1201
17 119
4 526
27 1957
32 1230
11 1724
31 1297
6 1346
23 1161
24 1025
50 708
12 1107
8 1823
36 1821
8 1520
36 1487
40 881
13 750
3 444
19 1989
37 975
17 1579
38 365
23 876
36 413
35 261
51 900
47 1169
40 1664
20 316
29 1330
30 1336
35 1619
35 1153
16 1302
40 1527
15 1983
52 1295
17 201
39 1160
30 968
38 980
5 1563
12 748
51 742
2 1976
1 329
29 242
16 584
44 1970
41 70
48 908
42 808
48 711
32 1804
7 428
13 669
40 1604
40 385
8 812
31 1546
18 311
20 1903
4 210
16 824
1 1731
24 1195
14 100
17 867
13 472
10 1667
3 514
11 862
21 1051
16 152
6 891
27 1323
11 1689
3 1032
28 757
21 1550
21 1318
8 908
23 645
20 776
4 1491
2 1219
4 1299
6 930
4 1214
26 1954
1 1177
15 300
9 1474
22 518
16 779
26 658
2 1658
27 400
3 1594
15 865
10 1000
17 1596
22 1120
7 1839
23 949
13 1922
4 1319
4 181
5 1198
14 1184
2 614
15 448
1 1738
11 513
25 266
28 853
26 1656
45 762
60 1803
60 1566
68 1740
15 1363
45 1809
26 1845
52 1082
24 150
35 1313
30 645
12 1731
53 1509
25 1057
48 126
47 891
67 564
55 721
45 963
63 1716
48 1889
42 1102
70 714
68 1893
6 475
41 670
24 1562
30 249
29 425
56 799
27 1247
4 810
16 308
15 1313
13 351
63 1244
53 840
33 635
22 1427
37 978
32 969
64 252
4 426
40 1659
38 693
69 1573
46 273
23 1564
60 1732
19 1711
59 136
10 927
32 81
51 743
50 1862
40 1068
68 1546
31 1579
66 320
10 1774
64 106
9 1469
26 1403
63 450
63 993
43 1124
47 261
72 1946
71 216
16 1746
27 172
52 1575
4 1409
13 1772
8 332
10 1646
3 394
10 1333
12 1639
12 758
9 1076
13 1545
7 827
6 366
11 549
1 294
3 1225
10 622
10 1566
9 1912
1 712
8 1029
11 1431
1 557
10 1085
10 1058
1 1762
4 666
21 153
42 87
32 896
18 276
13 553
49 1127
52 276
14 97
28 1301
49 1260
39 1729
43 1225
37 1039
10 1967
7 1583
26 1704
33 499
45 392
55 610
6 951
26 830
28 507
41 1620
35 625
48 1852
21 1260
23 1944
52 1965
23 59
54 1003
40 1602
19 559
1 1794
54 271
26 614
15 833
16 1964
46 563
1 1086
15 1917
4 1220
48 1429
57 738
27 102
44 1718
32 1985
43 982
52 713
3 1685
36 1154
29 750
36 1998
9 760
26 140
52 1121
12 1838
6 162
9 1430
13 599
6 875
18 848
18 1117
8 1638
10 1957
6 974
2 300
11 1798
2 1945
1 1102
18 1006
8 819
7 876
1 1988
4 983
7 1491
22 1043
9 895
6 748
3 495
23 1464
12 1085
10 736
2 232
6 479
6 71
13 1771
23 1040
21 1854
3 1136
16 724
15 1793
7 1468
5 495
18 113
22 241
4 539
9 1605
13 204
18 1415
43 444
20 1285
41 516
3 929
13 1261
20 250
44 1799
23 237
14 149
15 46
45 651
27 994
21 1982
35 1920
7 1249
14 1329
35 225
25 1827
34 1759
20 388
22 1797
28 1850
2 1819
34 1061
36 1257
29 1382
1 117
7 1429
1 546
26 597
40 770
14 1556
43 1495
10 581
32 1088
23 1177
38 1732
13 1750
17 845
25 287
34 124
32 1608
13 1919
39 1902
14 950
28 147
47 924
9 972
21 1270
49 317
25 128
38 905
26 1047
9 1374
1 1519
48 1266
3 1318
12 386
38 612
15 1505
1 1410
43 454
21 729
10 1508
48 670
50 147
32 1184
38 1282
40 783
38 899
25 731
4 191
8 1413
32 1381
30 517
18 1755
1 1085
2 1240
13 318
43 1977
2 1661
31 134
20 570
22 796
47 1161
37 949
33 796
33 1649
12 1085
24 1920
13 702
44 1068
34 859
10 1328
6 1936
34 169
34 1628
12 1777
2 190
24 96
23 582
18 374
24 1649
7 1795
11 1732
8 1329
24 339
5 1644
15 1057
1 1526
22 1629
1 1767
13 1546
21 1900
6 1304
14 714
15 85
8 1416
19 1616
10 1779
8 780
5 1332
24 143
25 145
12 1396
24 266
41 381
28 1023
21 219
12 705
27 243
34 419
36 1039
25 534
11 1810
18 1102
36 1139
31 1487
41 1664
40 816
2 646
17 669
19 1831
7 1763
3 524
1 1985
14 1311
20 628
7 1317
22 1477
3 269
14 526
4 1877
5 1507
17 963
3 1342
29 1286
6 493
7 334
26 1351
35 1670
27 1867
36 838
27 343
3 455
2 1015
4 94
4 1258
4 1390
11 1240
19 217
26 1916
2 1468
19 1146
13 596
22 191
14 1883
8 1479
16 896
21 687
8 1356
9 1779
11 1798
3 879
10 371
18 1524
17 793
12 1438
14 409
5 734
1 1688
1 185
12 1932
10 581
4 64
20 1951
26 210
20 845
17 1760
8 760
20 1612
23 1047
14 664
24 508
11 338
18 1839
12 358
11 1860
21 677
20 1105
11 778
1 1339
1 1253
25 1461
25 1127
27 505
20 447
16 375
2 720
7 897
11 1260
15 323
2 280
23 1387
26 1274
32 664
25 1244
31 1408
6 492
7 1876
26 1446
23 795
5 1690
16 117
24 1279
8 1664
27 169
12 760
19 774
22 1060
22 1374
4 1102
32 779
16 1362
6 502
22 1082
30 1204
32 1209
27 1793
11 774
10 1818
15 1226
28 672
2 172
20 1787
13 1190
26 1393
8 259
7 721
20 1489
17 402
27 999
24 1016
2 699
6 727
13 781
15 86
24 620
7 1662
21 332
34 578
5 1860
25 1862
24 1699
10 1089
22 181
13 1614
1 1672
30 955
14 678
1 1525
22 44
38 953
27 1360
12 1702
31 865
1 1031
28 462
24 1914
12 1785
3 1990
27 303
5 1936
8 1279
4 944
12 506
12 289
30 1734
16 695
15 1419
4 1424
3 1080
23 1883
7 385
18 1866
7 1323
23 1038
2 579
14 729
26 762
10 1921
14 1164
22 817
17 684
29 1165
15 1453
4 1577
2 781
14 1005
28 1315
24 128
5 1658
19 84
77 741
55 1860
42 519
47 972
28 1147
5 1758
1 1720
76 980
62 183
25 95
5 453
77 276
48 1379
77 1120
65 1258
74 1575
36 1083
46 1315
57 1940
70 658
5 1264
52 241
30 1588
67 850
38 1407
10 553
54 919
22 1000
9 761
28 952
37 1835
13 435
74 451
10 191
13 485
57 1979
61 83
65 1301
49 139
14 388
60 1852
17 485
14 411
25 894
72 1433
58 1580
34 704
8 377
21 986
50 890
50 1931
16 312
40 1095
42 1354
76 251
72 1274
52 1369
55 1675
12 110
24 594
61 726
22 1821
56 1881
79 1209
25 1258
36 1047
60 450
52 1401
63 1176
65 491
3 742
36 1025
36 715
75 140
31 311
10 876
41 840
47 1443
54 1657
8 1556
8 664
2 1442
2 1456
4 527
6 719
1 157
1 1504
4 119
3 1294
18 1326
18 310
2 1611
7 1202
7 1908
18 905
12 428
18 1462
1 1474
7 444
4 872
9 572
1 302
6 1653
13 1799
9 1846
4 923
12 419
10 691
19 74
3 683
10 1583
6 657
13 1249
8 1837
14 773
12 1974
9 652
2 1827
9 1646
12 1355
1 988
3 244
1 1861
13 754
7 1802
