300
1 50
1 50
2 50
1 50
1 50
5 50
1 50
1 50
2 50
1 50
1 50
12 50
1 50
1 50
2 50
1 50
1 50
6 50
1 50
1 50
3 50
1 50
1 50
1 50
24 50
1 50
1 50
2 50
1 50
1 50
5 50
1 50
1 50
2 50
1 50
1 50
12 50
1 50
1 50
2 50
1 50
1 50
6 50
1 50
1 50
3 50
1 50
1 50
1 50
50 50
1 50
1 50
2 50
1 50
1 50
5 50
1 50
1 50
2 50
1 50
1 50
12 50
1 50
1 50
2 50
1 50
1 50
6 50
1 50
1 50
3 50
1 50
1 50
1 50
25 50
1 50
1 50
2 50
1 50
1 50
6 50
1 50
1 50
3 50
1 50
1 50
1 50
12 50
1 50
1 50
2 50
1 50
1 50
6 50
1 50
1 50
3 50
1 50
1 50
1 50
1 50
1 50
2 50
1 50
1 50
5 50
1 50
1 50
2 50
1 50
1 50
12 50
1 50
1 50
2 50
1 50
1 50
6 50
1 50
1 50
3 50
1 50
1 50
1 50
24 50
1 50
1 50
2 50
1 50
1 50
5 50
1 50
1 50
2 50
1 50
1 50
12 50
1 50
1 50
2 50
1 50
1 50
6 50
1 50
1 50
3 50
1 50
1 50
1 50
50 50
1 50
1 50
2 50
1 50
1 50
5 50
1 50
1 50
2 50
1 50
1 50
12 50
1 50
1 50
2 50
1 50
1 50
6 50
1 50
1 50
3 50
1 50
1 50
1 50
25 50
1 50
1 50
2 50
1 50
1 50
6 50
1 50
1 50
3 50
1 50
1 50
1 50
12 50
1 50
1 50
2 50
1 50
1 50
6 50
1 50
1 50
3 50
1 50
1 50
1 50
1 50
1 50
2 50
1 50
1 50
5 50
1 50
1 50
2 50
1 50
1 50
12 50
1 50
1 50
2 50
1 50
1 50
6 50
1 50
1 50
3 50
1 50
1 50
1 50
24 50
1 50
1 50
2 50
1 50
1 50
5 50
1 50
1 50
2 50
1 50
1 50
12 50
1 50
1 50
2 50
1 50
1 50
6 50
1 50
1 50
3 50
1 50
1 50
1 50
50 50
1 50
1 50
2 50
1 50
1 50
5 50
1 50
1 50
2 50
1 50
1 50
12 50
1 50
1 50
2 50
1 50
1 50
6 50
1 50
1 50
3 50
1 50
1 50
1 50
25 50
1 50
1 50
2 50
1 50
1 50
6 50
1 50
1 50
3 50
1 50
1 50
1 50
12 50
1 50
1 50
2 50
1 50
1 50
6 50
1 50
1 50
3 50
1 50
1 50
1 50
