300
6 26
19 24
1 20
5 30
17 22
18 38
16 30
1 33
1 37
17 32
3 32
5 33
14 24
15 38
7 20
7 22
5 26
9 29
6 29
22 41
17 47
7 43
22 35
13 38
8 36
22 39
26 28
20 41
24 41
18 40
22 32
23 33
27 37
12 44
14 27
16 36
17 34
20 27
24 31
22 38
25 46
18 27
23 46
11 33
9 30
13 39
1 25
7 8
1 25
1 19
1 13
1 9
1 20
1 17
33 40
17 43
30 44
30 40
29 44
21 52
27 45
17 50
31 50
22 36
26 42
29 52
15 45
24 48
32 48
26 40
15 39
31 52
21 40
31 37
15 34
30 39
18 39
24 48
23 39
23 54
25 34
23 42
30 53
18 39
22 49
26 48
31 42
28 44
26 44
28 44
35 55
36 49
33 43
39 59
24 55
33 47
30 60
26 61
36 55
25 52
33 51
34 50
30 61
31 56
37 48
36 55
38 50
23 62
27 61
27 59
26 60
27 53
29 55
35 62
32 55
31 47
42 59
27 61
25 60
33 45
30 59
26 49
38 56
22 44
22 56
31 54
27 43
23 48
30 47
30 57
12 12
1 26
4 32
1 16
10 21
3 12
12 30
12 14
1 17
2 25
3 21
1 17
74 93
74 95
78 99
81 104
87 104
86 99
78 105
71 104
80 106
74 92
68 90
84 87
80 88
68 106
73 100
75 98
67 94
82 93
84 107
82 97
84 104
78 95
74 90
74 104
67 92
79 90
78 89
83 100
81 103
70 101
78 101
69 91
85 104
84 89
84 91
74 96
73 99
69 89
83 97
70 105
80 89
76 103
79 88
82 107
73 95
72 94
77 104
76 106
80 96
69 101
70 106
85 97
71 105
71 91
72 97
67 106
74 89
87 94
79 93
69 97
84 87
74 101
73 106
73 87
69 94
85 90
84 96
76 107
82 105
70 99
74 103
87 92
69 95
77 93
79 97
78 95
72 103
68 106
72 106
82 104
72 89
73 101
86 93
71 87
78 91
71 102
74 101
35 56
27 38
17 47
26 49
36 37
30 45
21 55
29 38
26 46
30 50
16 55
35 46
30 39
18 44
27 54
29 43
26 38
36 54
17 45
35 36
28 43
23 56
25 42
24 42
29 45
27 39
30 51
21 48
31 47
33 50
22 46
20 46
32 43
34 47
27 42
21 44
9 27
2 19
1 16
1 26
1 11
1 13
10 20
5 30
7 28
1 21
1 27
18 27
13 35
4 34
12 28
5 43
9 39
18 27
10 32
10 36
21 40
14 36
21 30
16 43
20 43
12 30
4 35
5 38
21 39
8 34
16 42
10 37
12 33
19 39
16 25
