2000
4 991
11 356
4 1449
5 1953
8 70
6 899
1 1183
12 558
7 1169
1 1890
12 909
6 1607
4 1467
12 1982
8 98
13 1309
14 1509
9 676
14 916
21 1759
12 1490
24 531
6 1802
14 1283
23 1106
9 1994
9 678
2 1296
11 170
25 1635
4 1325
15 1152
19 1123
21 1306
20 874
5 1859
21 695
13 425
13 601
2 1298
1 294
1 1104
5 482
4 263
2 1122
2 1268
7 1766
3 1424
6 856
4 926
6 1945
4 207
4 773
2 348
2 1922
3 1325
4 1228
9 1808
4 1718
9 559
5 1232
5 1109
8 76
9 579
3 764
2 746
9 895
8 672
7 932
3 1931
11 822
4 1434
2 420
5 1705
5 1918
6 544
4 365
1 314
2 1232
7 1883
8 1402
13 1240
5 631
8 800
2 1394
10 563
12 404
6 1292
10 96
2 466
15 1808
21 322
4 68
25 1260
3 1450
11 1663
21 1662
7 906
28 1019
8 1887
2 610
8 342
25 193
17 1967
26 1319
18 312
24 943
12 554
10 478
20 693
14 1593
13 677
28 34
29 1802
21 1930
12 716
9 740
1 1226
9 1550
5 402
6 436
9 1702
2 873
10 912
1 1118
6 1966
7 154
1 1598
3 1293
2 620
6 769
5 1308
4 762
3 828
1 944
12 1512
12 1135
1 1378
9 1798
2 367
7 333
17 268
4 56
2 43
14 1944
12 1284
9 139
12 1393
12 180
16 149
4 710
3 509
12 1159
6 1306
16 243
2 30
7 719
5 1061
3 1056
3 1974
17 1290
10 1547
15 365
10 1389
9 1597
1 564
7 242
12 381
5 560
3 1805
4 1956
5 229
4 1799
5 371
33 656
34 190
30 1541
22 1995
21 1926
27 389
27 392
32 1619
13 684
28 867
1 250
34 562
7 392
7 896
20 267
7 601
1 871
38 613
17 1161
15 1999
20 677
17 1568
26 690
20 470
11 897
16 1912
22 380
3 1691
32 1440
3 1762
24 1873
15 363
19 719
10 968
8 307
16 1719
1 156
27 1649
1 143
4 146
5 1557
2 141
6 1532
3 402
2 121
8 1374
15 24
8 1444
9 251
6 1473
6 292
13 1575
15 551
10 858
8 654
1 1901
11 1354
12 1554
2 1420
1 550
3 1771
3 1691
8 1366
4 1954
6 79
8 1214
5 1679
4 1817
1 286
7 969
1 29
1 686
2 1487
4 432
2 1320
4 1390
4 1642
2 591
1 958
2 6
3 1954
3 1346
5 115
6 1860
3 1965
1 839
1 702
2 784
7 1952
2 669
5 747
2 1702
4 787
3 841
4 1793
3 50
7 964
2 1022
3 929
3 1643
5 1202
7 1529
2 502
18 785
18 1263
19 293
18 1156
11 77
2 389
5 1724
9 1233
15 1712
5 1562
17 1310
2 1704
13 331
7 139
11 485
5 780
6 1060
16 1255
19 937
20 1926
7 646
16 1032
5 1840
1 604
7 684
2 1170
7 805
2 581
1 154
9 25
11 283
5 1647
6 1419
3 1322
11 43
9 1219
16 442
12 1071
9 1979
16 1104
8 1002
8 1723
3 1757
4 1606
14 1056
5 1688
10 436
11 1134
16 1900
17 115
17 1180
10 1218
16 258
4 1582
3 1475
2 74
4 2000
6 757
4 470
1 860
2 1012
2 1985
4 1175
3 1042
8 1196
3 1744
3 1415
4 1733
8 16
2 1463
8 1646
11 173
3 993
3 1445
11 161
3 551
2 1551
5 928
1 1393
3 1732
3 1564
10 1566
8 1802
8 780
4 755
3 1632
1 105
1 1682
7 1791
6 1815
1 1706
2 352
1 1472
4 1460
10 1104
6 1054
3 245
10 1414
6 678
1 3
1 1471
2 243
1 1625
1 312
3 819
4 1376
2 1164
2 1015
6 590
5 894
4 738
3 1454
6 1674
6 1110
2 1881
1 552
4 1324
6 1666
1 420
28 1917
3 1940
33 1190
18 1992
30 102
35 173
13 131
29 1698
7 1474
16 1102
6 269
9 1243
10 1952
9 661
3 1982
7 862
29 61
14 1076
35 568
29 566
19 1081
11 1006
3 1110
14 313
27 1549
32 1497
25 187
5 360
31 1368
22 408
5 614
6 1798
1 615
28 1115
34 1267
1 666
1 169
2 1371
14 935
13 824
15 1396
12 765
6 1214
5 942
8 699
13 48
5 873
9 68
4 1578
4 1558
10 1567
10 1319
6 971
6 413
3 1185
3 1443
14 839
10 1372
1 175
15 1333
16 650
6 1097
15 625
13 1678
11 685
10 1697
6 89
6 544
2 161
9 959
5 1654
4 1829
12 427
2 663
16 946
10 391
15 1558
16 1204
12 1255
5 857
15 345
6 1731
3 1415
9 734
5 507
4 1784
10 425
17 680
9 165
20 1655
5 547
3 1891
7 1002
3 301
10 822
13 976
11 1565
4 554
6 1825
5 1338
17 822
16 1749
11 682
20 1975
13 1795
5 950
7 316
6 1025
6 885
3 1228
22 1927
4 505
11 436
10 1149
9 1846
1 832
16 966
13 507
14 1821
23 358
15 1761
20 258
6 1956
20 1246
3 1575
7 972
18 173
23 288
19 1935
5 1784
1 553
2 1176
15 1989
8 397
40 104
37 358
21 1780
19 890
12 59
29 1979
3 515
46 1294
5 1635
41 586
25 658
15 461
25 1769
3 566
36 1671
46 1577
13 622
28 94
33 1257
3 1038
22 270
22 524
24 930
39 1969
6 617
43 1511
9 1429
20 386
34 734
5 1129
5 1815
33 247
1 939
51 1396
36 259
38 1740
29 733
12 1205
8 235
17 1971
15 725
32 189
34 1310
21 1681
39 818
30 94
16 593
51 1256
14 695
6 1094
10 1306
14 1514
5 159
5 766
18 1801
8 1361
18 352
1 1000
8 126
12 1486
8 742
18 828
15 770
1 54
7 1625
2 455
12 1019
12 1980
14 1234
17 1394
7 895
9 1926
19 1274
4 750
2 1348
8 82
15 385
11 1177
2 207
12 230
20 1666
11 1531
11 1992
19 1239
8 437
3 1899
10 741
2 1724
2 690
6 1984
8 1721
3 1861
8 1717
8 259
2 754
6 1575
1 1818
2 931
3 140
9 137
5 929
1 954
9 1647
6 1377
2 1122
8 782
1 1576
7 560
8 91
6 1363
3 69
4 1203
3 1311
2 1375
7 1715
7 890
1 1545
4 596
2 1338
5 512
2 1461
1 77
5 1627
2 1536
12 508
5 1037
6 412
4 933
8 1915
3 1984
7 264
2 1182
10 1415
6 1932
1 144
8 1056
4 841
4 1990
3 552
2 1463
1 1021
5 471
9 1171
1 1963
2 1827
10 1142
4 392
4 1349
9 1066
4 1987
7 292
1 1452
2 221
1 1453
1 1436
2 1063
2 806
3 1045
1 1026
1 1907
2 476
1 1953
4 483
1 755
3 368
6 1529
3 1819
6 1901
3 1677
3 246
2 631
2 1059
1 1702
1 70
4 1709
1 1969
2 1367
3 138
5 1744
15 1551
5 1305
7 528
11 1495
16 751
18 1479
6 747
10 853
5 713
2 1184
3 88
6 1371
17 348
13 1200
3 721
11 625
11 412
3 1905
4 1043
2 776
4 846
1 1557
3 710
6 1272
8 634
25 308
5 1643
28 1065
13 255
21 119
27 1580
14 173
18 1866
19 1023
3 1057
21 510
14 958
13 410
13 1248
7 252
8 514
22 834
8 704
22 556
14 1522
26 424
22 1072
18 1225
4 1058
8 1052
21 702
26 256
1 1746
1 1261
4 1005
3 128
1 1214
1 173
8 524
4 1727
2 758
7 1486
14 576
18 1996
6 1923
7 1311
14 1527
7 1782
13 1966
4 1898
17 967
9 449
5 1998
3 749
21 839
2 487
2 737
21 1491
8 838
1 714
3 1156
1 1039
2 1642
4 197
1 976
8 498
1 1984
9 1921
6 446
2 1872
9 225
6 1852
6 1362
5 811
7 660
6 539
1 879
20 924
16 1843
14 1734
9 1165
6 1496
20 466
3 698
14 1351
1 1423
22 1943
15 1975
15 1498
21 1666
21 1809
10 960
3 383
20 451
2 1514
8 1093
15 1009
4 1665
2 1398
4 1326
6 1739
3 363
6 883
6 1581
3 1862
3 1492
2 30
2 1163
5 1457
5 418
1 1072
1 1414
4 224
17 1368
24 535
11 1442
27 300
11 1212
2 679
22 1554
10 1209
3 1620
19 508
19 1839
16 923
24 691
18 1845
7 145
11 150
20 264
10 102
10 1838
2 177
21 1406
23 103
2 1293
9 460
27 268
1 93
7 459
1 1926
2 1118
2 158
4 24
1 1049
2 1333
3 1842
2 507
1 1485
1 697
7 1735
10 716
1 957
3 352
6 75
5 706
4 722
1 1701
2 1183
10 406
11 530
2 772
11 1488
2 1076
8 1025
9 1248
9 1637
4 172
4 1886
2 1162
8 1161
6 121
1 218
11 1387
16 584
16 710
14 1283
15 666
3 758
13 1592
13 937
4 467
11 218
16 1116
16 538
7 1086
7 139
5 368
1 1967
7 50
6 1980
5 1547
1 933
3 1857
2 1750
12 73
1 837
4 1574
3 1466
8 1965
2 1592
5 408
12 1982
6 1746
5 1321
9 193
9 1151
5 1290
8 1229
7 23
13 1634
10 1232
13 1437
7 1307
9 1512
13 800
1 1598
4 1435
1 130
15 253
12 657
20 811
20 841
11 1148
11 883
14 845
3 103
1 1526
2 754
2 1328
1 1449
2 1171
5 1078
4 299
1 1848
1 1466
5 1187
3 1181
5 84
2 1985
7 1649
1 237
2 1384
2 794
2 1436
2 180
5 57
21 977
6 1315
19 131
19 1298
15 1899
16 1617
19 615
15 1023
16 471
13 1574
11 1051
7 1646
14 1917
16 59
10 1729
7 1331
7 1648
4 1808
7 94
9 1480
2 574
9 1229
5 15
7 241
3 847
4 1260
1 1470
6 1989
10 1716
10 882
1 287
12 1619
13 106
20 1382
10 1345
26 1662
20 698
4 1624
5 877
8 1542
34 694
16 443
9 511
32 1537
27 1602
32 634
17 554
35 964
21 1477
11 482
31 1793
31 1233
29 181
30 812
11 1308
4 186
35 1310
22 710
9 648
29 1783
9 1904
36 1100
6 607
31 1941
29 944
11 1607
17 137
3 1391
22 1237
6 41
8 1989
3 234
6 957
1 1980
2 1534
3 1241
3 1489
7 1997
4 323
1 400
3 799
4 689
3 894
4 1113
6 305
3 1415
9 151
12 1781
4 1813
16 1371
9 1509
3 811
11 861
2 1812
3 1541
1 495
2 1733
1 407
8 27
17 185
1 64
17 1469
3 968
4 1794
3 1000
2 722
1 1512
17 951
3 1659
1 393
8 2000
11 28
1 27
8 689
14 60
9 1779
20 1114
18 691
14 642
5 1158
9 516
12 509
18 1660
4 880
3 1236
13 110
6 356
1 752
1 550
3 1271
3 622
1 421
1 239
1 1236
2 1089
1 1228
3 704
2 79
3 1227
1 1682
1 1507
12 1400
10 944
12 575
9 169
2 1525
6 1396
3 1182
8 174
8 496
8 1327
1 1076
1 1954
2 913
3 249
2 245
1 1245
1 105
2 1725
1 1198
3 116
25 1713
19 357
8 255
9 581
2 257
23 235
18 224
16 148
9 1963
23 1153
7 1687
1 148
7 424
30 545
16 760
23 1042
20 52
25 1333
16 165
7 872
12 105
31 1085
13 1862
3 587
24 1711
22 1595
24 1319
20 1833
24 1133
11 1870
19 517
27 844
4 669
5 1355
1 992
6 1630
5 697
6 511
6 983
1 1825
12 877
15 212
20 1432
10 1481
9 295
20 843
12 598
3 962
1 1398
5 1842
11 484
14 1878
15 1430
3 1810
8 717
14 123
14 1952
7 1622
11 1283
17 1994
2 1887
11 561
6 1019
9 533
9 1415
10 527
10 741
20 777
20 883
15 1274
5 1123
2 720
13 1368
3 282
19 1255
16 1223
9 75
17 757
10 833
4 362
2 349
2 338
3 238
2 1166
1 1852
1 805
3 59
7 855
5 1977
7 750
2 1424
6 156
7 1252
6 192
2 704
8 1339
8 1555
9 1601
2 589
3 1211
2 386
1 592
4 698
2 649
5 1307
1 1162
5 1906
39 1373
8 1470
39 489
24 1283
18 1481
2 1112
2 1693
33 1271
26 1020
3 567
19 1652
40 940
40 1011
8 154
24 1602
4 1857
3 723
7 906
16 1265
22 1534
5 1907
37 305
24 1249
35 670
37 1000
7 1355
16 1153
4 846
21 705
11 674
5 1950
7 179
35 393
22 1160
39 84
14 996
26 1704
21 1095
18 1482
28 936
48 807
55 1774
42 1668
34 884
43 1885
9 681
42 663
15 725
30 1056
47 1314
3 209
47 253
47 57
4 698
12 1067
41 452
18 409
49 1329
47 1176
7 1766
5 1870
38 1372
23 1227
14 1402
18 1344
49 934
34 1757
22 663
31 1162
4 1195
21 1457
27 605
44 1203
38 1639
31 1962
32 650
39 1696
55 293
47 500
34 1826
8 165
15 624
21 1985
45 1318
25 1497
42 459
15 1409
55 1829
16 1656
43 482
20 490
23 1614
48 520
31 1828
50 1635
1 433
2 38
3 1560
1 1485
2 40
3 1718
4 138
6 343
1 35
5 1561
7 687
3 413
5 188
5 489
13 1693
13 113
6 523
6 975
2 1734
8 752
7 231
13 160
6 1777
10 562
9 661
6 195
2 522
3 58
9 1974
4 1740
9 890
5 1985
6 1270
1 708
4 169
2 182
4 1884
4 809
2 288
4 1086
5 1028
2 590
2 1293
3 1894
4 951
6 1634
4 489
3 1305
1 1386
1 323
5 47
3 1152
2 671
3 36
1 1690
1 478
1 1278
6 27
7 1647
10 1316
6 407
2 1850
4 1463
5 103
19 262
11 466
7 166
3 670
11 61
4 1476
4 1705
18 1444
9 1894
13 843
12 1634
10 1195
2 1598
1 1628
10 1821
18 1058
9 314
10 484
16 664
1 1321
1 1932
1 258
2 744
1 426
1 1456
3 117
17 488
7 1436
15 1900
7 408
2 1594
5 1444
17 1974
7 678
6 1563
2 980
9 47
5 1121
13 1037
6 1549
15 207
13 1804
2 1038
1 1797
3 66
4 1448
4 1331
2 243
2 247
4 1293
1 1072
6 533
4 950
1 719
1 1404
4 1973
3 1721
3 1925
5 35
2 1587
4 1877
13 1763
4 851
9 1177
15 1746
5 963
6 1592
3 346
7 1609
9 1923
14 348
12 675
2 1920
2 199
3 639
2 843
4 1800
6 568
5 1069
4 609
7 600
6 1873
6 484
8 1788
1 119
1 1361
12 1732
9 1519
1 285
1 35
2 418
8 148
12 1618
9 1524
2 188
11 713
9 1458
5 1334
14 949
3 449
11 245
2 1083
11 108
11 1023
7 751
8 695
4 449
7 1343
6 1788
12 165
12 1693
7 590
6 323
4 1539
1 446
4 761
1 1909
6 1350
4 1185
1 1269
2 1096
2 1484
2 626
6 71
2 88
2 45
5 173
1 1709
1 1791
3 679
4 402
2 775
6 1639
1 698
1 838
2 671
2 1715
10 1892
11 455
3 1271
11 1428
11 942
2 340
12 1221
6 933
11 1677
6 848
3 292
2 1968
14 1237
12 53
5 1266
13 405
9 578
9 1328
2 515
7 1617
7 362
11 1713
15 288
6 474
7 924
15 498
3 547
3 1651
10 282
10 660
12 764
11 1293
11 859
15 132
12 1340
1 131
5 1798
21 1839
20 1187
9 1479
7 1324
17 407
12 491
19 1578
13 575
19 1326
9 1101
5 1173
6 1012
17 537
19 1973
13 1216
16 1522
7 1199
1 925
4 1459
5 554
6 338
5 1376
6 1559
1 965
4 1476
2 1834
4 472
1 1945
2 595
3 1955
2 213
4 826
23 1766
20 107
4 1212
15 723
14 913
13 1278
10 397
10 1780
19 284
8 52
3 1014
14 1464
18 1709
3 1874
4 1932
13 909
1 1170
18 222
1 216
23 1468
20 1830
18 535
22 668
3 1052
8 1827
1 1613
9 307
11 720
5 157
8 1744
1 1447
7 381
3 424
1 155
2 50
2 345
3 1824
1 1824
2 380
2 1188
3 580
2 1907
5 777
4 1741
1 731
7 82
6 112
3 1257
7 661
7 1668
6 935
17 1324
1 1551
19 979
13 1488
14 1800
2 1512
14 838
5 818
9 680
7 357
15 1200
15 1567
7 789
17 913
6 844
16 267
12 869
18 1467
8 326
1 1590
13 1660
13 938
12 1826
12 999
9 276
12 962
12 472
6 103
5 1956
3 451
4 316
8 1484
14 1953
9 1795
1 485
5 1409
5 299
2 1857
3 466
3 1351
1 755
24 1473
9 1832
2 1991
2 1549
15 239
3 843
14 359
25 738
10 1885
8 271
1 1408
5 366
26 1791
14 1697
16 915
17 121
13 365
17 1021
25 1607
19 1057
17 666
13 64
22 412
9 158
7 913
26 642
12 1151
6 1993
12 1587
1 364
4 1004
10 515
12 749
1 1119
1 1831
10 1954
1 806
9 1365
1 947
1 470
5 478
2 577
2 940
5 239
6 487
6 368
14 567
13 812
5 666
3 615
11 499
12 251
10 790
14 403
14 1378
11 1770
8 1021
2 1579
5 250
9 1374
18 1730
14 1134
5 50
5 1136
4 134
3 301
3 692
4 1088
7 357
9 780
8 1212
9 731
3 794
5 1277
8 513
9 976
4 691
3 795
3 306
3 370
14 1160
14 1646
4 1082
10 1602
8 794
14 391
6 1183
3 1152
2 1780
10 1731
3 358
4 526
15 1104
16 1016
8 1990
5 1986
1 150
7 856
4 874
9 1284
11 1181
7 437
4 1214
12 996
7 214
10 205
3 679
7 819
3 534
11 1095
1 1707
1 339
10 1307
12 1879
11 427
5 1901
9 1980
4 1756
10 1957
7 964
5 180
11 1923
12 1085
3 1006
9 1351
2 753
1 1914
3 829
4 546
4 1617
1 1436
2 1627
7 1412
9 387
5 827
2 546
7 540
11 1511
6 1898
2 1421
1 1024
5 1841
3 1013
1 1224
4 297
1 679
1 1821
1 1883
2 871
5 806
5 517
4 1827
5 1958
2 152
7 1463
8 130
9 1007
5 1471
1 918
12 444
1 662
11 228
1 998
10 568
12 1116
4 1777
2 489
1 1759
4 851
1 129
7 438
2 1008
3 1500
3 1880
7 974
1 1071
6 1316
6 789
4 1243
6 173
4 1711
1 158
1 234
1 1294
2 351
4 1977
4 709
4 587
4 1819
8 929
14 1802
17 636
11 347
2 1326
2 247
2 178
18 1116
16 946
18 750
8 684
8 1810
5 1148
16 1336
18 1975
11 321
14 1845
9 534
13 1485
4 1331
6 1395
7 804
3 934
6 641
1 173
8 1586
1 803
15 316
4 1876
3 166
8 436
12 431
6 593
8 1319
5 143
3 1835
3 1793
4 1016
6 738
5 947
4 437
5 305
8 39
1 202
1 249
3 1515
1 2
1 1906
6 231
13 698
18 144
9 164
3 428
8 186
20 712
18 1314
2 318
4 793
3 74
1 1910
5 1267
17 1134
19 636
13 1976
6 600
7 1954
14 827
12 1604
7 1343
7 1509
4 197
9 1347
8 479
11 338
9 875
1 719
8 278
6 473
6 1701
5 183
11 1731
5 486
1 1351
2 577
4 1332
5 1448
2 1570
5 455
3 847
4 1660
3 1813
13 1758
6 128
2 230
13 1887
16 53
7 1000
18 1325
12 895
3 1110
1 1469
6 1321
18 735
15 1286
7 1187
8 464
21 225
4 539
11 507
18 1201
