756
5182
117
4016
226
333
1948
316
678
418
55
7047
185
46
365
156
2743
24825
984
139
117
22609
46
64
11975
27419
389
119
422
11150
107
242
59
2863
112
516
64
160
64
59589776
1802
15395
117
201
20631
344
6140
893
185
1631
117
3508
2801
1393
71
117
555
393
5647
203
276
2718
198
151
132
25545
200
751
46
3022
524
2605
2605
57
940
296417
1785
62
120
388
556
458
75
1550
119
368017
1003
4583
75
310
625
6342
499
8530
46
625
242
1601
581
98
78
107
971
1272
100
449
140
305
300
59
316
128
82
1254
418
504
625
2411
75
7890
448
389837
902
55
1850
3585
1266
1042
819
497
244
58
17282
101032
46
228
58
682
577
19679
2078
28806
74
4284
82
2290
311931
1647
3144
819
2540
148
924
747
30578
743
92
149
1858
103
10533
209
93
294122
212
1162
276
1318235
180
643
579
840
543
100
297
1923
769
282
115
1359
58
6122
303
62
331
6088
486
444
355
338
192
3638
28846
40594
150
1865
5217
32376
72768
2125
147
101
21619
50493
514
147
174
294
304
10848
422
377
921
274
1033
60888
3067
1443
2330
20079
22560
465
69
485
2197
445
316
136
455
673
64
278
46
214
2044
11701
569
169424
69
45
1497
78
431
579
1297
55
2889
1218
1670
510
57
4374
3253
151
59
378
109
338
24706
41966
98211663
1020
36556
46
540
6281
71193
1543
338
289696
32
11068
875
191002
58
14403
299
940
317
704
2070
46763
5121
2725
420
167
785
115
166
477
91
21300
781
376
4028
204
2080
13788
6789
36005
654
606
659
246
46
257
18012
491
12536
117
658
158
8277
68
330
685773
1118
79
729
181
352
199
1140
417
74
20453
78642
851
19885
127
100
596
227
358
2012
42
149
829
4034
167
276
59
57
22201
3107
229
533
322
59
1202
4570
602
1390
119
46274
3152
1907
1158
337
92
310
825
271
42
393
1578
151
1671
175
192
319
1636
35806
1216
666
274550272
7722
253
46
136
45
139
8404
155
115
438
610
1528
1090
29160
1461
32826
25554
1297
538
1213
12414
96
746
190
56708
233
425020
72
40241
129
137
192
578
293
1339
6933
2426
64
1525
23107
1672
234
211
139
64
27837788
310
144
85
105
699
147
69
427
632
1000
212
504
46
234
11366
13782
196
63
231
292
64
1087
7716
37838
200
150
32
45204
219
394
1747593
224366
62
117
362
57
2574
625
45
2108
373
515
132
3068
26223023
18826
317
1447
2948
351485
147137
85
185
46
1481906
10363642
85
87
3323
112
13833
46
101
19993
2810
79
95
102
146
332
1577
30969
19041
294
1521
2702
99648
1305
32
468
1842
32630
9465
427
2770
883
75
1223
4561
1888
58
241
1533
2219
1853
105
3243
2962
26859
135158
55
45
9373
185
95
493
72
126
733
242
6791
1145
69
24911
1313419
1872
1265
1670
57
119
1282
59
160
275
602
173
192
432
343
36438
21710
1216
266
603
129
72
69
92
2047
112
3641
200024
208
147
275026
4726
240
510
45
1247
573
118
591
6282
8935
1965
105
6168
32
429
572
2191
142252
494
1378
29715
45
317
497
93
6659
376
4179
42
64
115
374
32
2958
129
128
100
384
723
155
45
257
3144
128
192
1560
203
701
1141
209
16220
6220
1414
748
1513
345
587
55
587
289
3120
1043
133337
161
45
3204
5595
72
210
1409
554
74
192
7379
3308
46
108
453
117
50792
363
419
68679
3233
280
79
602
4657
610
2526
45
10515
47920
191
121
962
923
98
156
154
59
184
354
1237
319734
3402
409
224
982
257
300
4243
192
432
551
163
49295
25362
234
79
3633
123
573
59
937
411
46
1071
22319
101
558
91
331
9902
325
46
68191
42
212
1628
4734
59
1505
309
120
9133
1037
2689
3182
441
147
490240
46
6883
10933
297
273
304
231
55
69
345
95
140
201
146
1195
4248
368
242
38597
109
55
119
96
192
455
486
19049
105
87
192
4372
443
78
5057
432
2095
1889
42
52924
119
310
169
190
2023
140
989
45588
41600
635
171
2090781
79
212
77840
1083
1503
215
42
204
413
117441
100
453
82
80
136
146
2388
1441
155
61447
117
4065
1916
653
3420
79
79
1881
128
806
117
760
13801
109
2454
58
27218
45
332848
2596
71
1819
348
129
438
45
71404366
2445
2614
224
53657
109
569
200
4568
340
3517
910
1728
205
14281
7166
637
8591
260
337
1921
1068
240
181
1638
11457
55
1645
160
115
326
1164
688505
4570
706
115
204
224
68
185
546
139
300
8616
1064
96
1653
661
75
234
100
767
1057
726
55
5976
390
383
7275
1202
102
45943
260
360
293
1158
8516
17963
1367
564
229
28087
22379
12817
64
352
3864
119
98
259
180
1688
2444930
137
79
3116
269
242
209
319
298
126
171
3270
166
399
139
433
282
345
287
117
158
648
1648
68
678
48970
1681
491
11032
181
136
55964381
872
975
743
58
268
1824
55
17015
17426
918
4677
139
851
1615
579
32
85
226
148
2833
192
132
260
292
79
588
1718
6146
13434
281
199
117
250
185
337
632
5214
346
75
108
71
240
930
7376
2296
117
625
3465
58
102
7384
2219
692
146570
46
236
587
169
207
69
199
62
4920
89
344
115
567
12554
136
165
