1000
474899 7286357 47120
1085831 9729794 99355
6850364 9403177 248841
4750661 7682573 56628
3388075 6061390 266288
4141663 8434327 364284
6787171 2830213 100949
2630068 5372889 25741
1525114 5927009 125131
7590770 4872995 466306
1831962 3844555 160666
2726942 8995543 261134
3140354 9633408 170475
7750801 3861226 250549
4257541 1936527 173210
9664374 4213096 244965
119944 5757533 4959
175439 8916207 3311
5279749 3435683 211262
2295024 4007601 95845
2093837 8352493 54694
2142848 1417333 93159
9495616 4704283 186791
2438269 7319316 129889
8859093 6506978 265913
8157879 1813502 63147
9825174 1481930 138201
5119826 8654133 36586
3299682 7889839 3407
3141062 76879 3287
4285356 3009474 215057
4711904 6349174 27472
6152569 7561991 500718
9871937 9566057 236671
5933412 7928406 262991
7056732 7701882 424897
8897308 7799645 119517
9368314 7194384 531359
1878498 6494875 27617
3118904 7406373 303814
3236365 2480356 5609
2157317 1342151 18637
9064967 722145 26726
6165159 2576281 48388
2830928 8377103 177277
5870261 3378897 32802
6482297 8204094 391413
9427356 6502073 626892
5445032 2976274 273631
6774940 1570096 55141
2093208 6686467 87776
6578890 6300585 577070
2456856 6174814 87584
3388302 4621225 9646
9025673 7641667 155684
2389412 6682187 225888
8012770 7130663 80916
6439965 3003965 26304
6420654 9145043 317790
9638365 9200194 215086
7795595 1857761 13864
2274973 8591664 224755
899883 6201923 45085
2551400 583281 52703
4772564 5994558 444630
524960 5409157 31173
145889 7927529 8309
7459321 5442684 533473
339521 2008240 1872
9648506 2440446 29098
3006325 7494229 178354
8769025 4499526 305844
6697237 7507948 53587
4090302 1990176 181031
5989450 1597917 87629
2711093 5319152 59773
9891667 3805924 182549
5404862 5505452 511737
3726338 345618 29184
5846406 3687391 59918
1336637 7681867 84308
6513806 7952038 104550
8636928 659016 32493
4571817 6679733 90595
1181784 6716692 9569
1582592 7571921 69496
6459495 1475857 143129
9330192 1317718 19952
5556709 1727730 9688
2595880 5739312 94601
9880987 1611456 34638
8280301 7644516 157594
3680616 6427992 85203
8929752 6428294 386162
9069118 8139114 532272
6827573 4831042 101728
7372836 5742457 53845
5018660 3161813 300649
8372659 7366240 532474
1295642 2490899 38943
8874395 468297 20596
4771551 3202274 264042
7186718 8164149 422367
4360079 7176635 127139
3527698 4864633 184350
9379995 7741742 306968
1651553 8210621 113324
4274375 8350812 323371
5005322 1739262 118102
1638444 4811645 120135
4850080 5722891 235444
2089270 9599322 9313
7446088 7178633 205977
2133540 632786 31697
9649852 2926833 27247
4157581 6153047 150906
9559373 8638991 142479
1844311 4397551 12201
6165722 2675075 134123
5082816 7766582 151905
6844380 3806146 152179
5930072 73945 3007
9300189 7507987 157396
6817155 7302426 381588
2234618 3389972 62501
5748601 2141137 178377
1040103 8980661 74462
1209543 7056743 85387
9984617 693306 60268
3255758 9821147 205543
3000155 3356220 139906
3909697 8627647 290770
7895083 97702 2537
9454377 4464570 152097
3480924 5101370 264024
6857826 1982598 130557
5467908 9917835 357011
4041118 5378033 207285
7914446 1221251 26173
6111583 3937502 115147
9985911 7531996 627067
5260671 1118275 22462
2820435 9253673 159622
1960362 5904426 147576
6392007 5925325 401059
3785440 9015090 151086
3687630 7251968 331875
1860342 9242125 135089
3305079 3229775 76801
4568084 4121090 161767
1006179 4091674 10842
7474870 840043 28416
438473 2298774 36926
2684077 9328694 155906
604148 4785227 3921
5015069 5113574 342623
1990081 3822614 142403
4529023 4848913 12684
595236 6756262 49308
243486 9986914 9454
9904034 7255296 328398
3596700 8677782 137597
5211223 2751101 174875
7123692 2772096 10650
2730607 9952073 15535
8008280 6658823 404446
3002031 868452 52738
3858939 6369318 125787
88683 8046882 6140
3265989 1349481 32086
4129039 3264685 79012
9415036 2826228 204811
2242969 2995456 55512
641591 20733 733
1853083 661740 27044
6765412 2811343 59003
8924219 8096661 601316
5806785 4539975 139214
6618933 3739379 347412
5677284 4905689 137642
4328662 7834452 385740
3694901 6175370 301637
7334272 7361878 352622
2563441 6472309 225167
7983403 3156080 237274
7596711 8348873 36876
195680 5877352 4892
9718076 2860487 177307
323774 6354012 12954
1703913 5083974 55053
3241207 4248507 43463
766650 9126705 35629
2203217 1823051 60556
9814415 2437766 26238
6780072 9378467 438499
4653085 6654806 207343
9323241 8650160 620014
9070956 5365322 290753
1804439 2084018 86734
8029784 5841946 268944
6332359 507070 28203
8406930 2727062 268375
4932902 8872252 352934
1255582 7161503 58783
5605488 7701737 490488
8392788 7428525 360267
3148536 4107988 194401
9720034 6140873 508951
7217189 330210 8446
9373511 9093777 784348
8660720 5741260 387341
5285591 3836089 209333
4749930 5250462 469096
1885628 4099719 14522
9084338 7418552 297485
2554608 622036 33397
774145 779598 74868
9192262 9376016 666801
4571809 6927466 158912
4796129 7918653 177532
9152239 5780455 477218
998329 4239600 11853
5280990 2535030 23648
5035547 6587861 100510
7065077 7362075 655883
6399143 2359082 13409
8703822 779054 25793
5182163 9476417 445277
8832663 6819933 399095
3840229 9654913 141774
9450771 6618022 482573
571002 2980836 46067
5511576 1571423 51582
1132931 1194744 11795
4870929 3864625 12580
5865157 7094752 498257
7088251 6028950 525303
9238231 1816913 20090
4261226 2872289 126444
1508389 1351832 35871
7262595 5267893 212206
2556401 2730897 173218
1488897 7499146 48875
5481551 7216175 71665
647986 7201709 59875
2540327 5691641 204876
9391226 42814 3437
7609269 5957001 513392
3601357 2103346 1755
8629002 6188685 528911
6465847 5725009 92462
3022218 7336904 157857
3257813 7592119 76595
88302 8595599 6484
3738971 7074517 227170
9436481 5247311 153647
9642254 2209648 176453
228965 2665476 13297
2215753 845982 15425
4395021 2792642 157840
2410235 7225038 179891
5090370 4889390 407307
5569189 3703743 264876
1102561 8018051 1950
1915615 6682246 159618
990362 6387727 7874
4419665 8386314 5852
8138353 3285557 294993
8431420 6990601 466715
4258110 8674667 300234
8940785 453011 23361
6388398 3861947 175693
2913878 9932684 14380
6443969 3296709 175612
1560935 5631660 86821
69580 997817 2997
6641328 3314945 26697
1594615 2933216 28074
2616790 8185321 2714
5105599 39954 2594
2341773 1956378 29188
3615731 1118398 63394
3351585 4799773 6950
4611896 2886887 279344
5856240 8142540 284656
4722183 5232292 441274
5620332 2204250 48730
1088172 6717981 49169
1328028 2349001 113590
8358343 4113555 333437
8644889 9487603 782349
2112461 60887 5352
208659 8953860 18231
5981061 2767823 86228
8028236 9621117 672804
4042125 7958774 354387
9220506 725809 51540
6663253 933979 87142
7084263 6748617 529944
5678625 1184415 68649
4407986 2400577 83913
4771978 3381242 305960
8417933 9445482 69191
4122107 3709236 204487
6362143 8735464 356894
9242294 5508142 265742
2626465 9613876 16517
9235022 5234137 137304
5721571 1589914 134110
1635501 7152059 98892
8590023 4038329 329134
9572109 4651888 332337
9873603 5272840 228592
3466241 5226533 70095
8599009 5473870 215080
3201516 4011036 380
5615296 7084455 492262
9898374 1493677 39703
2038163 9680643 26305
4189788 9609153 29512
2637087 7971240 189984
5035598 3718103 4247
2279231 1349678 128110
5285137 4424321 130709
7757793 4705536 93486
9897261 5507301 425284
8778504 3102047 43956
6750207 9157951 565689
8383690 8480737 463386
2883638 5129820 262457
5251153 201324 17475
4241367 5595806 314352
5693916 9022270 344921
3916091 1200125 11639
7547582 4727910 388185
3112334 8513666 196720
3952732 1084489 96256
6169680 1281612 49750
1158065 5911457 45668
2047573 1747213 137529
2064587 2242168 153547
6217543 6671628 478367
6010061 260143 2769
2017953 7161507 48292
8307310 7930875 303725
3782836 2004544 68813
3851254 8495715 278954
9523108 3635174 95028
9929414 9842502 775316
5107049 846763 22347
9014094 2235858 169913
3217745 8800185 150647
1809687 268684 14546
3638906 9904975 348310
4674489 8348749 302411
5064283 4479680 256927
3443939 6866624 228083
1200698 3267313 86574
5125720 8322535 124840
8879541 9702620 100017
9871983 4898838 62750
1376699 3144338 32799
2739729 984564 46126
5599378 1889587 176139
1988412 3549439 192662
7713489 1896054 77983
4867716 749447 51283
2495333 7789989 2716
4353422 5213104 220454
4206734 4149664 138719
8454550 974962 81832
5949409 2583255 190921
183912 2076186 5664
2105414 2577746 104796
5828841 769865 61942
9060474 8278827 445012
1609741 3274610 153197
8386316 9232273 596999
7720160 7967454 402393
9018977 6515909 17569
5327104 6512042 426160
7895730 1169694 75965
6110751 1078597 69323
5499787 9676039 113136
7085955 280693 12785
8497228 286077 15767
2473864 1338321 43778
9907369 7715860 769388
8499099 7015878 250219
3236780 9909617 318800
1994558 7112852 3766
89648 1292111 4835
5353225 3736656 300453
3405798 3732733 13348
7001893 5943650 351253
5719762 3919452 247256
7983825 115718 8734
6315468 4459235 76205
4699103 4396493 258989
2414338 6447773 236465
6619958 9498139 95391
9836786 1456296 104413
9868111 7600553 35779
7012723 233782 6303
587450 6551938 39928
4725035 1885197 5325
9229209 5565832 393916
7521816 2862984 213607
4601762 4529007 215203
3018249 2457238 73687
784671 8847934 3745
4396580 8094392 83469
334063 8801875 31449
5827040 1612422 154762
4949380 1488606 621
4470026 194217 2963
4602213 6181859 177760
4342594 4366560 59396
2555564 5115962 218561
8991741 9107965 418082
7341063 8457872 436142
3842691 9699046 128179
1174329 1688678 114804
1031920 3046423 88108
2954264 9435279 165514
9043125 9506845 209070
1495054 9536052 65240
8954647 2859930 279435
5518619 2737234 185144
9220524 2195398 203719
3564751 9965240 131348
923747 5615210 83397
8864082 3156491 136697
3808251 6474469 108109
4252382 9488836 263259
4089737 4704041 916
8207937 1150255 106407
5864564 4681149 211420
4613854 2912877 224678
7617530 4316731 384725
5757099 5474032 362832
6918699 128721 8923
3301299 6153219 311629
6848235 8008129 329840
5615379 2596929 176402
5794162 5521763 146431
3219711 5256603 83388
2853582 8482848 214585
8671164 5971925 251527
3576413 7654391 204340
1368741 4130824 42924
879957 6001275 75043
6757801 8126624 443953
3758527 6471377 361715
1082825 7443165 88803
8068213 5060787 55965
3924764 389203 6802
8407210 8570098 303222
847309 8277867 78090
9005920 7274990 593616
6323609 266210 25971
7709682 3706781 71908
4197972 2406216 35681
2248713 6072076 135095
6711267 3097729 193965
297129 9960791 18246
7339330 646341 44952
2784036 4001970 27848
2076669 3328417 7142
3023651 2182498 46195
1076793 9590774 87946
4669730 5179330 406669
6285866 9528695 94718
7545202 899392 29268
7357340 814765 3807
1791799 1599967 14430
4461677 1767157 140906
1094634 8218421 6296
8179598 5749886 289102
4502743 7275245 9137
8307464 4955341 365641
9334942 8623300 112202
1727347 8825403 34574
2021299 749454 71705
2337919 504308 3833
5313376 1403952 35624
404206 5955320 25015
6172224 3164325 111196
9753621 4144668 52480
4400835 6227068 94961
31200 4190728 1531
8749103 7824214 19248
5737165 8339000 269486
2901660 5404266 42216
8813038 1323005 131459
8693621 3083139 179266
7000042 3239675 136391
1663740 8816638 84302
5926522 9466283 551874
6804292 7221583 420923
4499182 3748696 204953
6723894 910972 41181
6802344 7291940 110793
8902287 7368606 419573
4772638 8844418 444215
2364638 9106404 25797
6837722 98748 9403
8919561 5870866 555308
2201979 1108845 52189
8735047 5587452 310705
1238707 903941 4690
6279205 1938702 151643
4315593 6058058 222506
3068803 70854 2672
991767 9536723 21670
3004182 4454710 106394
6249099 7751694 35647
1102566 5187844 91411
1806247 7047225 19492
6906575 2927724 186059
9174147 4201322 416504
9045634 25147 926
225353 7619977 5235
5619587 8893907 152809
3861558 8978515 86784
9223723 7390124 334114
6514845 7858775 257282
2039589 5768399 29838
2769765 6241914 262858
1674227 3275355 133822
2245896 7238005 223790
2567017 9176706 219908
3980948 9222356 156358
8287406 6542474 256651
2821420 9499639 224261
1441984 6639823 49967
5524358 8886931 164701
3617135 9537854 196581
1878765 8575920 172223
9746271 3591130 255109
116158 7782826 5295
9939208 6329400 466544
1362541 2901682 83497
6302903 4683269 146746
2404223 1859020 181584
4678029 3130749 240533
4766991 6860241 412676
1898109 439155 4504
7562187 520172 21452
9931856 4306254 402825
246390 9620255 2258
6884387 4382215 194556
9153254 9862333 818904
4171877 2890415 253011
8958214 3297648 200264
6107740 4666981 376782
6680148 9883954 248133
3028127 8720098 79188
527201 4261974 6341
7082907 5851632 423691
6824789 2199807 24696
8414480 5471852 255328
3804011 2435365 29953
9168915 1727945 131742
2827503 9635733 190577
3591052 4149134 340653
7721413 7679472 106883
1941559 9032277 122091
5110628 7017769 241045
2567589 8249420 246161
6809557 6591625 178626
7648826 9059638 645170
9896502 3318956 87302
6746415 6756841 313260
5462075 6798723 6712
6773135 7869392 523549
846378 9970003 49587
565308 2166120 13297
9355996 2004659 86853
2001898 2482629 10425
9048769 9944847 302463
7451296 9838220 402230
4160090 3406506 229002
1449660 235128 17318
4365631 377365 2818
9921518 7788376 703891
6801944 5618235 26307
1920826 9715469 16810
6964518 2611159 33194
296824 5973134 21376
2606650 9063674 219511
9774037 8783334 384202
9888955 1830280 46379
9819986 9210674 450296
8115746 7283386 675099
3149250 2253350 135213
3223167 3332891 50130
149582 6462983 13324
9000564 6877709 262855
1479923 6328496 88418
3474998 4500547 276389
1375488 1553680 27516
8064146 9974855 578653
2271642 9798056 65755
5324131 3676019 364994
2194746 5417360 24096
3366303 3077114 42371
5729196 9326064 245153
1558473 9945439 89186
9503633 9497609 693611
4386942 3458938 134566
2885083 5560236 21839
5071979 4774008 96507
9773909 4563647 148986
8472019 8927577 359499
3883546 3921982 307118
8939404 4849906 322414
7996315 5669686 4259
3504896 8910699 249529
4178845 8222281 18633
3770414 7375681 84015
5860150 6525998 188212
2904616 6198083 69854
8079957 5118000 493153
7324053 8904982 102901
4452025 4128045 347878
3283247 9933491 283153
7197814 4042263 332938
8334276 4838118 443384
638965 2481013 38015
2084919 7125455 71818
9289075 6346592 260639
5050366 13795 30
2764672 2263304 123177
1108131 5699433 81686
2628224 6974127 136591
1300550 1077760 9229
4695083 2518315 80554
3379607 348565 32424
7008270 7770214 130498
3895390 1477615 59081
9330186 7752159 358500
4762613 9739046 102340
7386194 9153960 289367
9870667 2200101 15169
6873583 5554536 176251
8632673 3312814 103232
5829310 770520 50800
2292302 132308 9608
3256814 4371400 212987
4887868 5979521 457712
8960772 8743066 632418
2967787 7886191 266553
8344921 7467332 171343
5251371 9928625 433638
8489497 306128 21306
8144741 4140842 268875
5745988 3512030 228529
1919633 7795346 188188
7258287 2527518 131241
8540350 4608758 197458
5404546 7235800 112546
1295247 2356918 36332
5407161 3571174 133295
5787323 8174855 274692
2307237 1562422 102424
1803402 6079345 128998
2145898 8159947 166392
2590429 4200145 77572
1188481 5543099 117479
8370597 4489942 98001
7552693 4844976 200699
3742184 1911941 169207
8752424 6646634 272589
9971777 9552439 133590
8171597 1407033 13920
2097503 4157208 65475
2135278 195973 8961
8890499 8197416 764256
4923174 433352 42503
6648197 4852667 226007
572901 8367504 52586
579022 3637243 35329
5112049 8356865 247723
4303708 9656291 389602
1927137 7157455 137770
2297027 1343812 42731
1727907 8160325 101314
4180137 9220674 126096
4787829 8612291 475956
7909831 3076309 108968
3982061 8353593 250784
7524205 4924747 402928
4847731 1789744 11836
4646269 8974787 356800
4116548 8523968 391491
2070764 4031281 97135
7218799 2708888 227282
2842182 596446 5410
4402265 9191420 39731
2595241 2477415 166896
2883643 9779648 99852
1185991 5759163 67418
3844513 4404048 338156
7886823 6311072 207896
7720811 9857065 496629
900835 2825133 67143
2264270 3432543 224001
856104 6538575 37986
8937170 849687 67102
4743867 2660167 250621
5372627 7012749 438574
4207537 5986088 245582
6837762 5059213 212127
4325428 6980570 174847
6647267 206844 16157
6116611 1693724 44278
1154255 6974542 114687
3266672 9070460 91097
9923185 8228111 740487
4953058 9071839 477217
609995 3708765 24511
4638931 170878 12319
3286832 5897450 282228
6397649 7617637 202226
3491530 7391484 49004
3346815 1685108 25104
1511315 8421871 19427
7770771 3500767 124679
3167198 1167024 66690
5012567 5749168 27338
7188046 2333249 211588
7290026 6157890 316691
6246235 8662202 204433
3363839 5709254 102020
3857490 1784516 113953
7773019 6214208 370615
7031636 7704222 644207
4822745 8910600 225032
8219988 630554 61904
7265063 4666316 350557
4059035 3320095 78021
5740296 5150474 193858
3692485 7250214 152405
4235218 1013273 85020
8582595 7745471 122646
5337072 2361759 125921
7815002 340620 24776
8670047 1658138 19425
4434593 3279043 310117
6691506 7042777 116965
3741828 1805742 7756
8993425 6393474 629615
9096134 1001900 87375
5766580 8174476 215307
3187448 3681967 96678
9618026 6441412 333217
6059653 5103422 183871
7031830 7165258 361053
2211368 6327411 147702
8796846 9726611 284104
7538674 5436540 72034
1556029 1188967 52383
942919 8271004 56143
1905505 9506274 132242
9920736 4439081 36137
5226187 5219701 374852
7244360 2484749 150074
9091780 8144485 205373
1064289 275272 14230
2026788 1323720 32431
5109470 3580010 59245
1444314 2465037 20583
9814857 5130139 209763
3014762 4450675 238074
3663740 8039061 17831
3551976 6320527 123721
4861738 7712934 147190
5199872 9892552 321707
9847126 3554353 76492
9003248 5651804 527802
1470040 5151148 44198
9423753 4622427 37294
8143965 2610082 68087
1728564 2338345 84892
5713253 8062512 356995
9986281 794494 22078
1182277 8657674 91623
8870840 412136 27603
6486309 6150773 472870
1522115 4316613 97601
5053954 6617548 49417
8454719 3022668 15998
3613099 2499454 85456
8897272 5915523 243994
6368709 283148 1645
2490572 2118087 93803
211529 738445 8953
7770157 5182410 343959
2026755 8075564 46665
6897569 4413070 372882
9258515 8084902 174548
6783300 7296366 16507
5278190 5716431 178021
408643 3571092 17755
7413339 2269964 16555
8888161 9049729 882868
7090937 7861081 311418
188915 5335178 2866
4884021 744130 44160
9444965 3345879 95108
6493398 1556716 105935
6542261 8384740 119161
185204 6443275 8165
8599669 4258690 121641
7383418 3993451 340925
4938188 9258709 216898
170026 6009194 1295
3061620 9909078 96436
9052439 2040186 24540
8523451 4431185 373762
3343659 2877601 201691
1792772 4984550 32594
7376161 3735802 109307
5716933 5540361 266193
5163401 386868 36384
6180744 4393092 162241
6253513 8490897 607554
5397356 9523058 58805
3617048 4775910 153346
6511779 9032771 51746
9244035 2435103 94590
1181812 762813 60010
1872234 2929466 162772
2326969 5771000 101971
2288642 1342921 42557
3228896 7853151 14936
6479955 2190195 75556
9238508 986932 64771
5013434 554865 36367
7547507 7552906 340024
9559014 5480851 107144
3812512 6187338 88720
8492636 5604411 553109
7898800 1321265 42973
1869429 9388639 58063
9492343 4443086 318758
1025501 2858505 10372
1822938 6105095 127628
1400596 2979672 17249
5249108 8113555 255705
536814 1336062 19414
6471667 1827583 41215
5031701 5831362 353462
8954330 8223403 247655
7781636 1993598 45966
3946431 1084108 81027
5615628 7079456 156128
2380269 4589930 76583
4419409 7190570 236441
8237761 6962657 417453
5007180 4952884 24544
9448111 4276194 299419
1935560 520808 38605
5740732 1166193 107257
6306791 4994435 59938
7389827 5213159 104574
8050460 3620312 237427
3692979 5125103 283421
1877808 5010766 108036
8870285 1043467 47948
6654912 3149023 180127
5093352 9433871 252309
1393211 7245337 11248
3438895 431778 9564
150631 2098719 7634
1554912 4299842 63753
223323 7194663 5685
9026317 3689023 329631
4091780 7348476 328136
429020 964669 39185
1635747 1091195 34276
5047176 8358580 75804
9958859 5142040 168826
7809504 607858 38301
4485989 7890264 240808
62405 330773 5322
469549 374102 1585
9658159 290195 13378
6065076 7561920 171222
898599 769460 27367
7823838 9743833 468836
3146700 1991445 124943
5533412 7647479 175835
7707343 6395813 61156
5316818 7549573 217191
936185 9848362 14320
5480072 8034945 383833
4042531 6009275 223728
5812026 6588028 560974
1405882 6812869 17643
3177714 350239 35008
7597379 3112456 299408
5191435 3595298 138977
8245459 4331545 89318
949302 7374676 86107
1789716 5279712 131084
9441143 1151513 50299
1339588 350361 29500
171430 5844709 12742
6975928 4229845 295689
5621745 131140 7233
5634515 8150008 509752
3722070 2650835 168660
7317522 6399291 611756
5896236 1308998 105230
9285378 4609193 272048
1203481 1189219 36522
2010310 3272228 36891
568091 4384003 8880
9171475 7043680 256064
9268353 7122198 57331
2329782 7268964 173229
7641457 486557 43093
7171723 3229198 262452
9088866 5302064 406793
2537861 4824590 247263
6353569 164600 651
2919467 3363688 64664
406734 1154611 10691
831383 3310580 26731
7742430 2848309 95812
792183 1406687 2861
458649 432484 39174
9489294 3063978 280759
7645979 2125753 195221
7267378 7670568 227739
1952341 9987524 184929
7193933 1841538 49699
5984140 8728231 450457
7364446 770229 68191
8761430 9141783 359095
1798520 5789328 51245
8807586 245857 4764
7607232 8927289 165842
2505007 9300449 154501
3864561 8178087 149249
7500306 2208266 90444
6446809 9709734 566223
8522802 9646178 498213
2296283 9603545 196322
575565 1449221 26882
4913645 6754097 368215
4868595 8540192 304846
5196698 9700089 331183
9921032 9515510 493208
1464191 1778252 64154
7318084 1124061 92326
9357392 3006235 165726
3626037 5163455 109588
7874770 9679147 352179
6560569 3424283 226991
5295712 5832850 264439
5718535 8883075 506550
9254632 9605823 99742
766757 7499038 24597
3803885 4121713 125014
3630193 5021478 180776
1642374 385212 23614
9335194 2236521 91192
3263323 375178 22445
5269798 5932618 253980
6587053 9960981 89617
6048876 1006399 30069
976205 2543472 62865
146457 6416339 8401
1643425 7550334 65426
747949 176419 9804
2074660 3331319 139686
3246205 8030818 233133
324965 3422952 14549
2820657 4759383 125829
4726149 4798514 5634
5587397 9680220 279854
6833980 6799624 649137
6091018 9912544 377029
788818 7956083 57490
6120100 6417764 481304
8167336 8307664 207498
1444876 3547647 9233
2988079 4098894 165789
7899022 2817755 38013
9397486 1607282 23941
9408586 4407864 423774
2458494 1470485 92149
1294644 6474854 33433
8581263 8780131 18491
9521174 9145166 243296
3322338 187100 14579
2746379 2601960 142790
