1000
1808093 440129 43647
6280980 763970 270
3036903 3820975 229580
1986600 1311237 16607
9679757 6862086 610895
1940245 4714981 161732
2475069 1726514 69729
4953699 1329416 17102
1590009 8419188 127673
6249838 2588455 193872
9561049 6476255 511157
342631 1733138 21767
4681990 1166428 67481
4326610 3542314 21696
7606847 46119 3471
5044872 8720230 343912
197079 6751313 11194
1101236 6443985 82924
3345586 3418814 103802
9987288 9622409 646935
3183309 8051495 109509
8773575 5137856 288653
4764085 453656 766
269355 2649917 1878
6963341 9486705 39468
4261503 6315609 74072
4820619 6717671 74391
793491 1866372 42796
402681 3804929 15474
8615565 9322304 502897
3900983 2644893 133755
3013220 8365858 175121
2954293 5458923 119146
6910309 6053718 175808
3129979 5370223 124111
7418673 3532954 7830
4652323 8445570 106733
7489467 284352 3365
5383643 5268431 375055
9384396 5071023 258894
6188006 7103191 391473
5205760 4352097 72910
3445274 532720 21687
2486729 3628004 188080
9958114 4823616 7027
7196393 9397850 564115
7752123 4275141 88294
2928378 7848443 20608
1468729 784078 19705
2358632 9947280 176356
4456321 3967105 155580
400755 7684984 13659
8442190 3214293 272723
1937071 2318246 87769
1306478 6740759 45858
6847110 8488223 220421
4814148 4208359 137188
7234355 3158525 268163
7081671 7295162 456163
4442695 3699696 96596
6347263 6464728 28954
6121638 3667642 141359
1310477 9790685 94032
8080521 4846257 303191
9453090 3650107 271818
5589755 7679680 498643
6808708 2155572 165062
9136862 2042852 32131
4471310 3976930 249461
4464229 7500080 55803
7223727 9408944 453947
4504986 7652171 360585
8192488 6209120 255326
6361048 9860975 249194
8763344 7046790 253006
7543631 9006315 99967
6077202 566153 45717
7165573 3068320 280290
6637548 3679527 186828
9203665 6230149 272386
483504 3069040 18294
4222688 6016164 87628
1640132 3711048 78158
4864563 2934429 122435
7293220 968936 20650
4750749 2551968 14777
873180 2851035 20000
7671367 7717877 360979
7703825 8609411 483905
7479469 7112694 80410
6861175 5918355 583810
7803040 5270418 47917
2146906 4773268 102228
3790533 9184330 197007
2076184 5667043 135419
6086546 7783605 599026
4070563 7656879 84475
7835478 3268606 142513
5289986 9466366 431165
2436016 2783203 119691
747086 722215 30264
1500949 8007861 24619
138551 6993367 606
7201869 2386909 179758
8698879 1607054 119303
9843828 8549203 754674
4618875 6710945 420891
5215227 8108199 232987
2901016 6037304 253726
5481126 8453754 447211
8696018 4418895 135547
4142221 345987 33290
2732988 8338231 186915
9836702 7325197 352647
6612732 7632660 291596
4353815 5828214 177878
7258062 3025503 94352
2174735 6958896 114844
6952959 9106660 520463
4796524 2603841 157899
7382130 2293443 30957
7235692 490693 23734
5020829 9045872 149537
5478046 228584 12833
920330 2987189 47015
6410216 8477295 480614
8969688 1038765 4622
3006465 402990 10927
8070202 2470857 43554
4675958 239633 2571
1901428 4413004 219
7541288 3599382 8025
5752675 5387473 353058
2338506 4619087 109432
6812277 133570 5714
9254885 6191715 63541
70186 3971553 1948
7877845 5953676 272709
67611 538561 343
1417931 377368 3429
5646450 3324235 171321
7070411 7683561 607320
5499628 4813884 9615
5066286 7712119 345436
900061 905507 82972
3698976 9365963 168289
7954474 4503526 418051
6954401 4568068 447104
7818702 1606460 148066
1035398 6150740 82407
1004631 9296946 42808
8535158 4175746 384829
4040040 7387176 397983
6075119 8670696 446080
840503 7780051 62363
7821377 9808756 693698
2908943 6693691 116924
8866960 6076329 27502
8837709 8598204 442733
7353685 7017117 640469
377957 8605319 3009
3773403 1428602 136822
8361308 1220640 75044
7048004 4812159 447602
4382542 7844064 129677
1863171 4840318 28213
3808743 8722675 171182
3340001 2396766 10188
8698347 189017 5658
7486075 5914009 390603
7292337 9948774 380076
4610497 5125054 374648
4698529 9030468 99248
1963254 7263085 113985
6747580 4178670 308718
2796596 1019487 58220
2055443 5784372 112367
6292839 5870430 41981
2558412 6364348 182468
3875024 1796039 168546
8627746 6889085 542930
6404738 915598 83048
430948 9692229 15602
5152102 8530360 139373
1402740 6219698 31920
8947000 3932512 7795
6762567 1385658 17779
8137353 4669236 361780
8739561 60454 3222
4940734 7560439 419344
8226424 7416080 90561
7805453 8963072 54963
6016806 3180267 147456
7246469 5826999 227159
1618873 1048825 93559
3931269 9219101 120902
7359245 7379924 500752
3920450 8727234 179277
9149711 8405224 489259
6093507 6394063 454014
8380865 443509 19445
3497574 8411004 22680
6018235 9140752 442574
9662811 3785496 88373
6119846 5799201 17303
7658022 13063 865
8817985 9743716 303720
5726368 3654461 140824
8965214 6224490 120505
7801076 5998150 498066
6979043 2542743 41518
4243876 3600576 240537
8835404 5291172 413585
9871363 8664284 838525
2648230 4801693 136823
2267194 8399715 129481
3241748 3104866 288964
6415302 3662509 39710
2874188 1329575 44692
6384758 3946410 144077
2185240 9077750 119261
5961712 7703899 158619
9246295 6096041 270729
7455915 6360792 592216
4541051 2508403 223993
3624948 6787146 313036
195723 6210263 15522
8688235 9874671 401919
3578529 815917 30001
202501 3358875 11897
8777451 7791651 157768
6384010 296628 19891
8713132 8208951 776777
1830039 6839092 105698
6807866 9856063 166487
6863003 4019496 163280
1490687 2758627 68224
4919515 9610805 314012
8265338 7105824 73112
6241904 832656 24466
3690686 8022085 214021
5843781 9780355 472514
5956592 7578104 257884
4921372 1052397 28053
5780171 4817968 236949
6271113 8499136 82270
6873501 2138810 109817
9854323 5377795 270301
3524169 8282934 237650
817176 7020239 52353
1384133 2722329 19887
7078280 3549780 115095
316700 4987050 10273
9323175 5107668 327005
74603 1547656 2067
3972782 3917733 99522
1256550 3572897 9944
9964584 2275889 169901
60114 7380794 3660
7333623 5994359 428122
8568970 5819755 8837
1844430 9362058 109262
1126140 7566114 79058
1298742 4981262 81224
6104748 1194014 34044
3723660 1349696 52246
9273006 624499 61061
5145215 9162989 416583
4372398 8487691 192564
7931797 9480952 441097
2967785 1118497 54249
6511013 4963671 197969
1272499 4642757 105682
976604 6376597 90935
3966065 5815773 301650
3527354 6342607 64762
8218526 5105824 87200
7860500 2684856 193304
5202121 3822236 169481
2395410 762135 55937
5417619 2816431 139
3198768 7229510 194351
9870004 9144079 798514
8706879 4050228 4855
3829 6196676 139
1901923 3586914 145075
9636020 3397675 11723
4194581 6117223 276044
3790053 9734259 317036
2732321 6775278 51078
7620366 4060194 88217
7802919 8836148 750887
8234568 729999 31143
3861019 3639437 302292
3847235 534374 1155
2482247 2067934 6849
6086848 1734570 76958
4951494 5650338 37868
2524055 3275052 75877
1540489 2360423 83075
1846577 3032599 153687
4314964 4332241 146740
8987789 5520614 402570
829887 1869588 43609
9232317 7175018 62901
9640503 615804 30615
2635752 3657159 102952
4802173 4462694 14639
5560135 9386742 6445
2726692 5502662 85223
3672106 4803779 28239
7446293 455457 9730
9114611 3631309 22323
7035277 5063315 331384
4114327 899339 60145
3996955 5687880 296563
462371 8754115 31770
3584293 41733 3152
7760819 8662291 513263
965346 9319710 14937
9527930 8540011 591579
5634271 3341055 68128
4093375 7100686 315379
6681980 9485862 37486
5894875 43671 216
8863982 4923045 209737
4269630 3137392 170738
9021629 627490 18016
3374954 8065242 285985
8463941 4265177 397133
1480181 4073834 72095
7280951 2843926 156160
4561929 4562440 72681
2590487 7654846 67248
2726886 2086513 173322
6318526 2830277 125246
8552156 5712948 396298
9342168 4771000 466343
4696147 20023 1283
9994085 628274 28542
5398981 8902193 265119
9894073 9184488 366241
1847360 8855086 85729
5988862 3576480 291405
8975463 6717841 118850
3775919 4238516 229644
5469296 7106699 100341
953756 82706 626
4820389 3279271 307679
9988843 5277884 300504
1197414 5315264 65347
2388627 5725642 133789
1404323 3189383 15623
8340834 4373221 148912
4339556 5895424 324099
7202806 6443212 322376
9483972 9147140 272926
9133253 8412114 404026
3215471 1148222 74576
2777368 6536667 262245
3000361 8989104 206366
2210313 1329252 3192
1865160 6371757 73595
9179147 5264762 82874
7914295 3607135 266294
4983648 2552384 175629
7918323 6668353 585698
4547618 3199212 175219
110096 1062179 10520
2894141 9501768 233617
7203123 4234667 142863
4061937 7314484 394355
1639191 7996240 132490
3729875 9769632 99580
2540555 9305183 120509
5223755 5888532 324826
9233520 8075641 219287
2282389 6051370 62194
6546750 4032273 157203
4575682 2160656 111295
5979261 8834800 109376
2970550 9318281 286123
5395022 419122 13808
9487402 5631339 427032
964066 1665737 17589
2582698 4759457 141534
2689279 1169655 50907
1470230 2673832 49519
7097217 280534 12851
4821410 3800340 263408
787028 7122514 23365
6780632 5190026 69383
2864381 3747755 264639
7343378 3452997 105532
5096720 5709430 289625
2218371 50323 745
4078393 3503770 74564
5846574 2401623 127477
8914358 2104661 201620
8838123 3071880 189748
6017881 76343 4726
7740136 8572846 267140
243849 1540004 6749
1762211 7139946 23646
6922559 5160405 354634
1209202 6748397 73147
4177547 2540373 17257
6213501 3440509 74258
1137167 6193670 71921
1956161 2072693 45694
4353152 9712795 421093
9627533 2008900 112032
5034410 8766110 431387
2679431 8620395 238229
8465387 302954 805
8679462 3794689 245572
4167349 8450991 49138
1575479 891697 79528
1979663 9905267 170531
5086554 1289401 60622
6742547 5103501 335060
5515652 181739 17366
8087791 6065578 47509
6643068 5222573 57486
5748198 7152331 38968
9312225 8578811 211862
132301 4641347 10865
8581537 2817761 64133
659089 7517115 6150
2622977 5210500 58213
7601326 9029167 337162
1439513 2607768 140744
1248055 9140464 18031
8232279 46825 4098
3469651 4258083 39471
3188986 780629 6415
9224252 85695 4518
1363222 9755726 41817
3312832 4606864 228862
9037077 650203 36952
7587778 4796984 83910
9805106 7164181 43403
2289976 1802155 171987
8334333 384044 3653
6306604 5708081 209974
9712220 8045922 755254
1511997 522470 18203
310150 1334284 11781
2254238 4535355 58659
4045577 802327 55292
8457748 2278260 115441
3832899 8763775 213968
7496314 7897129 659468
898922 3377111 77435
9463230 4121928 31708
6113158 1545158 91325
811363 7212175 6835
8172660 5770501 406351
2399231 6093461 183457
607075 5019108 20984
6128829 2620992 46383
7189721 661829 50655
6549978 4369102 131462
5146925 5007518 341380
8954666 2817102 74159
7119115 1946745 109359
1719058 8282150 66310
9188982 9453429 285069
5187469 4497293 411045
673983 7274949 47875
6390058 1890960 170961
192913 7425838 8017
4841994 6722832 174306
8035303 5365258 465822
9888356 338496 26797
3581202 6784458 239612
6310531 2103209 85420
1098678 423918 34324
4710981 8349223 129333
7055436 5417869 409929
2706843 5506027 269585
7240096 1472081 81351
7180558 948217 9598
8424913 4708729 374958
9004342 9490474 53510
8914774 3080152 142003
9355587 4023466 18876
8390133 6751955 68084
5963510 2560889 247169
487372 3687781 38136
6790695 3741676 156254
8389067 7184156 460101
8495550 8484522 240003
4842933 900123 8312
6484156 4678833 316408
5275429 7914264 27021
3578674 4170193 160611
955013 7553630 80182
9311559 6827822 5934
8074774 2591179 87916
6858420 2610753 183829
8768237 8005328 57259
3010121 5414357 213537
7309171 7790453 52772
9381735 9082892 464027
2082274 9705685 196041
5146630 811993 20315
2180684 5039132 16857
4649903 4192901 204599
4232086 27278 1628
3939073 6194221 268511
5300343 2907266 14046
1370414 1982913 65056
8302203 7134304 335480
8814717 9865732 710590
546693 4098089 51197
1337415 3543056 54020
5438790 6230510 175008
2077564 3390290 182393
5384905 2607573 174713
3502110 3793928 165002
7326953 279834 10155
3361091 9495624 299184
4636247 7296137 28631
3733013 5662074 104450
1863831 9705223 144884
7556563 1481434 90202
4193666 1971208 96721
3552975 8198137 19044
7094723 8599576 453162
3133424 5991740 189443
7514076 621269 60412
3930800 8868441 278129
17312 3622769 1160
2730141 2385759 1282
7165625 1735474 57625
3512794 9648813 74954
1097378 998004 28256
8199837 4737400 327990
2269099 41252 2193
3556656 5860935 189358
4184442 3854404 71949
4187762 8845432 246611
3148422 2389612 225242
8509782 4528699 396104
5264412 287301 18857
9697249 9553684 139226
793693 7987470 27561
905133 7142108 71498
4358588 4643481 224522
755947 3696062 58449
1232386 7232077 25583
6142811 3103548 197875
9939915 6191139 327395
9125204 6926121 78175
524553 271659 22695
5621056 8643886 6745
9202942 7414279 717043
8838047 5694664 231718
1842756 363885 26885
7104001 6044102 474181
7277255 9405351 367016
8271886 3101646 159758
681671 6604948 41686
1789568 8591191 31081
9699673 5174822 134251
3588006 1803566 129309
1511908 7895908 18033
3080417 298739 10098
9901350 2927848 3305
225320 3991579 8511
2909103 4032352 139819
5214854 8348782 277945
9340899 1420047 2083
9019672 3325833 165213
5364475 4394699 87319
9912978 3916251 352939
2962562 735486 57735
2673593 7130793 239617
2649178 6003751 258796
4317929 7721740 264593
7356982 7260121 171957
4664974 439279 36553
5616800 2688057 80090
4117677 3915796 208840
3729011 6193410 95754
2114138 7814287 120370
9399391 457218 34109
1256385 7428296 34750
4172906 8107676 146446
7269535 8752635 302046
2802923 2242246 26255
495176 5222840 30913
5510415 1646859 6702
3128354 987749 46799
6239703 6074632 276795
1650342 4607930 158198
3839638 837489 35001
5218916 9513154 370442
7966837 4278411 130268
1412477 6861663 87313
8009072 49585 1639
6711849 7041348 427205
2010200 2969810 106976
373041 2865146 7327
8757074 5706223 404380
8803444 3980766 312983
7963221 7616287 618329
2055140 8619423 202838
7242029 7865229 548313
1444231 1587139 54174
1287804 8347510 96671
9978489 8627361 690328
4690614 2143022 168581
5003879 6417382 484660
8730531 7781146 178963
5345683 3156626 280730
1360607 1197494 42777
8326357 1344250 74700
6145755 7455246 110517
5282198 38214 1616
7449563 2129350 17308
955989 9967986 15630
153207 5130773 7533
7619748 1055183 66827
606877 9766596 30646
16682 2357506 497
2160651 2745905 37263
6697377 6555009 414024
3113048 3326416 203275
1903831 1512859 50146
2859242 8292519 262912
2839087 118767 3125
4571903 3336911 117893
7151006 2490353 108369
4095398 4223608 4034
7473457 7229547 112315
9518917 4541923 276882
6796932 6114680 40405
4176659 67816 796
5160010 790921 16648
9295133 9980912 872358
3152458 9317346 161980
3313092 4008954 188717
8611934 2487067 235257
5229371 5839640 324763
1787508 724513 50377
4280971 8766705 10902
4832143 2913205 29915
3584400 5338430 224250
3437765 8683882 23473
3505147 4530383 92609
3277505 858793 46915
8709073 4148486 48597
9951808 9322671 916128
1495784 6921176 47705
219157 6483467 19347
8024047 6456786 121285
6409383 3791267 244832
6951141 4084496 202038
8792304 784686 49951
5444767 7978693 256179
2384383 6325689 86302
7914308 2969400 32596
8536309 9124388 689607
1403730 3490498 109269
9185929 2675748 132618
3460889 8114515 29946
8320518 9175233 673045
9061821 9749229 581870
6174793 1508695 76257
2141111 3328166 62185
307910 9177751 3336
4725458 2153384 214667
2482306 7416709 243597
2425648 9961779 201155
4013208 5426426 287007
6011332 1453591 46756
7739575 8634914 7461
371671 8869820 17189
3068576 6651133 127011
8971270 8397340 670303
8373034 7693535 277419
6780737 7665989 43225
8974272 3800818 307156
9691467 8653914 359793
2303200 8630577 109803
3749822 1621393 102545
5775515 4571628 97393
7454215 4433077 296895
2338970 519625 26575
4602596 7243043 181128
7344789 627264 53791
5712747 6123342 39681
9608412 9409052 793401
766980 1791038 28732
341328 9554558 10753
2009835 734091 23481
637545 2232540 34617
3284017 1471588 5756
4631216 9249788 182743
5455291 317068 9434
4017347 371579 31001
9708863 9800153 111888
8729558 5384907 103441
4506828 6446518 416521
9206831 9656878 385733
1502273 5963936 131447
1512615 3163582 20842
9914579 6079019 8829
7424046 7767143 257800
2389001 8919420 110149
5568454 2305897 114341
1317313 5017423 31712
7922820 9792345 607209
9948843 1100912 52963
3097620 425631 28917
8766795 6773827 66933
4388276 6865655 98555
5969658 866495 84331
149174 2936946 4726
9509219 8685676 684109
1787393 8614773 62545
3991944 3791083 294680
6941967 444470 4795
1964604 1324269 106865
8286062 7182020 295660
326952 8772152 26986
2380864 5053822 140319
5873481 445864 4512
3892029 795800 34631
7425134 8704297 73839
9548718 1764508 1077
7207229 664512 52396
2467827 55525 1772
1863213 8521857 166607
1102204 675747 6136
2951819 5205656 104231
3380433 6634588 203917
5373303 9843139 287015
7786123 5365095 134089
9042662 7231828 75027
6499163 5547250 168410
9387296 7543730 321767
298624 7963387 2959
3831362 1769558 120587
2141523 236888 18408
4570811 1440080 118743
8282558 1451441 131286
5747536 8128066 249784
2325694 2614915 156077
4258970 4227169 241385
1453158 9708957 35399
4356740 3415161 20838
4333661 267685 24942
4239056 3938536 243026
687453 1950610 47073
9149586 861344 77335
907445 263217 7051
5714098 4483624 434355
2235334 3974306 77343
1251308 3712922 731
7987463 2406106 125942
7737936 4110244 391892
7627394 5945889 124070
1863876 8265353 158241
8039639 228371 2757
8731008 6338462 332151
697526 323233 25100
7148943 6427856 75421
5123047 9088655 425591
3060307 9187867 23199
2121669 756086 65593
4683647 1805330 96161
8924988 2779585 106452
1977116 3554012 85424
2129104 8493490 48752
4059655 8814515 219820
2817175 4451804 155129
5073903 7124453 132586
6446908 7561129 428976
6373978 787541 78134
8115069 9756628 746762
173343 8089849 13479
4539819 3747949 252915
4697451 5725019 49088
9951535 8672090 72339
5034942 7748123 343328
8216193 4145362 357110
3653997 9951465 58367
7219633 771299 484
6499232 7142285 530594
8595680 8056299 117431
9939539 734561 22085
9382597 1713568 61614
9962455 5179603 231010
4125227 5983498 52603
28753 1053670 1231
362224 970374 12658
8843319 9329073 348077
1313030 825795 19219
9402584 4459868 268926
1383923 768839 72972
9997523 4092072 131127
1711699 1851241 112846
5279900 4135397 65815
1650771 8342358 47183
5198973 5635707 39807
6412085 8676110 636218
1646609 6246501 163205
6949457 9412197 640811
8366409 8249519 672770
97168 4583685 3295
5072105 4339325 67528
2536432 989929 42529
9652617 5847685 114870
3060486 9504610 76831
9133462 7266706 418169
3647605 4091412 52409
6451793 8394498 438624
6559354 3019000 58234
4007629 4528839 230719
2649954 9682778 135078
6100083 8116839 447448
2960399 1057625 69774
1074432 1599229 9490
809465 645484 56819
9532931 6330168 543588
700457 3159897 30610
1845090 7769817 37852
5255102 8360510 68290
4415828 8710584 414282
7744874 7086091 370298
9081446 7298750 7646
3445492 8737667 3328
8377208 111593 2147
5514934 3696833 200966
2104383 4496205 51151
6416670 1895087 157349
6364227 6045456 275940
8203311 7696654 458929
5671264 7298667 217151
6729471 7302259 417221
9980871 3507502 325707
119736 2260551 1517
470012 1378874 37594
2112537 1209412 120437
4431320 1870599 77285
6320885 7210876 369209
8357255 5546782 145086
8655280 8629204 132545
3963401 4207902 87775
1651143 5602563 14819
9355058 2106809 81849
6107976 3211798 158400
5620268 3591478 339325
965716 669421 30160
9452274 4465262 43097
9307298 8021308 768483
5141716 8713297 350475
8183292 3304077 57666
5860344 2606049 54984
4556737 1848123 56065
6690006 2295604 46230
1871332 1254263 85548
5474745 8251508 205572
9844458 7268165 237306
4270274 9228384 13986
8554350 3687422 182547
3163623 6628042 210513
7995678 2630221 132151
3085934 1216025 113692
3726654 3996212 8945
962676 6500935 74730
6413730 982407 6076
7800811 5510242 226345
3318965 3250029 27315
1533333 154509 11349
8899191 7331428 255577
2523020 7760894 107738
5924601 6309051 211061
9738684 9168767 795051
1512417 7808408 97023
721125 436719 15098
5723498 1869938 107751
9217948 5983041 60891
8422627 8341782 572316
8324553 4702458 365147
7182509 4753317 108611
9959336 7654709 628614
5414207 4115346 354640
5657418 2917536 290315
9757988 8163110 157881
6984212 9931006 695349
3007354 609022 18300
8912956 1396773 77709
4779506 3071753 23862
2380113 2766079 186302
3652949 8043148 233434
8183218 2853388 153994
7649403 441504 32498
9109011 1157724 98566
6660692 2134833 118913
619390 3929879 17433
1149793 5711103 76260
5010894 3247863 170113
3638586 7307551 187225
947635 1327179 74011
4765704 3527288 84677
3148339 1325812 24979
3151626 7549768 267483
4506533 82409 929
7271698 8539423 609527
7670967 2889269 185696
8016646 7522273 539829
611303 804853 45917
5033058 6335815 270968
4773515 2591581 99091
1664819 5796444 135209
2283723 4657202 96027
875419 7646594 30881
3850916 1504720 76864
8338898 2263405 207832
1305189 229539 9540
6607393 3736612 218836
1657652 1058608 101180
5620327 5207173 443820
705928 2037003 60949
3975958 3609407 250475
3407918 7189088 243753
5813301 1731672 130459
7630790 3103852 47328
1388509 5546407 115713
3777733 8729731 87551
2917054 5358169 268165
9785331 8990219 65656
2141850 3918959 5634
669548 5674365 56688
4797255 7557436 444014
5926561 5240809 104572
5869487 18281 1348
8103126 2213616 6427
7078609 7563634 476244
4389924 5664202 419498
3161024 4133928 200393
2951670 4818752 166124
8891809 938544 43744
1115918 6601521 69788
1489326 5853825 15060
5220991 3156367 290215
5115576 6220391 460120
2382771 1107168 100465
8985630 8008836 493857
8965477 2941376 261272
5974617 9287628 325899
5978149 8052060 66764
7335027 9475207 560835
7357145 6970870 228452
2984201 1108305 6339
4243512 2013798 134892
709071 890139 27996
1089360 5461653 53002
1654538 5960617 8663
6514431 5359234 503719
995605 5677971 56830
8289787 1656639 127592
8603230 2864199 229645
761036 7130227 29114
8369384 2063491 70352
5872847 658648 35789
4146249 1294814 14647
6462643 4305468 181835
2388268 1301950 44935
8098174 4720642 419127
3525582 1363169 99998
3678343 6867999 36665
4219395 7842262 378146
5529979 1859872 51139
8950448 6290563 359495
7152730 3631137 13469
8898128 1647775 7204
1647608 2933845 35929
8168178 4449463 302455
4516223 9793795 163950
1673911 7918892 36374
8865642 3575045 272503
748630 4976049 21019
1296394 4529609 10436
6730266 5658703 111918
6925443 45906 671
362464 3713634 34021
3459918 6429494 203632
3872028 9879579 99492
8036151 3897632 157800
8586195 5986559 529130
4389853 310605 9501
5106977 4383844 176042
4360759 7815312 578
64562 4901241 4489
2898827 9509584 32307
