8544
644
180
5680
4721
432
352
231
241
2447
663
400
2408
373
21175
797
435
1877
4750
3100
1494
276
553
5336
227
44691
167
3929
46
1533
573
253
95
16235
6153
95
1866
27838
995711191
304
73520
644
139
875
1640
530
415
1871
1173
198
1068
39610
115
112
439
205
227
55
126
4062
25230
62
6853
129
2341
210
1966
655
1020
308
587
473
212
104012
1723
42
2396
128
409
80
42
3822
234
555
55
57
4284
117
196
816
399313
3426
79
72082
144
107
292
80
56684
6481
2603
75
482
2189
289
11195
105
93
228
3058
793
3218
297
80
63
57
115
1500
7897
117
5000
100558
132
331
362
319
128
179
645
215
144
69
1936
2046
442
126
1248
204
193690
32
313
128
98
343
3323802
25968
140
8273
220
123
227
115
16286739
523
96
105
5656
1048
79
414
3154
6477
59
358
262
587
1066
180
25300
340
192
464
201
211
15645
672
68
46
669
124260
1440
160
1629
9574
562
64
286346
85
69
4386
79
195
684
132
6799
22869
868
1321
2160
416
105
190612
57
201
45
102
146
1015
377
10398
414241
107
432
200
171
5708
956
107
55
489
163
266
30194
58
4236
161
62
1517
608
654
80
46
7345
57546
234
6896
26580
210
4237
96
115
3452
352
220633
82
179
1532
704
160
128
2325
37578
224
256
57
436759
1770
1449
28807
489
418
476
950
368
97809
504
6405
3378
120
584
6990
178
84791
1136
3502
25496
126
573
57
132
2208
79
45
46
410
889
46
1879
30471
324
842
46
95
45
663
63
43605
358
31810
120
410
105
96
127
1170
1584
5506
1666
64
121
1501
652
803
1658
25546
3536
646
10154
212
415
20788
46
102
315
80
1792
240
185
79
1812
346
51480
466
42
1259
1685
341
688
363
519
96
82
87
5925
2488
75
46
908
8841
360
120
632
2261
573
497
17296
7194
536
253
72
486781
139
299
25885
273
140
4044
205
14747
1681
59
102609
204
1643
1265
63
398881
437
242
58
2834
103
281
695
4003
87
173
69
679
1705
1695
214
486
468374
79
140
224
1525
69
196
3525
1597
31136
11498
2191
838
3606
126
1169
170210
1821
319
146
1173
255
211
147
46
9637
239816
59
3705
1742
1322177
764
132
693643
249
93
45
1194442
323
164
922
1479
1272
25037
942
6925
404
26596286
297
25728
192
1064
192
27760
429
176
91
1797
101
333
2922
1041
1518
136
42
389
2295
1002
64
2166
163
101
120
63
4247
45
78
436
9692
5680
361
232158
316
311
211
68
4517
673
2520
1096
1181
3356
129
661
100
5822358
89
3307
53650
604
150
1217
171
961
120
5436
768
4653
3918
42
519
198
1726
198
1615
566
45
1432
160
455
1841
374
1770
68
1574
15446
1606
128
5552
228
1861
417
147
368
646
42
233
2431
15683
781
93
275
992
96
7110
226
630713
3700
101
171
163
42
211
231
569
169
395
108
7040
343
418
2394
2227
242
17936
975
103
87
102994
2225
22518
32779
219
163
627
222
1008
21130
58
1073
91
249
393
519
509
404
567
93
170447
330
5612
378
33159
72020
209
32
461
1492
69
1063
5146
281
1562
91
171
80
6643911
155
2766
1334
375
128
276
1740
377
136
546
343
14005
319
55
585
252
2951
1895
297
230
2831
100
1373
5649
217
501
418
292
427
879
1175
1530
1283
318
6255
271804
137
310
212
803
32
375
33564
119
17827
922
64
119
8472
126
91703
173
804
146
326
63
1490
720
1199
33105
95
769
954
114571
4072
792
7106
1340
73017
442
155
80
5913
15310
2079
33483939
3330
115
224
276
9934
49669
1145
46
499
74
42
265
699
119
55
66112
1837
166
2039
62
198
1304
17754
304
624550
416
2925
383
204
57
8781
20045
3503
3179
21005
542
336
309
4197
259
16184
2882
57
262
10005
109
72
62
1811
1615
55
2943
7797
208684
617
439
3985
3101
115
235
7145
937
167
1781
310
46
163
133463
147
517
344
46
62
1366
68
115
115
727
205
136
581
32
615
2063
406
3822
2127
93
117
32
71
558
259
117
823
6806
864
685
71015
8646
492
11973
384
874
1157
175
117
8926
177
128
55
544
266
558
175
801
2043
383
342
5865
165
46482
82
150
57
504
1529
338
265
3309
1765
120
332
359
599
19372
96
199
176
5242
68
349
1674
6135
107230
79
4371
7089
58
64
305
663
57
282
115278
109689
148
2618
796
2841
718140
3887
21947
954
1006
3830
457
12588
171
729968
140
146
268
2800
2436
1655
1188
236
50430
231
1003
101
276
928
22219
46
330
342
222
2141
3516
163
19773
59
69712
45
6465
7340
4348
16141
4122
6605
720
57
2973
87
222
3333678
612
8780
3224
21577
8573
564
13039
1446
2772
322
46
1258
192
269
84955
29968
200
5957
4906
51379
2720
172
649
8465
96
19915
538
329
58
91
5623
235
1948
747
427
145
58
360
4326
58
36229
55
196
1669
4498
2937
46
8702
1358
1416
2724
712
689
13472
2143
203
2027
42
10041159
712
28110952
612
93
140
197
461
58
1412
13596
2360
1102
105
14571
517
1718
3839
395
1455
603
553
1267
115
538
412
255
171
18886
401
10053
567
165
639
999
46
2711
417
132
969
164209
42
174
29955
260
21021
1356
79
172208
215
287
8891
68
169
6297
10300
89
317
