1000
84146 28105 1161
10528 25225 739
94264 73360 6675
47103 11512 161
8429 18340 48
17065 92756 483
94819 14348 1332
93586 72486 950
63535 49973 453
51474 54556 123
92620 55087 4179
94053 56392 1188
32984 22732 1316
79948 2400 196
46772 56166 4454
61225 4413 322
95686 40216 730
47204 94430 1919
78360 58946 4113
1291 29252 105
45592 12232 117
39339 76981 24
7672 42641 236
49082 83451 3961
90222 54474 1856
58031 80613 4439
34419 27394 1601
8646 14659 830
6694 67341 187
5439 58092 277
50600 1316 80
59742 10745 115
21216 34754 1300
64395 4873 154
25270 9990 944
14417 16989 130
56698 78230 1472
17632 90588 1719
87164 84632 6619
69101 93326 3582
76403 68473 11
61487 17571 1235
39097 76648 3391
88098 84203 3481
5931 30489 316
71109 98653 6241
3819 40932 233
50398 94899 2156
82816 98502 5636
47539 88970 2407
75155 17757 153
22001 73413 1634
24978 20878 1583
14759 3049 274
20878 67809 1523
30698 28576 1666
26463 90370 2145
61808 65911 4279
85597 35711 1908
32215 86786 1426
45798 96559 3351
9246 23318 427
84189 49383 4106
83816 50988 4220
66311 38724 354
78174 50626 2250
60526 69574 3029
10188 8955 674
82880 51217 533
94369 82108 7337
80431 47981 917
30705 80079 545
83568 74053 5396
83348 95106 5737
81791 19178 625
96551 72359 53
72919 73102 2947
61000 77236 179
80476 62379 4121
13756 61346 87
5843 47453 556
49099 5872 456
68391 51553 639
61568 17663 1501
14884 13534 753
99852 84342 2561
7645 20411 689
71586 63933 1759
3016 49027 172
45339 96579 2446
19903 44934 1532
6769 80699 490
6303 15993 237
20677 3289 301
27242 84946 2375
46971 34679 178
15655 48271 122
50298 5620 303
87294 92367 1028
78608 72882 3403
44383 66710 1016
11210 38261 326
49658 19275 406
77726 84489 5805
96518 88794 8180
69251 46715 3247
58717 69397 2911
29013 79164 2780
5116 29005 500
57940 78660 1518
96198 2652 262
40196 20203 1179
2304 97500 67
4492 60783 333
46068 17327 417
99033 82867 1546
10672 15863 901
12346 44283 988
5221 477 17
35204 78483 3034
2795 33453 169
69102 69736 3203
86650 99253 2032
21043 22860 838
82288 56844 3139
58005 55573 3494
41168 7207 517
18743 59740 1423
6015 52355 320
69248 34304 3408
22856 50849 1325
98557 87330 6145
33207 58915 1714
22109 21064 1654
60159 88978 5649
72244 35612 2944
39734 27961 743
41723 13452 462
17077 56361 295
13260 39562 648
59131 27253 2364
94793 61676 2721
17481 84213 1334
89364 48268 4705
87973 24261 66
78998 57735 5357
92698 92773 5581
73242 50559 736
42228 63609 2549
86865 89370 5352
51142 98344 5045
63438 88739 3318
50438 98975 2559
24970 19494 1191
42734 75406 1123
43807 41367 3835
17915 42408 91
13454 81066 1143
78160 47749 3593
96283 97850 2527
53841 3201 115
38606 96228 2513
21642 36091 1430
65106 42026 2712
85160 21913 1507
25496 71699 1375
58076 17633 1205
70131 15432 524
56574 88608 582
8251 87319 369
14181 3366 329
39372 56817 1984
14770 10661 830
76774 66030 886
98757 68375 2919
73421 9062 141
64100 43287 1547
38121 97239 3171
42521 6884 66
50725 53604 4451
27698 59140 1614
86033 43026 625
21440 4925 89
8578 87819 311
2139 9115 45
26447 83485 1726
55163 14543 879
66132 79866 2430
78687 40077 218
93233 40344 2922
1704 1931 9
60617 66800 5529
68764 56071 4208
85094 19937 1097
71269 24927 1605
75249 65996 1739
68082 75992 1898
5917 10871 18
43507 63962 3713
22203 25805 2150
9119 55665 744
71077 16634 1414
69647 70892 6623
95030 55473 2966
51490 8991 119
51053 43176 1974
62521 69890 1699
41552 1337 86
55035 56881 2145
10533 94465 729
7632 9772 109
68184 32258 2565
60328 62871 5535
3898 78211 217
2771 13082 13
3487 65549 116
33737 43680 1397
19741 82573 1326
77025 55482 283
98386 66455 329
87196 80123 2541
25052 17407 945
55865 37147 3203
86144 78720 2762
84512 71478 1132
40390 4663 193
24474 84652 814
29049 61447 2521
58357 48033 2839
75146 18069 1189
65762 21564 1403
75596 56843 5592
37689 81578 1345
60951 55415 4758
89522 26779 1016
95816 6442 183
16843 26689 424
53501 49244 3807
61063 62166 5909
1243 19685 107
82795 76341 1613
92394 91844 2847
55873 78302 2015
92597 94714 3610
61784 7636 157
91404 73453 5364
94463 52673 3061
420 44935 11
98511 2798 57
25236 83958 2020
77857 84141 5058
66136 75436 4088
68113 29938 2981
85776 69343 4704
85603 85364 8497
76320 54505 2297
70557 83086 1885
14095 60838 933
12743 61570 335
80170 44923 2603
40945 70866 3327
9569 38571 44
21867 9159 1
98982 60898 3106
11628 5965 422
66739 97676 4474
44653 2515 127
2211 66621 130
38510 31149 940
7926 34345 767
27310 60819 80
46543 64202 505
88021 28514 2037
49367 29855 2193
48587 43064 120
92154 95050 3040
14912 63002 54
27591 78032 1065
24229 22896 1940
30099 38042 1683
1647 71461 30
96468 74968 2077
12889 41578 207
32840 3387 37
10336 6834 299
78413 28184 1283
61639 75093 566
26057 8330 705
8915 72911 669
12258 85615 788
10830 39392 409
79524 72583 2378
9158 57996 72
49344 61402 915
91724 63867 5934
99753 5298 401
44536 13016 75
80760 80635 97
20898 83156 984
80679 39656 1661
64361 46113 4556
48055 60110 907
66414 93529 1684
97004 77576 6684
93687 69527 767
43598 1012 88
7342 49115 715
54793 86771 955
60769 53577 3980
69867 92075 4386
32195 37192 3102
61194 39015 3606
51495 69189 4872
97821 45299 410
76170 55503 798
55969 72482 439
14440 89787 612
76020 85802 1836
6595 55680 163
4923 23205 356
13953 60506 721
17789 93296 702
31309 53128 1802
37639 92781 3060
42356 37136 3317
61033 55075 3636
59047 91864 444
31925 59994 3085
86429 23916 452
46693 71618 1980
87792 37374 1169
5940 23468 433
4957 38111 442
14850 94061 1002
33734 67784 546
27251 77696 2548
37426 53782 960
51086 66498 2285
85354 9031 57
17856 58773 1353
60700 92897 1688
80408 36288 2772
91802 91882 8435
86859 99276 120
32985 65454 2415
26319 71751 635
46772 17790 518
52002 74115 4677
33000 79789 179
51971 63893 3935
30072 15059 1243
94005 28921 1740
1225 98893 97
96321 93482 6172
33349 72281 1106
98451 30988 832
13435 4476 61
49882 78884 2607
94650 59550 1292
35690 31932 449
67227 57866 1524
26268 19907 1889
36374 66929 393
55626 61225 5092
34026 12485 1008
13782 10820 829
9912 20225 581
15010 23600 931
11495 72382 1011
71959 18313 1025
17599 50461 1570
36096 29745 1991
92367 60834 3256
5422 66894 369
68586 35732 25
75316 60651 2801
90340 6592 500
90283 64852 124
6199 26869 290
42605 57212 309
63618 52840 4243
9307 3418 284
16551 17616 1516
59449 5349 289
88138 9001 612
92815 19037 206
96759 65491 4336
44936 94724 1932
44186 72177 550
59989 42302 565
10663 25357 693
63337 20375 58
80082 55440 437
75612 21724 838
99478 19405 859
69994 97919 5423
68976 66197 375
13363 98357 1033
93475 19586 1336
42266 85369 1949
99764 42638 1024
51081 66024 210
87725 75739 5715
85514 50629 4720
21468 43147 172
16621 86133 1109
9747 94695 178
55623 65954 5034
92967 3803 283
55375 16474 1274
56787 90998 5468
11457 687 22
81045 52940 2786
95612 21815 1760
31694 23862 1217
37478 14667 1057
92452 55054 2674
52613 48522 2278
43265 58293 678
93510 72853 3947
31155 38640 1658
83160 26130 224
38253 4804 82
43376 52203 2201
3586 96384 194
47012 40078 2459
48815 22514 327
59026 46958 1398
5968 80014 213
61592 27903 1238
62791 81516 3685
37564 2683 83
1306 71976 109
9252 77825 230
92148 23714 2008
54972 36978 822
54049 96062 404
78325 52309 4475
3253 7684 308
33794 97714 1045
15556 68415 275
20796 84025 525
33480 2143 8
83293 55515 412
54657 45241 3049
20935 36077 188
42062 2340 107
85116 77609 906
59095 57916 4716
77477 89359 5467
55653 71489 966
12877 25886 804
79269 65207 3823
52421 93726 3100
12907 38949 833
43584 22296 1827
57227 63704 4507
92822 83706 3580
3904 21120 266
59939 98678 5279
56424 18767 696
9831 15649 429
88868 12031 781
66566 36854 2892
35770 98475 2543
98856 40083 3191
49396 42802 2387
24408 23993 1497
25152 89530 343
36710 58638 1585
69456 94153 6512
59207 36060 1768
94777 31628 1840
3858 98289 288
12727 9522 294
98275 36447 2343
9189 11055 606
74586 65084 4900
88647 94972 6967
70171 55585 2380
73987 79731 691
7661 87789 678
64705 43990 3343
54013 76257 2908
39504 15367 488
74234 75075 4952
23043 25839 393
30521 70910 446
41614 13914 546
24176 52766 2040
36331 95127 960
60669 34455 3271
69497 19930 1754
15519 37885 1029
17337 71675 153
42809 28106 1239
14386 67062 1159
23732 17917 202
18605 31788 408
24412 67672 1504
8631 94751 369
52320 35776 3296
64164 7832 383
94357 85502 2769
94696 30178 1513
84497 89058 5237
58398 54157 1013
87122 16061 69
20195 17646 1692
77750 50436 4801
1274 10109 23
36706 11090 157
13895 89140 391
76094 25316 623
47254 42260 3714
67382 53021 778
92468 48673 4336
85433 24034 733
39891 14594 138
77435 34749 20
39049 21220 1378
28340 16732 1085
93263 66167 6504
98144 42481 4102
94499 93229 5134
66304 84817 5835
71176 90336 550
83414 29528 1749
94627 43339 4079
69002 1537 40
57247 47246 1374
56490 42704 4157
48040 98925 809
643 77866 46
92113 61583 3887
53675 81114 1372
656 58945 14
98585 17644 1152
90878 56466 4088
27529 55603 2132
35994 84502 2358
11579 68549 671
13733 84934 730
13299 53403 1124
95397 66045 90
93177 84052 8366
92165 47034 2976
3992 1938 115
40497 78147 2345
63616 43417 1763
64893 95550 271
15590 41493 262
17405 14680 211
89921 96338 3995
82923 61920 1473
55021 69732 1081
26278 15434 1067
66537 79807 72
84144 33070 1479
83963 48638 3760
48142 78249 1795
47209 82910 198
48169 81177 2053
77504 59617 1003
5265 49059 230
39055 54382 1619
82391 39599 2748
61803 28878 2816
87760 33577 445
84938 25167 2344
73655 87199 1208
97194 12547 756
59785 79400 3265
26282 76831 2110
61001 39769 41
9485 22622 648
23676 53583 2167
23196 22270 701
49516 29162 1902
57923 54143 1137
88071 96142 1952
41713 76778 559
62335 59203 4038
95066 47686 1051
6538 83156 61
18486 78402 288
32193 42898 1336
91906 84912 1671
25379 98671 2347
4348 36358 248
42161 46661 2441
81097 35421 1227
16017 72431 266
72721 81524 4645
16109 72333 501
51551 26636 2265
35476 95395 1640
89284 36139 1915
11702 95065 383
73939 66940 4731
63050 50298 4022
58436 7787 683
14985 67222 645
26004 74923 16
37778 41282 2664
67521 25394 1317
85862 95444 798
26224 83162 2124
43724 48458 2329
40904 11584 1080
9613 24419 330
97847 91302 1423
57558 75202 2495
80202 97171 513
25467 28561 1562
86199 46192 4107
62544 37113 3309
94741 59978 2201
68752 33709 848
89376 51541 1097
6072 81054 425
80632 93861 2841
31082 88934 3035
41345 51253 1327
96141 84959 7037
81442 45698 4208
64138 52843 4835
28200 87023 2214
17231 72812 1212
12610 35265 204
76014 25035 1075
61861 81186 684
62396 70516 2588
31176 69504 429
16308 78901 825
38534 88525 609
75252 27077 843
73793 52222 4369
13501 83481 1335
79260 25166 745
92693 80910 2384
9694 99099 309
42726 19589 1410
42355 72870 1981
37950 62368 1488
4493 77781 222
52239 50728 3510
11997 7794 748
21327 30952 572
38205 95500 1976
62135 62065 2068
21447 24819 1618
43526 40278 531
31773 42814 359
18653 38863 876
4897 63942 120
48163 34520 3283
33756 81706 236
53984 50321 3281
54905 41643 1313
40836 93630 3355
69545 14416 523
34751 8486 258
72607 27777 729
6600 5398 5
65748 60910 517
92793 51262 4231
14722 3943 33
42511 61937 2181
14282 61795 1308
56844 19559 1143
11664 69852 35
31959 16220 52
9500 25903 358
24792 52719 1140
20025 83519 338
32863 59142 1880
63128 94833 517
52157 92167 3566
87564 24366 1745
31271 35903 3037
92109 85958 1690
10648 57886 871
88023 88522 2635
61901 94934 2973
95338 78671 1524
76105 82337 1036
58506 36912 137
19985 54810 1353
68639 17099 77
18159 64960 266
79796 50209 281
33009 28537 628
37721 84056 936
98473 51595 1299
66627 24378 2193
53100 87042 4300
13225 65653 9
36854 81391 3188
10631 38427 1040
67714 42982 3101
8829 52961 789
62164 47741 4649
49070 4451 391
71890 14738 867
67076 42044 769
18116 70019 107
57704 8209 186
79769 58197 639
23341 74501 5
41859 47856 3946
5284 1187 2
44184 52576 1869
92327 1274 120
92914 10836 446
14705 88794 59
90254 44320 1615
28705 2394 89
95822 94108 4930
35005 80211 1067
90648 92068 7709
6827 80964 11
37751 23512 531
21335 77007 266
56824 73820 810
44018 30872 1852
3884 29848 48
10416 70347 975
25258 57335 591
74919 56309 1481
44140 80586 513
29940 77127 2644
2767 22020 200
85080 18841 1364
92118 14237 469
46741 78114 290
35045 17585 1437
49812 77443 4927
62792 56160 5531
60640 67835 2131
83180 2798 78
61194 16626 962
27363 30274 363
45957 56977 2520
57634 3369 125
97929 44582 2587
74532 85715 6937
58163 75875 521
59239 50546 2670
37249 51997 3142
83916 23264 1202
44856 97360 1540
69305 90328 997
88991 77207 6536
280 10586 5
93124 45846 103
30039 74377 710
2708 22706 145
64424 74446 5322
78661 63670 1001
80545 21557 1976
94894 9710 543
12315 66637 760
54091 20877 1423
14517 18123 552
58300 32457 1654
21328 23077 1933
24101 27675 29
68530 2425 126
98765 43330 2464
6790 11590 55
56545 63295 3121
31960 93071 47
5969 98361 211
26523 39677 1791
46255 49912 2635
16517 35452 840
51413 71980 1423
33264 46043 2817
23550 92869 658
35449 94798 2903
84362 31898 1433
36674 93325 5
88220 63077 500
29714 32533 1845
38013 10307 237
68530 62532 1903
30969 40470 2046
13135 10911 795
79487 72549 6574
12189 86318 429
14564 78873 783
99632 48380 1157
15134 55648 213
78915 43546 2836
35435 84523 3251
7827 60667 440
39433 21010 135
81379 97207 814
24478 60557 833
34904 31850 3139
69200 5370 464
62748 84308 1559
93803 69276 13
88733 60985 2071
69568 63000 5754
70861 72289 4217
88162 7800 376
45537 73495 2369
9642 99146 705
88533 9932 309
64082 84768 5226
20132 47506 176
8155 23632 731
34738 69027 2087
64265 72307 1031
43588 51514 3617
70468 4968 59
65381 66039 6192
35000 63120 2761
48033 76702 4028
35635 80977 3446
6283 39254 87
47499 29493 872
36985 26668 889
15479 95179 748
84996 6639 494
87380 52643 4025
10827 98132 934
55616 82996 5434
99055 68114 2289
97055 46231 2866
76119 32325 2631
69371 27115 1899
16523 21356 423
65182 78994 2772
7515 17869 203
11929 43376 598
37175 64750 2564
7582 59601 399
27575 68891 582
56903 39522 2946
73170 22822 2078
7343 23188 599
19592 63808 231
42358 31742 1381
69211 31010 1130
75296 97946 6270
76112 1257 60
14036 4325 154
96497 90675 4507
73023 30274 2632
64555 8454 469
78544 83830 83
59314 64040 4182
45372 3659 19
6074 517 17
14489 31759 1356
76830 50894 762
63077 3347 15
23612 41750 627
54431 6287 199
15509 23893 28
95818 80955 6314
46607 21576 1711
2959 47382 271
57012 12973 1249
39322 50752 118
22386 66825 516
80602 33538 3171
77851 76740 7075
74915 25635 1507
79045 11433 593
46286 81970 2504
81353 47337 4024
60085 29825 2856
50182 43030 3435
30138 13542 1056
9533 65227 356
29631 94874 2791
33844 12897 542
68749 71420 6264
84021 93817 5923
21359 35213 680
67215 98487 1380
74774 26100 1630
84722 80130 5871
90901 84985 7774
6901 25159 382
90821 60428 2296
54514 1013 76
63104 30301 121
97158 72257 1589
98087 92867 7657
29907 10786 527
35550 14808 21
77920 27284 2372
65645 66233 4245
76149 87735 1469
35775 68264 907
50754 20526 294
62245 12 1
33847 33699 588
95793 44814 4139
76812 30879 851
92030 45211 547
12281 30037 1081
20901 48775 1815
21564 4726 330
11239 92518 1032
52024 54524 833
49703 10611 346
55697 5953 302
77935 72396 2493
22835 33799 1395
28457 17650 1008
43467 97808 386
61029 70346 1810
5931 55333 52
76056 39137 120
58249 24498 1367
48857 6690 370
36670 53990 660
46596 61599 4538
78984 35893 1451
57304 37168 2479
40234 90968 3267
6843 16461 627
57257 65161 4414
85171 40373 3724
22352 17257 394
5901 13545 173
27659 98397 38
15288 98031 63
28589 44074 598
63017 48274 251
38284 10207 704
94742 89630 7640
1825 32746 111
30173 65830 2988
15275 58367 1139
21532 47552 107
38571 12342 259
89145 63398 2621
21512 64171 712
91610 12852 743
74314 53854 2413
45323 7375 424
19329 11699 1086
38717 21850 1105
76509 6962 186
94979 82625 7452
46773 38246 383
82614 26161 1478
56163 33759 570
41232 26651 648
20932 90098 228
24915 81942 1597
28475 34390 634
7265 50204 154
57964 64487 581
15107 73642 1133
98691 47749 1255
47620 97955 2133
44909 60916 3609
44085 49292 670
14780 89691 311
15593 57295 444
32069 65799 2677
25688 71481 1167
94915 60712 926
81854 53630 3394
99955 85616 1262
39259 93011 3530
12312 64313 221
54963 39505 1239
65015 14302 473
12878 98582 633
79514 72126 733
27639 89541 1178
81615 23007 1571
45918 86819 1891
4744 62759 233
24408 56442 1170
4507 57443 438
69884 53593 1827
38497 7522 180
10470 3632 93
81785 11224 93
68662 55413 4801
33604 86846 150
75664 48132 4690
67272 37166 3123
14587 84792 923
10415 29386 223
18404 14614 326
80360 78452 3139
87546 20289 1167
39043 70805 396
79378 50820 2738
