129
653
377
233
186024
120
15262
3399
55
64
610
20205
71
89
1855
140
169
390
121
4140
59
69
117
541
391
793
262
10498
427
72
46362
32
11307
259
45557
485
14051
313
341
49970
319
212
117
184
267
586
91
45
63
2485
2299
477
62
175
136
236
7387
643
355794
851
266
72
280
4890
510
693
151
913
5529
471
91
91
121
100
93
1543
234
3545
483653
91
2122
287
415
460
112
280
679
142
9405
93
2270
462
6803
231
856
352
32
53556
793
485
11774
6730
4957
2078
42081
569
943
480
169
73325
169
722
79
129
64
226
277
16320
22959
266
9960
209
3430
938
80
101
236
625
211
128
404
160
208
147
712
2150
96
126
126
1941
100
59
197
873
1220
857
1926
209
365
9246
205
229
502
39907
26819
155
8629
635
39600
1025
8270
396
2977
63
8246
250
45
665
2002
59
6333
35093
2259
144
6060
2259419
204
276
123
429
80
4189
11811
611126
310
174
323
348
718
2656
1687
155
2396
4271
59
324
56258
560
2682
629
156
284474
2320
121
803
1531
276
42
8613
399
185
2508
79
24212
643
2110
148
64
62999
87
140
59404
6467
345
115
1523
315
2703
375230
1018
361
1828
79
1606
7641
586
144481
59
3253
449
4877
68
696
442
1188
309128
965
433
588
7097
102
91014
129
11721
2915
212
156
294
319
100
7480
151
292
811
266
21992
85
115
255
555
1305
220
6422
1552
196545
3002
1254
430
18290
109
399
1254
1878
808
45
1234
628
128
3307
163
886
128
129
101
566
1053
162469
212
87
1790
64
46
42
296
80
119
968
71
12480
120
166
388
108698
893
128
93
1263143
479
237
20660
96
2109
1597
586
1203
2738
648
100679
195
163
115
422
5007
4067
4953
504
136
200
1855
557
268
207
160
497
97129
13465
69
1107
2349
11833
929
697
4475000
96
166474
584
74
6260
2327
3260
1907
1611
748
42
1373
19254
123
385
160
9285
55
789
153426
6077
319
525
128
579
274
260
259
132
69
748
4858
105644
540
141
21036
588
716
18398
2275
1202
4251
3021
486
1850
1154
618
2062
571
300
16404
112
215
1178
9264
18587
180
1790
12915
336
42
476
1532
212
141
155
62
17611
1411
69
465
3577
692
7838
108149
55
145
2007
242
79064
411
548
120
55686
242
260
72781
10417
57
16241
4545
343
2134
15276
331
19365
132
1273
1571
240
8074
216
25738
192
2922
3619
80611
190
1723621
948
1225
4668
55
75
297
5154
2307
129
58
55
528
79
3367
184
416
36794
199
1394
115
502
8537
151
78
1632
550
2574
77080
550
5769
395
354
93
331
78
197
276
92
265
1714
8181
156914
805
1736
302
556
345223
120
3765
58
497
117
1773
75
3870
624
2946
9494
893
85
63
833
75
127
2304
4126
6894
230
5333402
179
497
318
1787
1412
470
31903
1125
850
550
175708
246
14346
63
2400
9300
754
5480
96
18198
19379
3955
374
794847
37175
1788
102
156
119
1571
224
6383
346
149
2143
91
2447
850
600
46
169
3919480
318
46
92
68
2912
96
5166
404
48023
338
75
1740
45
59
57951
292
318
1422
331
1932
404
199
85
6827642
644
1057
100
1213
64
100
13960
7189
278
215
7353528
168
259
8484
729
325
2519
337260
282
259
87
315
1752
211
80
415
1003
100
377
850
109297
12645
112
191
973
8214
661496
491
57
19916
1396
1655
103
53612
583288
45
120
102
217
3270
2541
75
532008
646
211
7475
1096
5790
155
6595
889
142
761
115
69
950
22818
15612
11727
85
3453
87
3015
132
27194
154
4263
395
141
266
276
937
59
977
751
6521
120
6082
2139842
465
234
5981
9049
1217
368
227
232237
490
96
82
6451
59
318
57
79
445
455
80144
6273829
46
631
98
100
433
1068
603
69
224
289
17248
212
893
2541
22797
196
74
305
1528
964
392
2675
42
5982
717
49741
147
1390
255
42
5442
45
16919
447
516
317
87
139
72
3308
152
5232
250
265
96
167
97178
698
1389
271
916
394
16087
146
89
927
344
278
957
1391
214
1282
7191
5110
7019
311
250
28813
173
315
1217
21930
292
240
3483
3558
2208
5431
573
594
82
78
281
951
1646
735
82
255
11654
85
257095
1275
2393
329
5382
115737
299
924
414
1291
808
199
167
1241
58
3795
269
171
12141
23460
71
100
315
169042728
58
53771
1857
528
12943
63110
42
243
965
105
154
761
104032661
253
211
146
89
461
54966
380
57
108
542
16536
3673
294
2451
22384
475
148
211
1055
199
63
548
5498
270227
3015
37620
790
60407
189
33538
2329
1674
465
402
1095
179
79
59
761
9368
96995
231
5123
242
695
1092
354
199
211
344
199
422
46
643
369
343
112
2199
1119
229
9710
5745
8047
5484
920
132
218
42
569
801
332
1035187
68
3674
71
80
8473
2176
935948
379
365
1026
509
1543
992
1008
3175154
132
192
38862
10407
68
129
79
32
144
224
132
55
97419
729
579
4432
68
180
4839
215
2943
1171
241
93
276
64
107
75
680
3651
1681
392
28661
1043
1222
714
132
96
98801
341
534
5755
193
156
63
4083
42
271
63
2565
8608
2708
490
270
6701
300
1813
619
32
74
16447
3512
540
259
242
1297
332
2294
102
1347
416
5713
687
4392
58
270
307
3758617
341
2350
