10 12 100000.000000
2145 2671 2723 3507 3563 2021 2315 2136 3039 2919 
15.20 19.24 13.94 18.70 12.30 10.46 12.33 17.95 17.22 13.59 
0.27 6.28 8.18 3.07 5.68 1.15 1.44 6.68 0.02 9.44 
7.29 40.08 6.64 1.47 8.06 2.93 2.60 4.72 6.57 7.56 
1.24 7.19 8.25 3.85 9.57 5.57 4.48 2.00 7.35 5.62 
5.56 7.24 1.25 5.97 9.72 3.56 9.26 0.67 1.63 5.75 
4.82 5.07 73.98 3.92 0.53 80.24 8.06 4.79 9.41 4.14 
7.79 3.59 5.47 78.05 5.79 5.32 2.14 9.89 0.97 7.43 
6.85 8.12 8.64 1.24 7.17 87.15 0.10 9.02 2.02 9.70 
4.37 1.92 2.43 2.60 9.12 8.39 4.71 1.41 2.93 4.89 
75.05 8.56 9.81 4.22 4.63 6.66 9.48 9.00 3.89 8.81 
2.17 5.99 0.73 7.25 3.55 3.74 7.68 7.25 3.37 9.86 
2.41 4.01 8.60 3.77 55.15 72.52 6.80 1.21 9.42 1.17 
0.58 5.07 94.22 9.25 7.28 6.13 9.12 1.55 0.17 7.24 
