12 12 100000.000000
3322 2193 3579 4934 4995 3954 4279 2194 3656 4977 2377 4282 
14.10 10.19 15.16 29.26 29.24 26.87 14.05 19.07 28.63 26.18 13.26 16.01 
3.86 -6.97 -866.87 -9.31 1.89 4.52 1.27 0.76 -8.86 9.17 4.05 9.55 
2.31 6.95 -682.51 9.84 -2.60 7.29 -5.25 -3.30 -8.61 9.77 4.42 8.87 
-6.58 -0.51 -980.68 1.57 7.28 -20.83 -1.26 -4.80 7.31 -6.03 4.79 -4.42 
-4.00 -5.78 -793.74 -3.50 -9.49 -0.10 6.08 -8.77 -0.70 9.95 -5.01 9.87 
-7.27 1.21 -616.10 5.83 -5.29 -2.94 1.50 1.00 -8.46 -0.06 -17.40 2.45 
1.26 -4.59 -512.30 0.84 -4.65 5.69 0.75 -2.05 -9.36 -9.44 2.42 1.71 
-0.80 7.97 -675.34 9.93 8.13 5.81 2.68 -0.81 9.26 -0.27 -0.93 0.48 
-8.12 -6.87 -743.56 -9.38 6.28 3.65 -0.10 -0.27 8.83 -1.62 -4.87 -9.53 
7.12 2.93 -527.12 4.17 -2.88 26.79 -0.20 -7.98 -8.39 -1.10 1.58 -4.43 
2.93 -1.89 -768.71 0.40 4.41 1.28 -7.27 7.08 8.53 4.38 4.07 -3.63 
24.28 3.78 -548.18 -6.21 0.50 -2.91 7.64 -5.43 -6.16 5.84 -4.05 -6.18 
-4.24 -5.67 -601.42 9.63 -2.97 5.68 -5.15 -5.40 27.38 -8.59 4.53 5.68 
