15 15 100000.000000
3371 3954 3132 3126 3281 3362 3231 2744 2496 2748 2429 3577 2341 2733 3949 
12.76 13.84 11.93 14.28 13.69 10.29 10.69 10.04 12.94 13.08 11.06 14.19 12.15 14.16 12.02 
9.31 9.46 8.16 4.01 3.60 -4.55 -9.53 -5.59 -8.67 1.14 5.49 -2.48 44.03 -2.87 -0.44 
4.11 8.29 -3.86 7.77 3.17 7.22 1.86 1.40 3.34 -7.26 -6.30 1.55 2.70 0.75 0.12 
-1.66 5.89 3.35 8.63 7.76 3.61 0.41 -1.78 2.87 -8.74 7.18 -0.59 1.75 -1.56 7.51 
8.37 -7.23 -1.97 1.86 8.37 4.01 -9.86 3.00 2.95 -8.95 7.04 4.74 8.10 -5.88 -5.46 
-4.92 8.61 2.73 0.68 -1.15 -4.67 6.58 8.43 -5.03 -3.43 -8.86 5.41 -4.37 7.93 5.61 
-7.48 6.51 5.26 -6.67 -5.04 4.98 0.61 -3.09 2.27 5.97 -0.94 3.59 -1.45 -0.90 5.69 
-5.50 6.54 4.90 -8.61 -61.06 -8.45 2.22 -3.47 6.77 -3.41 -1.23 -4.59 5.54 2.72 6.01 
-9.38 -7.83 2.66 -9.92 -7.99 5.98 2.78 1.30 8.47 3.67 1.93 6.27 5.94 -3.13 -6.57 
2.63 8.95 -2.08 8.60 -8.78 2.51 -5.83 6.54 5.73 4.67 -9.95 -7.03 9.51 4.98 -6.87 
-0.76 -0.83 -8.29 5.36 6.23 -9.10 -0.65 -0.41 1.68 -9.12 0.28 -1.49 -6.04 -2.28 -0.05 
-1.52 7.77 8.51 0.30 0.92 -3.98 0.83 -1.96 6.83 6.87 7.21 -0.22 1.53 -5.14 -1.75 
-8.75 -4.87 -0.05 -0.37 3.07 7.92 -2.07 -4.40 -9.71 -3.17 1.27 9.88 -9.12 0.35 -8.21 
1.69 0.90 7.63 6.02 2.23 -6.64 9.32 4.45 -7.17 -7.10 -2.53 -5.17 0.78 4.31 -7.41 
0.87 4.72 1.09 3.75 0.74 -2.66 -2.74 -9.03 -2.86 7.07 -5.39 5.36 7.97 -3.70 8.41 
9.53 -48.80 -3.39 7.73 -1.92 7.49 8.15 7.65 -7.98 -34.22 -4.04 -9.76 -6.32 -2.55 -8.37 
