12 13 100000.000000
4361 2543 4361 2935 2494 3918 4706 2687 2548 3180 4298 3425 
27.02 14.03 28.04 26.33 14.32 10.87 10.76 12.49 27.94 16.42 19.24 15.41 
-174.88 -2.15 -0.01 -1.89 -1.65 -2.94 -94.91 -1.17 -2.77 -2.69 -2.30 -1.01 
-0.03 -2.51 -0.34 -0.33 -2.24 -1.10 -2.45 -0.68 -2.10 -1.29 -136.18 -2.36 
-0.98 -2.48 -2.66 -2.57 -2.21 -2.01 -1.43 -2.71 -1.30 -1.87 -0.27 -0.79 
-2.65 -0.84 -0.49 -151.26 -1.72 -0.70 -1.70 -0.03 -1.30 -1.88 -0.85 -2.35 
-1.36 -1.85 -0.77 -0.46 -150.67 -163.21 -0.98 -2.11 -2.68 -0.04 -1.50 -1.23 
-73.06 -2.00 -1.18 -0.02 -2.05 -0.64 -0.98 -132.20 -1.88 -2.29 -2.36 -1.51 
-2.63 -2.88 -0.05 -0.41 -0.70 -0.02 -2.72 -0.90 -0.85 -1.07 -2.11 -2.43 
-1.16 -2.79 -2.07 -75.54 -78.80 -135.31 -0.01 -2.95 -1.08 -1.55 -1.43 -2.04 
-0.46 -189.59 -2.85 -0.02 -91.21 -1.51 -0.07 -0.93 -2.43 -0.18 -2.43 -2.11 
-1.53 -0.25 -2.59 -2.24 -1.87 -2.08 -1.80 -126.71 -0.87 -50.24 -1.23 -2.80 
-2.89 -0.10 -2.06 -2.29 -2.35 -0.02 -1.31 -1.98 -1.04 -1.88 -2.64 -1.80 
-1.77 -0.92 -160.17 -0.66 -2.65 -1.84 -1.93 -1.78 -2.63 -142.18 -0.53 -0.59 
-1.17 -0.36 -0.02 -0.27 -2.15 -0.75 -1.38 -1.84 -1.13 -2.74 -0.77 -0.30 
