17 17 100000.000000
2786 3331 3996 3692 3589 2273 3901 2231 3205 3056 2501 2281 3180 3905 3019 3073 3109 
14.91 14.90 10.87 13.29 14.47 10.48 10.78 12.44 10.38 12.87 13.96 12.98 12.52 11.45 13.10 11.85 10.30 
-0.25 8.37 4.11 7.08 6.29 8.25 -7.23 -33.27 -5.10 -7.05 -0.21 3.99 2.23 -4.18 -1.60 -0.40 1.63 
-4.22 43.98 3.80 0.11 8.04 -4.05 6.46 6.77 9.01 7.04 -5.86 8.69 5.08 5.11 -9.20 -6.23 -6.39 
-5.00 -2.77 -44.29 -6.45 -8.59 -1.46 0.55 -74.04 11.86 -2.01 -90.36 -5.84 -36.01 4.10 -2.89 0.00 -3.73 
8.36 -31.55 -5.44 3.06 -5.63 -2.65 -7.67 1.40 1.68 -1.04 -5.69 6.37 0.48 1.70 -7.71 -1.14 -46.35 
8.13 -1.31 52.09 0.35 -9.99 -3.28 8.59 0.87 -0.19 0.95 7.80 6.37 3.06 8.60 4.88 5.55 5.10 
9.75 -1.57 6.42 8.36 5.43 2.68 -9.96 -0.12 5.39 -6.43 -1.69 -8.45 4.11 7.05 -5.00 -0.54 2.01 
0.42 7.48 -7.30 -8.73 -60.00 -5.42 -6.55 -2.34 -7.14 77.92 8.46 6.42 8.55 -2.36 -8.26 2.60 7.72 
-9.08 4.11 -5.99 4.65 3.06 -5.87 -4.88 2.26 -7.46 3.23 -8.22 5.96 -3.52 -9.79 -61.56 -9.71 -1.94 
9.68 8.62 59.73 -43.12 -2.04 8.50 7.46 -3.50 5.57 -0.83 3.27 -5.22 -4.13 67.72 2.11 1.72 5.34 
-3.90 7.58 -6.93 1.63 -8.69 3.74 -3.52 -2.77 -2.46 8.01 -4.87 8.10 -8.81 -1.98 -8.02 8.81 -3.94 
-7.83 -58.85 14.84 -0.40 7.75 1.60 -36.57 -8.95 -2.97 5.89 -7.92 5.34 -4.45 -0.97 6.55 6.31 93.68 
-6.35 -6.28 -6.09 65.58 7.59 0.22 5.34 5.96 7.95 -6.13 -1.86 7.32 -0.65 -2.18 -1.86 0.59 -9.62 
6.19 -3.09 0.95 1.12 4.28 -0.45 3.24 -6.16 -2.51 -7.90 -9.72 4.23 2.68 -3.14 -22.62 -1.29 -7.32 
8.13 1.27 -4.07 14.85 -3.08 85.12 7.18 -0.54 -8.02 -8.13 -5.43 4.15 3.39 -0.18 38.13 -1.14 -8.31 
-1.71 -8.76 58.50 5.20 -4.36 -0.03 -7.21 6.00 -20.19 4.78 -34.01 7.33 -8.60 -0.13 -8.27 0.39 0.32 
6.29 -3.50 7.35 65.51 -7.18 4.83 8.02 9.38 -30.65 2.10 -5.69 2.02 -6.25 2.46 0.49 6.91 -2.67 
3.83 44.12 -2.45 -7.83 -1.67 6.52 -1.46 0.20 7.87 -0.30 9.84 -29.15 8.74 0.63 -2.39 0.20 8.21 
