20 20 100000.000000
2259 3239 3880 2667 2672 2680 3478 2858 2835 2506 3154 3638 2839 2879 3286 3524 2409 2772 3583 3764 
12.18 12.18 10.16 11.39 10.69 11.11 11.61 11.87 11.16 11.74 10.78 14.13 12.67 10.19 10.31 14.45 12.91 12.49 13.50 13.68 
7.09 -38.89 -2.95 -0.04 -4.72 -4.14 25.10 -6.21 8.78 1.99 -6.18 -9.83 9.46 -9.64 -2.88 9.36 6.80 -4.35 -2.54 -0.25 
4.35 -1.16 0.97 9.75 9.31 0.82 1.90 -0.40 2.56 6.01 -1.86 9.46 -1.07 9.92 6.28 -5.30 -9.17 -6.03 7.32 2.70 
1.01 0.88 -25.34 -0.18 -4.00 7.88 2.33 -4.22 8.00 -1.21 0.92 39.92 8.18 0.28 0.43 -6.76 -7.95 5.48 4.59 4.75 
-7.73 -8.56 -8.91 -7.43 -1.51 -9.92 -9.58 -7.70 8.42 -4.78 1.12 -4.15 -7.43 -4.71 7.77 -1.11 -6.20 -4.22 3.12 0.71 
91.15 6.59 3.62 -4.55 -7.39 6.45 9.14 -7.53 4.76 0.01 8.94 -6.30 5.94 -45.95 3.41 -3.77 -3.01 5.55 -1.58 2.64 
-2.75 -42.05 -3.06 56.88 -8.31 -4.64 -31.14 4.52 4.12 -49.24 -0.50 1.79 -9.96 7.09 -22.72 5.06 -0.06 3.11 -0.68 -0.28 
2.73 -7.22 9.72 8.39 -8.27 6.93 5.46 -2.29 1.62 9.53 -8.77 -3.33 -8.90 9.20 -2.32 -1.86 5.14 -6.43 -1.78 -5.75 
-3.10 6.76 -4.54 -1.00 5.99 2.60 4.25 -6.04 4.61 6.91 8.79 -85.20 5.97 9.92 0.50 -4.71 -9.09 5.33 3.23 -6.55 
-1.59 -8.00 -3.55 3.57 -9.74 76.16 -3.34 -1.46 6.88 3.53 -1.81 5.92 2.01 1.05 1.13 4.45 -8.31 7.77 3.55 -5.23 
-1.48 -1.56 8.73 3.37 -93.27 4.11 -8.72 -0.57 -8.75 4.10 -3.87 -6.94 6.13 -2.89 -6.71 9.06 -7.72 -7.45 -9.96 2.17 
-7.18 6.95 6.30 2.97 8.00 -8.93 -3.26 -1.51 6.10 -1.90 59.56 -7.66 0.22 32.23 -97.29 8.02 4.97 8.89 2.48 -71.83 
-82.09 0.17 36.69 0.79 9.03 1.80 7.20 -86.59 9.04 -5.61 2.97 4.64 -22.22 4.77 6.52 1.45 42.65 69.30 -3.99 3.32 
5.33 2.87 4.82 -3.36 -5.09 -0.72 -5.42 -8.62 -1.41 -3.78 -38.51 -2.76 8.28 8.67 -7.40 -5.11 -1.77 7.16 3.96 2.48 
-4.03 -2.10 2.39 9.21 -37.46 -3.92 -4.51 -9.24 -3.80 9.20 5.31 7.87 2.99 -5.02 4.39 6.96 -4.08 -7.96 81.57 9.29 
-8.78 1.58 -4.60 -3.95 -7.09 -9.60 -5.11 -7.03 -1.14 -9.61 6.55 4.74 3.35 11.24 -8.67 -7.24 2.14 82.04 -7.76 -0.86 
9.52 -8.23 4.52 3.43 -1.74 7.76 -3.26 -75.57 5.98 -4.58 -4.04 1.08 8.09 1.21 90.76 52.52 6.60 3.09 -2.44 0.06 
-36.57 6.19 -2.98 3.87 -0.65 -1.87 -6.97 -1.03 8.52 7.01 1.66 -16.98 -9.12 4.94 -5.20 5.41 -6.06 8.92 -8.24 3.96 
-2.37 7.56 -76.72 -2.66 -7.73 -2.52 -7.59 7.76 5.41 -7.12 3.25 6.49 -8.97 -1.85 -4.62 -4.96 9.76 3.19 -5.32 -6.88 
-5.13 2.03 -6.72 -8.28 8.04 4.47 8.47 -5.97 14.03 7.86 -0.15 9.34 6.63 2.93 3.04 9.41 7.80 -20.81 6.78 9.77 
8.24 -8.35 6.32 1.77 -0.99 -3.82 9.24 5.18 51.14 2.74 5.30 -9.89 9.15 4.16 0.08 -8.13 9.29 -9.42 -9.64 -5.03 
