1000
146508 167007
5014683 9045871
1733135 865518
3106025 6202549
3766427 9039116
4414159 70962
412897 4029913
3279328 9992103
6380177 9240374
3868012 7026965
4419228 3608261
3932035 8373692
8380852 8808038
3105528 6919199
7728714 6220090
5907035 48253
8294415 2920611
7293565 5239896
5433330 5899329
8099567 9083249
1625639 2587637
878210 8615497
820765 9021920
3173319 9927841
9438470 7913572
2983696 8107513
5609682 9449377
4982124 4056467
3864371 2478713
3464238 1493744
3901593 4024460
4234341 3297617
4085814 6272315
6354916 9286199
5234554 8937640
3734458 268771
5806232 7236275
5031482 5976789
9974782 1890685
1995124 9238095
946912 115175
2478137 6011602
401708 5315347
833946 8636831
3096214 5493985
9859816 7938231
5666829 1331187
4005172 3328475
3464642 3148201
7262927 9369099
1161255 2866980
4089803 6524041
4234477 6475461
9373943 1509974
1085189 7208494
5001446 4003251
6106270 1675711
9964647 4077985
6374572 1519130
5084429 4879840
6946526 9427615
8032679 9872883
9637798 7380719
7033544 2971417
1195828 411755
5710144 2327380
1438713 9758389
5852576 7058021
4063144 9781805
7147321 5706700
9005744 8136564
1506460 45772
5852226 7233004
3933594 8094820
7722064 9585077
7047749 2921942
2762123 7172913
4216300 909603
8362083 9946239
6617249 2096524
2988298 29955
7293366 5756562
8565617 2128091
6786490 2944373
9978055 6823274
1608320 2985015
2243200 7553104
4067352 4510233
4763979 244718
1021523 9966364
556186 9865702
5440961 4060929
8711069 5149208
8152373 6581065
7048774 9472805
8924223 9655860
4753222 3792367
277681 6567748
3937933 2928150
6376346 1866042
760524 7091579
4450764 668439
1580277 7570240
5722456 863900
7946553 121925
7849872 4329162
9554440 1194156
7642371 2852705
2641556 4034004
808068 6870755
3923150 7845728
817826 5462289
7143398 2335537
6784432 6043628
2255054 7301990
3790142 3832501
1482806 7803874
7447965 6053484
1225872 663110
4076766 8080724
5908108 6744305
7086674 1068396
2368412 8687878
1393802 1450230
8075376 4825829
8384087 9905779
476923 7088176
8322379 4056611
3158891 1142983
207157 2061193
8074292 5700427
100135 1140196
2151684 1927326
9075187 9446070
4091087 4992864
1831080 9114048
3589828 2497010
5320601 6338307
2749268 1598198
2226518 4361536
3366322 6976844
227376 6243319
1749580 9127573
6726328 3228395
4692950 5931827
3626303 9677723
6007615 3188805
2378710 8966601
5638712 3663919
9549518 814581
1126707 8446095
1832248 5429730
9476577 8888264
8719589 4234512
1871922 6811514
4882279 2923967
6128984 7074311
1474445 8284913
5571651 7077263
7876330 9742567
2722341 766195
4993869 3617186
9627247 8637269
1109321 9924962
6039377 1665300
7306670 7730090
9614012 8780884
4070669 4688825
696675 5909619
3590967 8829201
6753972 3995796
4972989 7209971
6845539 1432471
9858800 3846111
1321567 4499998
6982753 8671512
5511897 8766217
6477921 8267421
875844 8737145
3009153 9028913
9684174 2237391
9458579 5555795
7786603 3221165
7878182 7391300
1829322 1100659
7554829 2024071
127580 8547267
9708887 114140
6974931 8156284
5846231 9103043
7772320 1129282
2873501 3103870
6537075 8633971
7650682 7482254
1672638 9127474
2713343 3577524
476081 6210655
3786621 362737
3459902 5791515
7301125 9252997
6980885 2347976
2173928 8586738
2653865 1156998
4241591 8361850
605864 1994423
2784964 8692252
8384261 3739642
2630302 7547673
2708849 7553842
9882391 8656372
8315357 274176
3175361 296172
7938169 915652
1951852 6264196
4881078 8942623
6928296 8968955
3390534 1118706
8280136 7176915
1275418 4415071
3748700 5597772
7511522 8027334
4996021 8218729
3164176 176584
7856996 5097322
2598357 4548935
7753530 5192655
6948769 9821923
5336392 5345882
6529445 4012157
2478816 7307916
7196243 2739895
6702225 2230565
9929564 4098417
1646637 9914792
7702449 1376076
2802374 3200340
8224513 6625194
6994347 6479020
6168000 2310315
9425007 6617327
8343325 7191600
5964770 7178527
5289994 7214555
9592469 1725308
3443767 4896140
639321 686345
7106198 3205220
3211583 2111365
6477783 4350021
7852568 2808434
8489580 8145103
651253 5677585
9445638 336995
6022951 844515
9282197 2262307
7767359 7387689
2983370 8634735
4266127 7307875
6959128 4878312
3151270 5628244
9309486 880496
6273367 8988283
1401725 7185447
6464433 8439322
693559 3244910
2455175 5921970
8888013 7172839
7892201 972035
326511 5378674
4621351 443536
4031247 8152624
6868948 1909656
7340765 3886466
1004352 6467101
3883723 9086346
6038524 4811488
9601929 9053865
3468377 6769634
821897 4930558
8862441 3651299
9375996 3830892
9186683 2092774
1806290 2717459
7888545 7784490
9376445 3008213
7788205 3687217
7196589 6690258
8358062 1060284
3986516 3978091
8153591 7026508
8619683 6960065
7912728 8662946
1521738 2060982
1530209 3457854
2231355 8488171
3518821 4553314
8654758 9655615
7346164 9731983
4052861 7164117
2170271 8106630
9488880 2830733
6006967 7340488
9567729 8834185
4032461 4742421
2122673 2432808
8794291 655344
9948320 7450254
4597496 7543192
7713775 8538393
1458798 808463
9773457 3583724
3884327 4724502
2640437 1758695
1923954 9211054
625100 3102891
4253666 4954775
1139208 9795610
7124551 1783123
8934106 9817812
92850 255140
6038770 3855675
2232307 3804297
828610 3476207
7938461 5631043
16634 3913553
1543680 3138133
4150284 8812674
3490349 2898431
59689 6639972
9266934 3520321
2677185 274071
9896810 6779613
5690629 8581757
2938715 5158356
4586728 9923893
7571931 8394855
4476568 2197410
7694393 9771158
4317833 214117
4121224 5698340
6323818 9321694
8388631 7629968
5876780 522030
6038905 3631004
1475329 2186038
7116926 416585
9788250 3306136
4098359 2604376
2052967 4324276
2400117 6393801
6524058 5916075
6145865 3355487
3506980 9119199
5177732 4516121
381685 2744432
8918967 7907513
3781310 6295487
7784499 8283840
5347698 3945198
7069578 91503
3459647 7219165
8447755 5103302
3691929 8481581
3043913 9445256
3726127 1603776
3758739 8004404
5657330 8134326
6426620 757132
2050708 700144
3473235 2230545
367238 3711888
3693611 813188
5420408 7987830
5779028 9260901
328028 2371779
2863711 1521655
214754 6834905
6849565 5804345
4493180 315480
6281247 4906093
9048795 9670049
3618359 5627924
5953519 7537622
6568436 3568238
5871338 9416919
4008360 4334974
6854844 7503045
9961573 5053187
8530711 4147330
4959610 1883391
9093483 640430
5324154 8395443
9344362 9428010
2166580 8196000
5513093 4049560
3946811 4083719
4091884 6965719
1551199 1166056
3162641 7721483
5504305 5463685
4083492 3631506
2523522 4456416
681879 7238031
5923427 2923959
9256986 9411810
3044645 4577550
4149535 6846765
3224153 8923173
7702231 3144528
496977 1182460
1623090 7771116
6580252 2759510
8332130 5498851
7734796 4587186
5001815 3822549
8130355 395474
5636547 1036451
1931105 4352950
670743 1933166
958886 2926625
6398211 3094040
532693 2440210
6948345 2610881
8023934 2499532
2918057 5256267
6161778 2359246
4991109 9497814
883650 731225
5759933 5929283
4789311 9478768
2969539 284595
8316666 919635
2458056 5800968
470212 9396098
9410108 6336994
2275631 7874111
2459857 4646179
1358218 8963083
8432375 9868523
222055 9986471
2877024 2457115
8822040 6999572
8964092 6202324
1330861 4240530
5189373 5322360
1004278 4533284
6324052 3969575
4151942 3310601
8603953 8109507
4586029 8801603
6664838 8554604
8817532 8258067
2071555 9002499
3893956 4595705
1626138 8894121
3334806 5028664
7322108 544832
4767427 7563727
5300121 71656
615901 8359808
2314274 3749122
7774387 3323084
9719434 4658864
1804119 2566900
6194304 720210
5389211 2546169
306549 1391882
5051662 6070171
8272923 5179319
7984131 9130076
439394 225916
2982410 9593342
7921405 6608058
7392499 1211392
9851610 1870737
133457 5072419
7544493 1290082
3857780 1058410
903012 2820942
8071021 2308756
1729075 6544055
4017549 8748580
2156169 7460797
3484774 3753049
3571992 2925249
4007111 499381
4977232 985317
3163330 4413944
2197987 8419977
9899433 1628325
628033 1647310
656651 8449531
7057564 2920598
817211 9632636
7182052 6743937
1768008 262761
9417163 1193072
4115845 9038531
3810498 8697093
9312130 734155
8250105 8498336
7197712 6316802
5060706 9026146
8128832 4877096
6983725 1174445
8979427 7990719
950348 4376737
8024202 3184904
7545968 1324959
1137542 5247876
3611145 6267977
5852776 7894772
9177929 1989503
2649858 1044312
8204064 268642
5498211 1503858
4468416 4898516
3062750 743492
5223705 6323701
5071490 3321357
2614621 2070950
109090 1331150
9931773 1558920
6275662 7898698
1517737 4093181
3075543 7822081
6352723 4382118
9696718 777011
9123243 8287202
2798340 1491298
3111203 6200020
7310602 2885839
9322475 8285532
7399857 4608635
3721718 1612828
8506250 3842342
5857010 6811508
6102630 4681043
7159762 7297541
9369943 18497
6190151 8625585
2864684 960370
9615682 2120215
605816 2087079
7244915 7730843
3349642 1379297
6918475 6425563
5456885 4684640
3780732 9095098
7281417 9936679
5232247 1705048
2586071 649077
8695660 1533975
1280943 8935116
3690189 5584407
8928548 4647917
9239242 1415225
1875207 8549209
1568085 4989214
1529447 8930000
8977183 4450088
4216086 5763029
7793944 4928759
5768997 7319591
9236594 8205549
4263398 1444808
7553053 3117866
3431016 8121081
918859 2921359
6676734 7116474
8838508 3741757
7344823 8359374
222386 2534294
3154790 5861812
2596366 9253946
9590427 835758
6361008 6846475
8911399 360893
5633546 5298344
1737243 6879394
7689932 2834037
8781384 1922526
7830120 1269392
4670783 39857
309263 2990044
6377425 2274206
5698993 3203961
7118735 5434212
3662592 9618120
9227850 8010117
2063852 6455403
8706708 3231938
4095783 8355778
9371196 9761563
5620385 5379823
9547221 798419
5438476 6608849
3204271 9345129
254681 1554187
312154 3009055
6317624 5876478
8690217 8471158
5006490 1737417
4435884 6130479
1905586 610512
8392244 6381898
2018287 6286001
409682 5578762
893058 4073551
9733335 3745134
7022045 2318026
2705876 9301944
667953 8232067
250523 793193
9826670 7755036
8710203 7956162
6072262 5088757
8064518 8715331
4275881 2340527
1375502 8745903
4492105 5092012
4711970 2992261
5458198 2938380
1199189 5672583
3032898 4507824
4052471 191158
8667710 7556666
4849689 9704146
2159674 871690
3242379 1531614
7562408 1748929
9741920 8863385
7323065 4625473
4146409 3982085
9451100 167594
1348789 3158884
7582021 4730589
7516310 9381940
7449059 9364604
8670877 3827641
321256 3181799
1699995 1034099
3702084 3175103
7947042 7657890
7678633 9100006
8476289 2923720
5904391 6407291
7359435 3684134
9488016 7043938
4991824 7222205
2126389 1353913
1677856 4030413
7191590 389475
2007310 1637081
3667029 8063233
3881898 4737696
4121330 4667762
2561221 6612644
4495343 9995481
9681008 1896742
5676925 9545366
2017660 6492583
8974092 728779
6296187 8504552
4527437 2237400
6768700 1524329
3610291 1198430
2668753 7980780
1223660 5559102
530444 7436402
409836 8002714
9233916 6039356
7150306 7748435
7935092 2257227
5644351 5784200
8319236 3435616
8435765 3118876
9244924 3463675
5026997 2456367
6963311 6792926
3303151 3802915
8388141 6178058
7077717 7175192
1191623 3412800
9532055 1772143
9440910 7851009
1039527 6221257
6154387 9255694
1156790 6575368
997800 1241063
6632628 3628620
9674460 8984782
4382803 4586871
1325953 384580
5064323 5080489
1762473 4378506
1532406 5715651
7108259 578081
8610461 6752614
2149378 4374217
4705448 5221108
5883414 1638917
9854984 9017997
5643247 6386708
8245743 3632019
7402336 475256
6611790 4391973
5101817 6235506
177750 4753830
2003851 2094082
350966 2785463
7976231 4229739
37474 1507128
3274655 9313068
1810953 9727178
356098 7978375
6364061 7808974
243106 6541821
4951950 7851750
3246865 455503
6190478 3579634
9592478 3377662
8236045 9508627
8172252 4124746
9909309 7611563
566810 3316149
5725711 1628506
3385963 8708608
2551859 1136130
5637151 8050988
1260955 6994882
9851335 4771578
5127927 3116157
5988404 6622571
8321977 3561300
8497911 4349887
5248913 1271847
3744481 6795384
2310001 9985431
862467 2940759
7125258 1659909
5256494 8148957
397388 2027667
934260 4741323
2477161 5539745
9460772 7106082
2612177 1643088
6715600 4512034
3465526 1085314
586570 1882317
4149513 4007255
4759714 761188
743546 2733232
9833640 4163944
3511162 331695
6106735 9901978
2752955 1366068
3411655 5849338
9461678 7120736
8500801 5141835
6056452 1924245
891566 2269068
8405421 2421747
8730271 2368895
68186 9869275
5907685 3125797
2273277 521455
7304082 1077182
1883207 333838
9649397 5932877
6484264 6246876
2831265 6507025
9291090 9769527
1620965 5271052
6048182 4582594
7011668 5289983
1046404 2177502
9137085 9610987
7389229 2911274
7959475 6696081
6517603 474889
2282246 2369137
5709463 6224027
7390407 5684430
126841 1218498
1127623 5208487
9406715 1908510
1915799 2724286
3505998 3564176
2486920 8994579
4688226 7986874
7313835 3797609
5728488 5743356
7907666 4865343
4757587 6207351
4806028 3098584
8925777 9064460
9685547 4143795
4279126 3532893
9339713 8597906
4925201 7434826
2436126 8504438
3325043 4913397
9044562 7189023
864686 2143422
3156784 3584015
2163251 267974
2897608 1607304
9457714 7765231
1831659 8854537
2484381 3140440
3778090 1849556
2427941 4450917
3657174 9981161
9473978 8191156
9707904 4486923
3875213 1522472
9293433 7417657
7949456 4615393
8839123 8739894
8923124 2201153
6789085 6942337
4053673 9304167
4254761 283227
6765409 4937015
6359689 4706759
9885069 7258191
3769101 7819141
574429 6520722
6228485 8107669
9124546 1600416
7881476 5785785
1105135 9070042
52058 6013554
4303058 1570402
1571224 2682881
1470879 8898456
7763471 7205991
7060293 1822110
2289488 8469988
5482101 4395220
3209004 4897402
3675553 5891163
9344436 1781867
8548346 4645396
479930 7836341
9253872 9985953
2110413 1987484
3396405 3044706
7060032 9386400
4394041 6495480
2484002 9751425
7943598 6233925
4603078 156354
3756677 9190633
5862460 7304226
3961582 4541382
2007892 1378595
5792731 2965627
1881121 5075077
9333116 1718251
2016627 2393675
2458947 2573111
5950555 3388596
7942880 9244222
4010026 1634371
3850693 543651
7745394 920887
3001123 9434183
4485378 7760658
2446186 6062666
8409324 5899156
9364940 8844045
4297218 3010880
5636921 2247729
323027 5150805
3824867 2538392
2281138 5148630
4415931 9950562
9304878 7166466
2614641 3337840
2231194 4665947
8809462 2811748
5629830 1892001
7465725 932254
4497859 7229015
9718772 2237247
9986018 8503356
2562319 6714281
9544116 8037330
7242173 4349435
7693386 9104730
4125999 3587993
3191413 1303125
5979863 3432481
8374086 1158532
7540070 9679350
9047183 9474151
2826444 4854329
9232863 5125057
5023035 1632457
7906697 3616145
7114020 1865929
5462684 204313
3022135 698522
1641963 5311706
3138405 2617691
7936006 3170196
8882528 5464047
6288318 7985610
1843353 2331638
3536547 5688379
1291457 7438034
3318664 3881321
4279879 5026595
2046334 4166421
6518751 7291466
2800596 8543424
2937848 5853033
4387100 7641002
532676 8426335
3712295 3018326
6382899 4123472
2090375 4048131
2311671 2174490
8256267 5735603
3925632 850016
9928774 9149479
5174784 7829762
5313159 5482976
7653223 5247650
3803617 2113054
8041448 9256224
1847588 4372836
9157361 7220381
1324640 8713841
231733 3026170
1319144 7592903
7304869 5593433
5857356 3165863
1500658 4056731
2095069 6972306
983564 7713119
9414061 888648
9035556 6574216
6455563 2738124
8188332 1137846
7761545 4029021
6994133 3719242
982009 9958141
8731536 1637222
805354 7374829
3545484 9004778
8187951 4905645
7348157 114936
4212183 4612224
1135314 610800
5618869 9526373
1460925 1734899
7362521 5945502
3301294 870882
4141844 5904812
6747030 7865055
1646839 1317200
6916264 1164106
3971411 7759627
3627475 5764677
5467065 1446301
1376840 6394799
8792570 5553289
5422585 8518444
1340583 433550
2779671 8376090
3383697 3629870
1389074 6994588
1797322 1117738
3713692 1227794
1831073 8675586
9506854 4244765
6747561 9250809
8056415 6082463
1765297 1389198
2249403 2788408
864460 7588099
540009 8623689
384330 9751769
8133211 7480180
4991164 3598289
3424193 989209
4259571 3605227
5929229 3960666
6468352 8791786
9522671 3176342
6279988 4494285
571610 3759088
4645664 5926742
3044348 6247497
363541 7539462
6005832 7029440
7868965 2534942
