1000
5367148 7580672
3175151 4900562
8253785 8278706
3503994 123224
1880116 7981642
2834175 876392
79974 4148577
3235336 3630267
7282968 7824847
1498077 9065291
639026 9907758
4400903 4191568
4553823 9589719
5626320 1141827
4461958 2047587
4257473 6086365
3455442 8814890
6868769 8987287
1591082 63942
5983100 7860779
7181369 6275855
609305 9419281
1539302 4891680
6807041 5266562
6925788 8096976
4599934 1880311
6840322 9974456
8737560 1711529
9123714 1334835
7481112 9026450
8551877 7480408
137352 3993450
766708 4700929
5988017 3288874
1995641 9851462
1432475 7064971
3463035 5401729
2451983 6483207
8075876 4234955
8928023 788949
1106909 6582781
2015099 4450032
5820238 1266479
1981253 3897872
1038434 3698875
1639357 7477422
5131265 7841594
4648173 2088964
8359124 3546885
5092253 2229386
3995332 2142004
2056407 868856
1785849 741025
6107363 9191625
150750 3770596
2760138 7505590
8571419 9672151
7749462 6163126
3203608 8544019
1756944 2721156
2883200 2903665
4474687 3765912
1961658 5249161
114287 2796971
1220848 6768565
927974 3263030
1690508 8449678
4545200 5453427
5144885 6047085
1942035 9146329
7156565 697194
9735706 7817123
5460630 9199071
6425358 4249673
7791711 4045284
5487351 8516613
6911322 7669716
4700702 6635598
3030000 1471558
9773965 6653535
4476874 9604243
5965709 264624
6584529 2276566
6022438 2741370
9173294 6324582
2040097 7801398
2531018 8589149
5423624 4733854
7608526 763795
6950435 1253930
5830946 9176738
821883 4432402
9626225 7968995
3684186 4341202
5655203 2778479
2824521 3862816
767072 248606
3619984 8479350
3728531 6263946
6468280 5292046
2213092 6866444
6059147 2789984
1560379 2531772
6583954 9282341
5654979 677108
5892245 6396503
5492707 2135629
2884253 1810733
6894533 8385440
8815092 3183906
6541395 2689669
6027554 7025262
4119476 8577878
7176944 6661898
3579346 9568172
8305384 7182512
1412566 3167839
3484755 6268375
5506089 9753865
1979705 4388026
4435317 5062531
9053283 246225
6217505 7030501
6338907 7873365
7736023 6139529
9879530 393791
249216 612744
5547543 9653577
4869188 3934139
2172718 6403051
3397134 3249850
3068597 6213982
9880198 4717023
4685048 8386075
1331861 6041411
1604605 5916251
2138596 3294910
8227855 1990936
8403419 8565482
1004727 7832842
7790629 8994208
946365 6240554
854569 4332536
8573610 6886449
3485586 7288013
7957576 3480728
9693511 4908086
2617759 8438937
1232627 7565196
3783545 6589100
2322429 3736553
3149150 4967306
2847504 4571686
3490328 3224108
3989651 7019868
6748463 7884
3707824 2056676
6695149 6992609
7255504 5755350
1939674 3938982
4950044 8482956
2324543 2593555
6344702 5080222
3721254 9046497
1473309 6950630
5252184 1260554
5844579 3770365
9116637 5358789
4421881 73660
9192446 2061069
5495879 2339643
3458757 4094490
3264248 4767316
581498 8380006
8698484 4216480
165542 8950952
2506340 4246391
5011860 7299547
2392241 8332531
2609098 3232567
5315843 7311085
4392083 581301
2346821 7177470
6630648 4288014
8679199 8965502
5901633 4279739
1634425 7528071
5730295 7008630
3174910 1644530
1988452 6382903
8775701 1227479
9400592 9256503
4351848 2768784
3409477 458607
7324513 4033078
1204107 3396761
3101095 812449
989356 5490477
5773988 52716
462256 6194020
4017666 8960749
5178720 8134839
1893672 9170496
307014 7454431
8611136 1958076
6016299 4777813
2054579 4396795
2309399 6294611
5555370 8230998
6239315 4161489
508174 7797221
5114729 4277256
7479816 941699
4387489 9572082
1816449 5429574
452229 1193670
3458338 1191306
5050205 1927423
8793299 5745638
8580147 3089493
956095 5196212
22223 1150017
46798 1201933
6926779 9399292
2386728 3644617
6085311 3509888
4979384 5371394
5875812 5585156
1276454 2234897
3330292 9587587
4646874 3304462
6452215 7459510
5842047 6959571
3407415 7080340
2578428 1362041
488764 1909080
5995899 7482457
6938576 8695545
4240614 769035
8143995 6897586
8791780 7810793
644743 9449723
8353503 177035
3927804 6301838
4374144 7823820
7870243 9614050
5615664 4889795
2005254 2164402
8801817 4994378
3294574 9258102
2615714 9312633
4261731 8352231
1298037 9700010
2929838 3975039
8581883 2561910
2988889 6477301
1694684 6443190
3936044 824516
7432963 4179202
8910641 3526308
542488 5390772
6583088 6717710
443396 3923812
5872819 4747452
7534960 7937005
9835394 1037733
9948228 4408166
6096294 2897796
5809963 5521577
6805353 9547857
9373196 4357070
3497684 7021509
6113810 7158575
5521199 7402586
8439716 549221
9900035 5110215
1026797 5945929
2787738 7766663
3723476 5426291
2123772 5526226
9375492 9346749
210675 5857057
4886628 2837696
7987591 2767534
9332638 9958612
4367617 2644080
5908891 5343635
6438763 4663330
8142596 1032662
4499214 1261116
133955 4339638
1320050 9805560
4267391 316299
6599520 6336589
5280290 3069935
7098978 4988918
8737877 647739
7505728 7317739
5144576 6943367
2399364 6706661
1790286 5039149
7886326 5347677
5957287 299590
1550368 9284492
7799476 1504554
5542858 1612396
2954846 6981363
2108542 5398453
9394765 9472506
2789508 148064
3442284 5575256
3722469 4444966
424675 5366501
9988971 9010561
740506 5164347
1311647 8404264
4169788 613427
2162760 8806806
5103664 5841509
7674610 6509955
1799456 133675
1729123 573161
2036726 3647134
7873959 1207807
9550169 4878230
5343364 4189376
7065395 8156077
3941509 4430436
2624942 1789244
1762035 6545380
9856689 4165084
4645846 9202553
861158 5482597
6451447 2679069
8052278 1956465
7508832 9440007
9297482 4070745
6092890 1631666
5042827 5767861
1080045 1840726
8424098 5295071
5750626 3294445
647288 7428976
2443971 3795630
3623478 4491585
2665688 5521172
2825668 8570602
5454506 2073303
4013773 8473797
6384260 8321776
8291257 2558954
136940 7448216
337968 8994100
7969325 9370569
3001117 8396090
2657744 5745979
3993896 8992597
6544796 3563623
8384057 6994336
1565085 6955142
183163 9703666
8349466 1240465
2781909 3464677
1354268 2301378
2428913 2670929
7722605 4964881
5751609 1234257
4006293 241463
2045780 5844155
9329117 12973
995500 9929899
6287951 9425452
4361322 2216056
2335668 3781678
9971575 7742141
6130580 5404138
1064189 5751248
3913656 6537179
8566243 2423245
5412778 2899642
6958163 3641483
260915 2055806
6589750 4808100
5248602 4160482
7577268 9713008
1570283 9770077
547000 3969674
6449388 5939882
2811114 2259785
9182633 1211458
6060723 1611462
4829608 9711452
5665980 4065244
925876 7730163
5280237 6901666
5480278 2458814
6983281 1841138
3268822 5799992
1155887 8847972
9005245 4274202
7799122 9966162
6648405 2590427
9318849 3332949
3516966 3664182
6226343 7763654
1283066 6122658
1484139 1243581
8632665 9525210
1121720 4946836
4946701 934871
9973877 6169700
8778654 5886672
1927116 1830405
2055766 5505472
6228006 3744017
9860029 1456223
6683180 7093089
7721116 5364006
4041160 218382
5349245 3471950
3868577 4635376
9559593 4356176
8471841 641953
5197480 3889766
6410097 1022201
1132611 6606728
9620218 319507
7706116 742511
5131620 8288966
7391411 1976084
6381850 7260203
9768538 9413297
7409220 6538525
4033601 482109
4128459 3869747
8546545 7826803
5071703 7192519
9581108 2102347
8849619 9140337
2349843 8711423
4856935 1543436
9850198 7217670
883835 7362607
8065158 2756379
383034 7285683
2352749 4698806
5186187 9889203
3484179 453520
8666136 3050246
8612418 3624354
6705611 6105925
418178 7159717
4557643 9744459
9777309 703379
3161730 4959407
5883931 912932
5506458 676299
9448517 455505
8791418 2504504
9092646 7601107
5837644 920910
7894148 4063524
9329017 6071335
9607146 895740
4152746 169884
801056 3037140
678984 793669
8146480 7804645
7224572 440572
1966946 9960360
2612399 9628378
1245888 5602775
9661194 6560823
5005970 3147241
6944501 7409710
7009250 2480793
1330715 4729365
4938232 6316767
4492388 1568136
2302046 3606645
1523960 6724574
7320028 6079058
6374338 2337969
3814011 6103729
5269738 4494682
9806469 3570698
7859288 8287218
1585026 2502934
4073143 8700369
4863292 7158350
3595118 9548817
85947 3053164
8969511 5006730
6409033 4735080
5702988 9471830
4152814 8153851
2703876 3105486
8624884 309406
4837305 7494795
8223203 4900362
7413780 9061733
2042245 8247993
5405695 8672886
1977186 4325731
9166369 50327
3620931 9348609
3966564 7886817
3994162 8168524
3790065 7891628
9663735 6823229
1932721 463250
4930460 7404046
4001868 4903531
1235305 7958327
7359533 322257
7184872 1293553
1483772 3623197
5418209 9076277
529570 9652072
8071902 2873660
694216 7832714
1532071 9922176
8947414 4392989
7521349 2346553
7215095 6398202
5085570 6518880
4048274 497978
5581031 4998446
3131602 7309109
9468860 246300
7001630 4430085
2386698 7247076
2007585 1003394
9858331 7389438
3000642 7897543
3000823 7553059
1385388 9315883
238184 7334604
1986246 8910791
4282870 8710962
7675578 7268982
6113514 7504335
5567985 7627087
2269006 8633179
1530900 2784556
950507 9854415
5848973 603173
889417 5344740
6720771 4948885
9413809 3296020
9095520 1131154
662189 923286
2414029 2188920
5339397 5630181
9989555 7040478
4653635 8177465
9579194 5541406
3759151 97163
2707021 3000145
8635731 303253
7059604 8163920
5652087 149199
16888 7305139
3931301 4815473
9307041 4212948
3903525 8049271
6988154 5541963
2746368 6941207
3048491 1214706
6645248 8802763
6903196 9357922
7442990 4249421
1871864 6977012
573649 5123093
8467238 7345856
1321077 2037980
8785232 7887520
1761376 3763867
419936 587181
336798 3535372
1533437 1185600
7330805 7402662
3979793 6293361
6812784 4544548
527046 9799578
6683480 5720318
8828931 1269331
4558645 1066862
7114354 5562615
3650384 3754859
2731772 4183965
627635 4630320
5339594 6602270
3395111 2152501
7924805 2534549
5827764 2312499
8292502 3855065
3424419 666787
6800550 8011396
1147518 6124607
6272414 4228334
5329165 4184063
2100582 6521265
4374105 2150812
3462953 4987558
2443693 7714319
7439823 6203622
7163919 4922385
98944 5804617
7742410 6690076
7205543 9754473
4392423 1120103
7094508 4458399
5664429 788973
1090359 13699
35368 8418406
1755187 3755631
9407903 5085260
4527559 5454460
5183771 389846
7615005 1312387
9408998 4868223
1522207 3643036
9545224 2119679
4968180 8022433
4186314 8348495
8603014 8501547
1863479 4968361
4822526 8345746
779669 5690628
4595654 7440240
8343023 1929243
1616645 3521438
6914957 6652646
7920549 4767668
9410297 6982686
9541071 4483084
7590524 8179004
5265132 746047
6720285 5709178
4677540 9354790
3230248 8549072
7386850 2262745
6867107 4360567
3876046 7867570
200922 948840
8754257 5343562
5091539 6338012
9876500 3456633
1193689 4123213
2217343 3761881
5928565 1544691
6431549 9109571
9990383 4513223
9066677 2992720
4788048 5485186
7488402 8686040
7699938 853918
9037243 2549621
5630765 6487250
8329435 3576319
1125627 640665
9271641 7420817
2144980 9624875
7497184 5541378
867714 9921025
9850199 6045803
3080845 9838677
5554920 2346791
742975 7810078
4462972 355021
5841952 9757079
3848252 8373431
8598649 2482232
3549202 252157
8594900 9075770
2309029 5659769
7694970 2501783
2812383 6578500
5203315 413319
6935401 5866423
1673992 3927810
347052 4186858
9587523 7068867
6786000 8844215
4374892 9564739
4344000 3206455
2247437 2085433
9308068 3219394
8470766 5938720
159845 4221939
8343448 8994224
9252523 4711456
8105045 1156962
2986337 2780261
969390 8643823
9201455 4307993
3987435 4485713
8170237 1584598
8461589 5513151
1983350 41077
1882614 79668
5004033 3413774
3943574 3384936
50248 5105787
9263551 113236
4712501 590805
8766329 5382578
5534831 910836
3980686 7586426
8553696 544499
7221126 8463205
3443506 1368105
9232043 8236012
8517068 1322927
8011013 9530056
6392152 7948767
7865053 9463411
9398591 8424274
208317 2933412
2931882 7068641
4980333 1099350
2628610 2950820
6101879 857409
6756336 126070
4994595 4777055
4122973 8247405
4874363 4384359
812274 6890213
8909895 5576916
3688727 194805
5555985 5695326
5015671 8223735
6318753 5209726
95226 3216644
8891905 3322989
247369 2071668
1358073 318373
9138252 604513
2498194 1575262
4259118 1666468
110614 6740369
2246614 8326869
1641485 3103223
4212847 9603150
8629441 6455689
4375648 8479528
1453754 1206273
7922771 596028
2947906 1033686
3710642 6175394
9756001 6451907
4161188 9062196
2480737 4064704
3067155 2941834
1216842 8975111
5918120 6308607
613350 8190095
5387085 5424042
1083197 4560275
342569 5260133
346264 4883851
9773862 5017800
2845569 2348976
172909 6730157
9765312 8825212
3909351 6559405
9706847 3283750
8612413 8308641
8788774 4245929
3823063 6587681
3455135 6625853
4728416 2033927
3443346 9999835
7588544 4573804
3694601 9661885
9665056 1002536
338252 3856602
5540968 7145045
782564 8344045
463299 6371276
5475227 8507118
3138712 8970277
6757370 3693462
9282066 9726778
6381129 1227487
3238552 7384228
3096209 8013184
6290389 22076
2933148 3060852
7176880 458394
1873906 5136755
8844884 4639640
6810845 3829366
9372968 3573455
6123365 7518519
5571926 2055575
7049427 6825774
1249095 4444171
1522865 9143443
9344165 9053697
8310344 1803617
7036759 9165333
3794976 8496849
3171591 4574110
8112130 473434
5084318 4072886
1883896 3343415
3127237 796470
3354954 427104
8669413 4710838
2420354 7754254
3413286 3044496
6700392 4033210
3904883 8943325
4781318 9427997
5284340 5437429
2829732 3114417
7760786 5169394
9024716 6047534
3545973 9107245
7748550 1999117
6449416 2460351
2952091 615815
3217523 8346496
6072085 9870358
5280542 9430666
6877757 8789361
1482548 6639158
7505114 5431955
5722908 1028636
7174008 5558580
1388673 7415446
5120222 7794126
3687114 1358653
2514197 5992216
117921 3107177
7524710 5471885
4761839 7270196
4003803 2651237
2821342 3358583
5005373 3098265
709717 8616139
4153236 3125986
1501566 6433160
4184234 8622394
7142338 864456
6622342 4152024
4742474 5142756
4056692 843575
5723519 1011060
3903355 7148432
2092810 8399570
8700772 1830874
6821460 6167063
8080697 7115599
4933766 377116
5126594 380521
2210312 9923577
5733768 2785120
9360389 1687944
9749206 9882285
6932709 8470625
5405490 8348170
9452881 1809887
8262759 559598
6849969 9113625
8961918 792852
5143344 9674984
5031486 8853876
834997 606311
1743539 3349703
8308203 2130797
6906404 1236870
2188601 5002388
6639002 293355
4611401 5502516
1268959 8611182
5984133 2092264
4283771 6401736
4927636 5160583
387895 9023602
6456544 1920938
3928222 1221029
6522898 1951660
5768822 6786139
5691156 6244388
8697674 6494795
6561293 7267819
2276962 2783984
2729959 5701660
5243976 8074755
8169163 1922446
7819205 1955963
2599074 8426587
3181153 6475923
8887189 4449499
5580261 3878082
7030156 9193257
4264538 7668675
9267634 1573148
9805323 1961615
2823535 883789
6075006 3715421
9002476 5195799
8998526 1791656
7224209 1381137
349716 8688679
1892233 6030485
6959368 3913045
3514428 4743483
6148835 131435
4328146 3817949
3610863 9310944
9034422 6120980
5378612 9003759
9002383 3679417
8570748 5812495
4701383 7429476
2735311 4023164
2466952 1490543
5978743 1213996
4215737 8253299
4975996 5557849
8348164 1992392
5983656 4510333
1258194 3950472
489347 2978128
8074829 9437324
7013206 7149131
2755548 964333
7385771 7083431
1923113 9507331
7076427 7679581
21917 6540520
4938814 5042855
7675233 2977780
1841229 4144509
6005726 3571394
997762 9815448
1114044 617513
5855781 6743025
2988006 9275075
7528384 2355394
6067716 8569192
4091035 4323714
8591615 8994354
419135 7170668
9478527 8634106
3762934 5196024
3701103 7768024
310473 358496
7872631 4734503
8832384 7198491
944511 7549182
7076 8584932
3740978 8772662
2715775 3663539
9673079 6786154
9293849 1236545
8510969 5259121
1621052 3119367
9037855 6785509
6273008 2727743
1540883 3949598
3599487 9486688
8434878 8526518
869873 2989733
2216650 779270
294416 9347974
8303006 2439975
2967652 121021
9184484 8283505
8558774 9226177
4956037 463742
524048 6786125
3957162 8323367
8316858 3524441
5227324 5819140
3804606 2572190
5922148 9562351
4575716 7094549
5912331 697857
273462 5964536
7419738 7406226
3503868 346174
4922169 7432893
8503104 4894242
9536723 6008537
4219978 2305692
4291088 415103
2494244 1079782
1878041 1379977
9352598 1630967
970582 7475728
3388841 8781194
4487666 4258413
8983207 4305687
2677844 6400057
2945304 6970711
