407681494
445571135
977037806
66996953
391826628
728817299
177860023
30006972
465872071
749010698
584981871
474235145
244322538
480232293
142180810
392461546
40329257
598213714
528230948
955588736
933850730
747580006
423429510
937549376
593380093
121089084
109115403
15982664
226876211
180975660
365894294
796915828
301255835
680855882
771423098
386907540
8196419
905818558
63804393
166189965
530336962
316054390
777066719
336321078
281298161
700505154
482796856
360654275
253230875
378665379
171003399
419983584
525704318
710875996
343393707
547120742
160019882
939937416
575360399
437364539
183473004
265605948
933426267
962095079
931343083
290572323
862499319
583742262
720479676
490250126
580933209
784642514
931289661
543738001
685677153
255815514
67811898
661466153
173748185
553850829
484503683
736614990
340973115
783904771
215586953
214763180
272623322
883060369
787418903
955018043
321836644
766493875
264382554
283098193
791852733
700478268
823808865
86863520
86114077
73844051
10977516
703448847
242341663
157066932
381631766
185996063
334552357
61991960
403884959
694272787
521101945
230252177
310862557
207322871
377522330
110196543
670586903
989025241
727368497
781429438
384205927
186232273
285562786
774727696
200531203
896958544
928304204
568571518
738265554
389068668
547222182
845993555
838466847
850968893
443707105
687488584
957230416
171450843
365620751
695099162
917912432
527033696
663871351
734226388
357297593
157554028
756302577
660521758
868533774
731521274
532682259
573302325
32596461
944267242
907027941
227788858
808314877
595330532
651883709
797935650
250329358
247284154
269256375
569196061
717723004
515178762
173181029
228088360
184867083
240991790
891648207
281682048
129699726
457819625
178999824
675645200
823417889
744202164
463754222
70663506
573557100
387939843
720628192
493223490
925757767
83354104
689660250
215082835
746073460
926921832
488048623
973545503
727467378
911557164
321647349
718858661
229146834
338519266
621558419
299615467
746014842
763623004
697851875
744817423
89049444
115975885
328136333
555076970
406523429
358457732
738824123
629093988
864685249
30018816
792734882
275564329
13481508
205304719
173006832
148580124
534971149
691557955
304838511
250725985
115197752
580615256
500654220
492113902
475503435
28635815
835679083
289418968
933065939
990025410
766193711
34133895
534064139
693945973
124696036
154774097
206238692
402358428
417657205
567742780
372629767
137978084
495200368
982911763
22800428
41225322
89322322
673981110
389386043
821209953
568561986
164735189
586151041
342580859
14033062
692735267
684261389
970075122
856586580
719781788
736971977
81621644
475141059
350278458
700342566
222088826
899562971
655949262
982608630
518302732
905903629
288676389
641621217
450206196
399007806
323958858
891786517
141002490
283666572
407779082
762928569
755563120
755470315
384488439
7061106
531860409
603461352
317165993
333683341
901349698
824004842
26435929
575947359
646496844
209956989
349710764
397293077
621238600
106339938
821447435
587931236
705625039
77277550
536130904
962304340
581247606
706995615
414234286
739641492
26765164
836116475
290030540
18426521
475291908
143457937
248326779
163422634
504754282
695955084
785963356
222934209
213096830
860593481
966349878
240276111
415045547
579926460
765148640
643167613
320223557
241618153
19672553
605666937
302551315
318173600
173172586
966117529
9291736
864419122
598505869
755098285
538809172
796017138
384925355
170689524
923698908
164849463
517595303
130687010
205872662
336583023
332928233
68159936
13635942
100986657
466727648
790816320
112858160
466688767
103305367
179369905
438514018
344076590
19154871
995395298
292675656
487070773
441312882
855533993
166105623
461612547
719578839
341835172
10476850
12503172
148069040
164423297
19250507
912447008
341315046
313548000
990494126
797725229
339907726
641513007
681669998
849514875
503572916
771907183
970529716
254767884
507704129
799255537
431036363
151968123
398704866
803593845
119411131
291663597
442727217
520550316
79307430
483511447
269188290
211331169
139069446
617060850
45678843
133061126
542421604
794182103
770795162
604217558
653239925
834523359
222797907
549945713
325518161
360471583
148874455
854654505
926314455
845025367
325078730
219181136
226091724
145796009
438140970
25261690
781343476
133290485
7218443
770112033
330473046
691913855
419834681
77518807
765975731
651338952
191338605
555102998
443912046
521961474
951753227
65815560
746672724
219666805
985981169
949095903
776995098
137471021
368526498
984112497
125170633
317038100
486306808
445174223
867349452
698256066
128289421
511102151
507309521
374703707
848132767
397416922
634020927
640539259
84281132
809584160
972060096
96487952
705282022
28035241
455928677
2760179
414272649
434397678
957150148
409785342
818926359
639927440
309929478
945223721
72639988
899389127
82403793
471259919
596263791
822809488
942749833
633329932
168898273
54723579
153906754
366207880
880711360
320953423
865017087
779670907
896562507
842421083
620463016
670606382
634260297
239328941
250504893
254911099
229144940
748823381
416168330
754322195
922030539
195073445
748654687
258567189
578849133
264057429
724560326
736139460
924398140
719840628
995608844
617473247
974623922
11400757
98639804
131898038
103941526
897453233
935308531
433272998
435268361
919308374
2948143
141998470
837645088
756300619
557240748
997243949
371385365
4662169
940323956
473074607
503338402
460344822
996812022
447328034
662828085
803553568
638026150
648287655
371682996
692128283
885196503
244519406
603841765
490149349
277961224
281459219
51409362
962115963
704572291
951429189
135758426
712494965
586079726
262574660
149223946
251758788
478742555
238435634
714481109
865732645
242144185
742347795
976627435
510031180
273303051
922137879
650423096
935725399
448147158
818957548
299093750
52748
956336402
774700577
325369626
380851823
83905600
859048296
527894929
369563991
741512596
521268318
542980179
483282065
279347785
947776077
341825667
620154655
639343082
248955288
389417916
947746440
599986808
370240748
384429795
685117304
781255355
834627987
426948116
417669130
317838239
161264636
326009389
61351429
171747899
654429843
766878333
219730094
111864967
164380672
396627660
77521957
134526048
228010061
722278585
239694904
126206803
785093869
34924108
678926447
635812181
342369169
396115922
370929096
146897129
700299898
50322113
515526446
405855684
493591616
342973315
163912632
944200559
119526338
277124446
306811281
613951790
699165562
473617729
433970914
693381807
884019166
757459936
186052894
560739921
296125595
105364086
96290369
488119043
240164861
520232813
929809855
407796760
740559927
722878155
953792178
716877855
526946217
44854189
958220286
579571479
847359955
372083588
597753069
756805129
125329093
716799210
719863164
341559811
423671501
169761468
807549616
979248528
314789929
400404648
705744308
769101402
796070562
863083625
13152625
549483528
850172445
202604321
814052071
140509900
261021666
237445287
78512937
737184626
887582700
143226877
790391165
672436205
732181576
997361149
202954782
33635424
889420250
631035286
466230659
242520665
948180727
468629796
884171125
234654962
972007429
122790978
59452357
504019662
979833147
513638713
427713071
264647244
394017163
58878181
456674327
97041849
739500037
869663122
637030733
634350926
664043979
175238336
857266530
281022827
177857330
240870849
763459284
620570910
314544490
269926342
433919861
895011863
814288310
457355206
860931462
679796027
266736878
533279027
496672910
470960158
648665411
57537295
577396252
387317083
503025502
538208873
680623488
632993663
33575449
95639357
398159741
111559722
35972229
464859271
735364325
578123312
227835860
173161591
339761819
334837296
169084145
393001068
971591188
844423515
841850197
956795246
726859004
62527873
313150260
605228049
334756603
811343060
482262887
754441589
560639468
953505411
681800640
228037086
681235965
470671001
585907276
783890165
315007284
689221565
357539527
155794062
681671860
469368850
19612716
140406251
348839806
744639037
129697440
573845332
889882901
189495474
132749185
435793900
237828082
45633391
150264777
228605311
987175664
885369740
934554699
59456157
653340032
485455133
601311602
74036040
440154652
349856068
686504214
496331338
302669313
919634297
831046165
449215415
779712167
506375967
879229181
838286684
228582211
757570486
868802218
919838189
115083048
46109224
438314520
592073319
847361843
289601025
694408338
935208831
130163493
507924564
95736309
957223971
510526569
579752670
519362944
692280788
590957889
360062672
766206794
734972886
845383521
456633495
316672581
28098179
453924473
889583699
36346851
247534353
200683343
186157586
65623989
264720535
409482465
560677434
395666112
504752459
666706324
857501796
38405300
107198541
43755638
68501732
238360122
767039406
861246435
575383890
883186723
458315443
240073447
652377799
240786641
348158155
167403072
2194598
192850725
679929949
889995496
89501639
298695512
371778730
859545720
796808609
741640612
18615659
65531002
725509604
956576140
824546301
242687882
646937
278351407
579665231
727690569
848217838
682707893
789790557
100562238
820564825
637397763
949216806
287800644
729527987
642658705
724137760
751494236
705281401
943032454
266409101
319299254
634843312
575774189
436188722
469769298
93710654
57949850
437313791
441176481
695700557
581328673
216939445
897379021
651381617
952560638
544429652
314507899
992949332
437606419
666597514
939026996
316075119
502876324
667141973
247451053
729743123
242843272
410433970
230317134
952204751
35594672
307254458
896504704
230732557
189071665
153877779
88354168
161120723
212514967
461730668
907922837
475220875
600019865
578481298
268145443
954539688
264416928
225143250
302523559
228352989
943089241
731264737
156184441
564164339
11345179
545752054
51363405
605234567
593328920
371663012
783075235
114936576
255108500
120103026
830251104
180124148
436098464
224412124
