560126551
364249449
435003592
857623667
637609650
521729723
17953838
767967808
342195523
343278941
81755292
243525566
889143135
569446393
80898900
496512299
781291526
839052885
64229730
539240021
307741985
955959121
63013356
925665347
434492693
90419536
517142191
377470371
361566549
443321573
505497353
50761573
418725418
117460319
295444010
963454949
775392829
210571304
898272721
219811350
449104614
197848298
880262214
405493853
375801938
115645091
898232018
783860681
186742021
169844824
39982875
248778325
372435985
932059563
389016140
22362181
393034681
860350578
645610310
403175994
194558192
10154021
52673968
197082271
936034710
193339747
678701395
51984586
416781769
299919710
826959972
346533296
53164959
100671199
530558647
841230198
495081855
313765400
7790191
82917123
841377966
815009731
609698815
805931442
57217674
68327489
287336445
650158055
318859094
573052424
507966871
785800104
585058628
236332113
2363989
873533452
45706796
408710842
92985196
796633611
306554920
197836547
163257105
671283528
848471895
159103046
153377264
513707605
921125845
732985805
77174831
57481168
889927998
780919944
284095368
924802287
672827811
533432880
136630628
772211369
162215037
227627268
610415001
252879463
669038861
15128054
940381039
634988580
629713475
97568988
896145272
141001855
52047363
640792451
641906026
827645545
223207610
90297259
939680100
445751997
247895755
837649651
95839713
48500934
454579712
162773768
589951860
48458535
750376380
118328539
272169667
454012223
970285590
863460492
689306551
454902180
381091884
620538035
195607700
377511790
87707187
380373063
306544080
515249201
178456348
535785960
839163092
109119925
889202005
870349344
284119369
983118950
361917777
405927509
242282993
235582505
751557127
773619630
58513452
147918029
507250047
22708327
306825286
602584160
863344749
19274198
277911198
352524180
729456403
780883069
635567714
776346551
27961706
801592506
405540819
400795896
26690903
284248048
354009824
250442667
717141046
919434386
152629327
797749933
573774560
913464823
431628398
391696382
815141703
962753810
700295764
381397431
146407838
521444281
941869393
846286970
370594924
212485309
867478297
263282421
454473267
666753260
497604482
327428249
403123910
904454160
457045459
891618863
618833924
301523306
429824379
584017934
666825355
567754590
910315641
295373341
644868893
788875531
778245675
601048904
81920451
192903412
673022206
58087318
620852491
758478948
588023930
886514533
664729681
899027422
921371093
812077314
198102388
656026630
115288296
975098868
729649623
731467259
547049530
109741229
201629493
646485110
763376890
561721213
750275199
223248421
762127614
422935425
287649615
763596215
56992142
973976518
361324218
771256667
438971261
740194757
363563016
37985842
145644056
437371035
293203649
538471119
297420618
685752241
992303447
297716852
681912321
614506803
141095241
180266581
576411730
786497756
682021234
201280192
665260995
205443604
96611801
993462724
217014971
362402116
260897596
178503248
463901467
654015775
117950890
687685114
381128229
364829644
712851608
301984295
153984230
832281931
435498707
739808983
941849770
863637562
916333379
638208218
592519984
981016202
24320148
897506712
718882511
886315517
600775803
853629463
960651184
904648658
790813476
890772610
706409211
982903048
597776582
608760605
831107188
993045503
207343155
817922924
567670162
140182977
942288717
441485848
73671025
860658469
503490394
576448225
110947626
686638178
103070235
400411389
608708257
194823594
390996992
345120721
194055420
935023473
317801635
561013201
320262998
367806716
58734855
673555040
24833
601843361
115593843
839454828
644335771
262587062
683768607
979171604
403467506
84611418
293532327
851120078
199851975
148530324
878203851
739326626
41305725
741461868
995809262
247435746
433852813
861715373
984913240
993537884
627742032
908162467
379192182
622586514
535483089
361341717
884901742
238003718
711687964
531556437
52857965
969392633
760527143
538260385
785869495
271591698
653682210
746642703
613152197
959767702
631003617
209709873
522501242
663237985
600471694
541881983
47186809
724730044
567373480
628911707
501776076
344456420
982590606
264719337
723410379
452399539
933374805
670386179
993504021
169314668
85818368
945741873
156690250
363101229
606656729
164470817
786018255
28409707
647196362
333146757
305169167
911610933
158215784
838171955
207032853
639338626
211070401
40724634
592175717
211487728
311047989
365321936
489588637
4857309
270524469
386351458
335613438
192952314
304354317
24760426
432564192
799273579
789685891
594300593
840975617
491686135
376328646
128616930
873455655
973412273
9989631
932826902
129030825
385958067
887126922
71093554
572281824
914598431
843576040
544905579
168703422
464107737
316864275
272929354
688236794
943574248
590297027
548165973
301663912
983128830
419795613
314040565
705900696
668140473
93747159
862184401
394100980
49500937
938709408
810548740
8248000
762595862
119410181
409620557
899417207
236164206
245887594
505591172
493503416
547523280
151600722
714963417
374242147
299530429
514521917
155599667
702817182
88814240
526184024
207360094
738862548
191326245
743619166
571134840
473195006
858468656
220988893
726772982
736817726
782371335
503264728
126821897
733414295
851040758
682514066
805891599
563973510
751129755
810626942
206695664
185418738
306126880
206928485
718724702
199837965
127489063
688896795
671329514
925602681
166277730
977068160
140233485
201660049
595815172
767909342
487767106
85401622
956859934
444635305
909620356
912135251
194782323
408122836
863860698
53967243
130119602
565255504
348883882
41546194
461602984
41006949
279681523
155748737
603201076
434025704
282649006
462019267
902063411
300058784
828454807
156531756
415642120
681295
970611344
848279218
117236260
649508267
564457674
86876735
90680323
102311378
198912622
963733226
435060076
795407810
508985545
554451297
951110144
511398681
669654728
361305528
329376914
950237906
894294222
539535688
403831919
513609540
962112948
123755462
755526083
771722927
243705949
854857279
322302098
687268960
745683989
419524011
521883549
915486586
263936591
135230473
909347145
763888969
937943169
773711598
661000828
241474391
614890548
379214774
226516926
641858071
989268773
350527219
99000064
943936642
990695587
751593368
897070162
784634332
177268444
834274789
83950157
648019489
873035658
347747565
689728683
482951484
441189957
102946042
973582662
255399262
425741531
465408083
771916068
848434498
810789102
10437197
749678587
953457445
715795784
498322178
775852534
381002074
501544143
577350031
90319027
552274197
778188683
500113264
804985042
606748773
91186324
666427733
354072746
976085890
445112554
326327157
587832498
748001405
949532336
112332080
334833727
605305816
791987994
286499422
178964096
851204118
488686645
39260468
837116179
289708094
313544360
217837630
374620327
693600764
950350688
626659493
791390125
731634932
238851408
256008354
56447286
518414464
849837314
402867186
530462414
140458677
417396106
681493149
789083028
362790031
841163738
101427268
69051761
627173172
63721530
243323518
81729583
637505281
401169840
658526331
836326284
260173539
946072771
420347833
706193263
846338772
588759424
9274017
847774056
952958065
578400390
516201352
210014155
432035044
808515674
841078518
846582
163306479
73873800
636949984
977993346
258952098
916230196
246899519
407965957
209856000
278052399
18130420
801496358
866782392
170531918
704401841
480127075
952170651
217108126
716341649
427304696
612254214
224977226
269244317
883401642
86919325
541683894
986113221
682927454
873986412
277888979
340139273
954246610
969128944
429683107
719398752
583175831
607311587
210218582
460702968
974291973
526487965
369012214
123151421
563827008
557177974
393917813
314507302
479656264
430254773
952352939
452075393
195179699
518047751
108596649
53693663
472191956
869634587
289860866
99556917
740459657
594507048
847394204
683374910
184148239
267048738
909464270
179142661
24572410
478742660
972481730
7457364
808939483
783579352
684011392
122471026
254999308
973794827
264775093
423200459
60498225
982975089
685668662
875347983
269129353
779900555
521847458
315032687
910764743
762064469
216202140
379838486
278257818
114326659
645159269
153735882
793067988
304272246
847503385
232638490
609870272
261363959
727509808
721221861
31970525
768092152
547820145
750046534
891523923
224439932
731525154
317568925
58403450
585787541
434343128
238899462
173866811
377968223
644777476
379603484
723992136
291336873
858944035
58182420
195437257
713067049
545488781
351211305
246429727
163908803
649189255
797274634
793660419
846843162
679204347
124556448
925826741
639013417
386464640
482201665
502573924
948456081
679666007
348011641
378758264
65801450
918450981
593579081
465261855
109336284
20334747
517277167
408792494
905150608
454224992
336644456
761481778
37214961
72175071
877807518
450116064
703329874
825094310
465724946
431462706
301314286
36789311
139486788
338797434
606370314
512343747
276066146
425993613
348886271
282952862
612882679
310359217
78279270
228858567
133786539
209141869
626204868
94470546
16344920
840031500
229924196
629509994
974723907
798991484
437495401
548796009
483939161
582944734
828302289
757849796
365602211
6748040
282360287
611126178
211783962
918854242
448260433
601366653
130889575
626376947
820719279
581390086
558643381
339475026
231983706
934750564
961039591
783700937
350204444
520993254
609939242
692599536
165017766
405005615
858482892
875723211
65630987
651968500
560678441
921931221
254043802
583328165
204630012
854889727
701023237
931937062
177735350
244324292
574616600
390069268
115505774
711415060
292145305
318480119
914190012
127189372
996524191
84630748
572928781
958459396
320205825
666941647
218335524
289409007
408811857
282822909
93961967
558208638
950172179
235043927
836054003
269758280
117079729
218374417
287105626
217083420
54045732
835161042
142894296
990359143
810959456
720605237
