1000
-591024632 -762636501 -991531518 700232410
195946046 -56752075
849023533 -869375665
-124251028 -526458628
-689361557 -215909394
-317834684 -587365650
-981021044 650044341
-592430823 343381336
-170466142 733282557
246125915 940181885
-944493127 490816126
574706542 97601463
-930676071 575004834
-604582034 -264154747
-82093926 -195606666
-26791248 -221109091
-642857904 -978328850
722138834 -941318019
-847704515 -549595841
-467776646 -537066071
234494765 214388670
-124431721 105990074
-283050636 283137457
-698112237 546483222
-131063634 548013678
339181459 -223040408
-108653844 -233595647
874561056 -186813562
-806074461 -877504626
549031691 111831613
-73111291 -625243205
890722522 284030805
-603572054 465377709
342712787 -451276569
915781868 874936141
11657360 2792985
-58158837 887225640
-891216941 658790527
22879449 -736812825
57790102 891815815
811200853 -750512087
-478708240 -444936639
15892267 -751630832
368249799 209817806
-629135458 -230202158
-825834228 297753251
144554637 -935111707
-565699591 540982583
382782355 777013196
-910293986 151080575
504465689 -46120273
-993610087 -701176796
-306378281 -884827028
957613732 716501168
-769123500 -132079814
460833336 -957922648
117408099 982125096
-550342934 -866699635
-916989384 817906865
195634525 -546124842
-559778941 369800297
751628410 584775696
287204943 -961554829
-21725368 -477496349
815458367 -79503001
673584226 172440408
874376726 679974139
471263612 -579485202
647663464 281393696
-862984035 878539964
-998169766 450365654
773133669 119238334
285007102 -924692913
105055052 368017718
893213952 -846794071
821892877 -814048637
523006226 426037639
770727060 -337272478
464482810 -398481956
185231173 132457529
522015043 -288668249
-842585711 248908121
-756177757 628677901
669422919 891485707
-237412050 658955238
622542024 -235581816
-38162756 248192045
883656518 -900639301
323499133 -158772077
467378417 69229437
-5566148 141787646
255180801 -630043569
-579658363 -121575787
32683953 884824447
479942257 -929568522
-130201672 -145526348
-218236771 27212617
-896618228 25585472
-491593129 625321045
-230412468 270994821
136792635 -755354092
-964586996 -901370122
492837953 771585876
-949493070 -331146562
-534669849 517885348
738082876 459764003
-487810654 -154219971
829720434 -67469016
724204242 -285079261
-330128217 56662851
-214647783 539670112
911136503 567115447
-580600919 867034628
-554782729 -72194048
344872025 214804803
-948682875 -665818988
459450711 -913269870
-714672756 -195194983
710832359 -664165826
473658455 -971321138
853719522 64257683
488442865 -781574779
910037712 170679652
150956205 486758306
885600391 820827988
-604062491 -476531039
213014452 -840409636
-909415593 632413534
-973375008 -611681969
-587264162 224013370
603122835 -535947036
558194383 -84910102
-596700553 843521627
719894915 -885868195
-968127847 46069723
-857189333 885591676
-889672595 483769885
-895983104 872881471
-493034111 107489454
212156129 -754917367
-219166206 608093639
-231448406 993848247
767684003 -288347646
478778133 646825348
99970385 891513971
-276644929 -444390428
-791916713 -865934194
470699471 -388617266
977587433 43110738
-421969108 -990540415
-910819540 -426642088
747567614 -947975781
-942872203 704100863
777422043 -583389961
-335893331 -157905476
-338307328 444940464
-697295485 430244266
291305063 -929611482
-858103381 -377400452
569730219 94383358
-633370129 -854398358
649992930 -425286841
-720332552 -26791247
186095893 -890228767
-983680509 764126786
-880769181 958016305
-809998950 719314786
862556877 -900354800
275932002 492495272
-483744760 940038671
-812893851 177947912
237495487 -510189336
-539291469 -618683098
-587284465 -544878497
3916450 982445755
549504861 370546322
-871952604 52014144
945259481 -739768802
-974777104 -16128274
-629997569 894058741
-399485136 -658250397
704591399 -209484085
-938935611 419664628
-109838885 189512744
-235323747 406416355
-17932233 -48217598
-563119380 -927920393
441593066 -102410849
-546603491 854308602
352710654 457312960
689270709 -245268132
-319624366 669834458
806746012 -521848533
930065656 684485261
462023193 -847415560
431060355 -937461943
-505665957 -11831894
-294429675 -592085215
-739650914 595731440
597427529 25025339
-145335852 -567988351
976807741 291544768
-495908744 270917160
-958349729 -42512235
-22257886 394360925
-732682923 -480470825
-998390855 -52307289
-958120015 808355157
425844178 971945642
345356771 -259616276
-875469919 -371066522
-344561866 -528619523
617101584 361008459
-120704737 877450670
-190743749 -670760856
-245007638 663920399
-238749207 -415683545
-192018481 265342049
855233615 -150368210
-924653833 -314507919
-903490932 -657336756
205021256 -901881787
290355956 246901242
906473371 -431283514
71363236 104346494
309100210 48409670
733279972 964538344
519790147 202897908
178063155 -748398238
-67135070 987319407
-419159093 687857292
503756158 342091700
-875309900 -835745970
-540049898 979923715
13885820 -464703731
-482067851 110394888
-122040487 722953405
208513102 -979168179
-177629001 -32497175
-410451692 893734235
-928150682 898648518
-205339743 657645643
715703215 -833033243
-286940097 -253717278
-581431481 645924833
-413881519 -590574
186298478 -910125361
-805982521 310988578
-893354978 -346032419
143428645 120530842
189263850 661360794
-916557917 -932776638
236830552 291955185
-911944816 -940798450
-888025638 -469880155
805452139 -963659967
-718715285 -547371252
693985676 996987930
-380404495 -740438069
-404212995 38164025
905486764 181905486
-962426550 -55698406
124296478 -915892718
-892193476 230941500
-261925137 251235170
-796011305 927338713
-234887684 -712569222
847078429 -998057133
579385963 787649966
913660772 691360325
-829713837 571629263
727700358 -548429122
-975741990 274202386
-698924839 -503630131
533764317 -103137834
534533894 291767433
-921232349 424623697
-911414620 55580483
508730980 -803608096
-860961665 -900677805
447627074 -656972970
-973339092 -934744257
-369542192 726255690
-932801390 -937639877
366422008 833375735
753720448 536708171
257521350 333937158
988279049 134295714
-539344104 -858129438
630665583 994420213
38732728 17715829
138703999 -29983267
-705144122 227289379
-974402785 803586858
423681283 -982848097
902909054 -276175290
-639821066 782086315
-210919547 -9363258
360858357 -291204584
52996866 -420203283
-605312496 -340766334
-883495113 652208854
993170825 957300289
-360979080 -693656927
-900829149 -877797145
-846720361 -9580068
139918684 291983638
960436665 434774563
-628210631 838550233
90877773 795470652
855702137 -153696821
-628188286 -931602577
-519094154 160892167
59034165 841764203
869687584 -887968970
-725922728 -883108560
-376218950 -756901488
769100294 -530531773
-947084846 -739362433
-224188700 -995397642
-617159578 -70909061
-4977710 522759107
-926409071 -192024692
-189949978 -554619702
-500958107 900927795
-906632697 -792739618
-400252673 -534820983
-724342195 80653173
626071185 334691971
-225066271 348275121
299239354 49011001
465166561 923020404
292109514 86783207
-754995017 345024668
347420774 20816284
349627026 730261197
949907223 -802834332
105536656 -976501848
5140976 915586678
-678605197 504182870
669030825 -585237894
711443252 -878705496
-120058876 987101058
201947678 -641471339
174309381 976881407
706803782 -673934913
-121591240 24486695
-898398156 -976965374
-888730099 -653393173
368059294 311207029
367423111 -429797328
-106015422 169846687
-232631659 999521234
45861192 772509317
767624264 367255995
129208539 289171441
782018102 -306831856
410465946 -485524422
-467214446 -535070024
-126995761 707094935
-705672265 -567675627
-966839979 172736495
456811068 -865238135
195771122 420597322
-666114954 -583653232
-415679297 701308157
-13450559 478305281
-276328804 753917782
330342867 769532388
378943451 -49516517
-10695264 -639331657
-907828723 -376160810
53836487 502637223
138314768 586622041
967567199 -988680994
146233328 -885588714
-703840268 31909702
287147781 752970800
19187921 -664564745
26084474 353072967
-248217976 610405178
-93102524 738331465
-58773189 630568673
344765599 -875913969
252617413 -423774598
74569514 -905561499
-63106255 166740791
-281722309 990730232
-478105634 856592459
429868625 -658022083
720427818 -571381695
-543610797 -983412451
460528008 743536985
622074702 -667767719
-921027761 -499324471
685305248 -316729384
-888919294 -555280924
-725881567 -95176130
-924712252 618884032
28909901 180421515
-952374213 -896520585
274860016 -15480468
122736559 993137708
-172233883 644630926
702246519 -889848906
986608843 275190690
-461230600 -704485601
144294592 999297408
-960948617 -381114353
-815953959 970539976
119561176 869351289
-493673055 83158235
-833413283 -219554622
987982105 -905609181
-748154237 -130591641
274812334 -700528450
-174595873 -597811298
283991082 948140686
-752157238 -888242802
445287964 950089282
-925575354 284413160
77796324 -386805954
579927559 -925392732
-534992194 471495295
-306507085 -350946153
294551623 813054091
-629078512 800878568
-251271322 -462491795
-566159701 -410772864
-368100976 -314313938
458635495 906711358
-14842388 -863444026
-838583587 -878334954
-915303341 -590740825
-914061402 382500977
-788135191 -839636756
-480569511 289661133
-226442710 -900641953
364268402 238565096
423369695 -942238684
887618943 -429562330
723331761 -888943217
-776167409 -675423209
-351435012 -342327110
-86196073 280464013
343358952 -775044226
39691723 -818967084
-638488252 201108136
-697302038 -701275239
610367312 -611363440
681225738 822232121
-451000196 -946827421
-35590393 322557094
-994953021 -818805639
-586361458 428416674
-908527970 -846226163
998854344 814803791
-735169380 -924796713
-860619418 -86604391
-267123823 -94299138
-953624026 -923764872
130656637 86067697
-890215603 492168385
-860307814 -587517640
790893146 750059498
-198881080 324635236
424807971 350118725
377807815 -758266070
-474807829 382854794
-577071709 -61169286
-336212180 -485599678
92604551 -484841483
-818279535 357435172
-409638196 -826382600
-876652867 323237982
79318263 -830276893
251989463 -937508748
255790804 361773861
554659637 395482990
774256221 198069136
-1941160 -572108507
-624779276 -724616836
778010218 753028540
-482882906 -844281258
-11600314 -59954614
94549456 652187507
454445708 -960329641
-980137624 636166173
397105531 -389775820
809783574 520452664
933462162 -258381811
690175771 37967978
-195890559 -201517072
-747741809 -788714570
-953517730 -973485589
409354566 44541111
-693077743 784575291
319924275 -915067525
390120183 837041369
-906832430 -768963779
-370396893 187717026
883223728 -915951186
227387385 903086104
572731341 -522990731
-634173363 235031267
997461933 -848194849
976649456 540154057
189773129 -366724751
-808846663 442031320
-155439321 -762364393
321062084 -893568402
282176718 627984342
891006889 -545382655
565433170 133643424
-855824933 658600740
364679645 -226221826
-301165882 100419726
-289656658 926221503
-143977818 -864408965
-744252876 221848819
370622302 -894274590
373653971 199788110
645879467 -584056548
833063359 837032804
857974773 -469859610
-925331590 31553209
-363428012 209361482
-487946097 -619904771
663978827 -922512928
513738653 808153894
588604165 -269065349
-565551579 -860045365
831354377 144791763
-933823862 -460107089
280382798 -825560385
761741731 -496478548
-719834975 -12087946
703309562 926044492
403855506 388889273
615593648 114346631
919029663 542778412
-854100160 -591881996
-395343754 -489529904
-211786767 -878848575
-559526478 -845531761
929305320 -970922314
-114597110 -783729907
-978451325 -430726381
361061856 -912275187
109166530 -506038994
-885319219 -276575387
-2517542 -605154193
711336667 -446691628
-826593349 -32291474
942197645 789000300
-917944844 713743660
184295064 -919528651
-878138337 788951310
-556542201 -237408750
910102735 -116068679
-82940511 691924407
-234474640 802462379
908194500 -212925965
-775747650 121772708
-272684799 333418880
615733714 -158004017
-943156507 -534267476
236841790 620696513
19040896 410248441
-559078609 -186245107
51765093 -624507099
-619985094 -911423491
-691519397 -645607078
877527819 -248061598
116984172 640146907
635869723 -965956340
184587666 -746088564
689022392 -54701481
40985471 913274742
-932928774 768300673
99209975 535321294
-537186992 8569821
-998946183 699654798
-518217314 -127388933
-37580409 -77295922
686365960 -985815316
298196979 -933619135
-897238807 606677582
-726709859 832805366
-788867663 390274313
325468625 847002060
276834327 -637427357
-899086505 -181626929
307871162 -5584680
-415835834 227458742
-384767655 683374141
-384703612 78045353
-455539686 -531133442
-369783497 26243000
341477625 592636094
948947078 -119640062
459337131 99660409
-200742844 414614678
-441145656 72547297
99936396 -230013319
-684662037 -722078627
-530494907 592172290
-359505984 -577065058
-736938287 948365179
417350262 -152774121
28340273 -967417394
-616883628 643636661
-36855688 -72423314
-887496782 593360815
953819687 306497197
38513261 755283117
-960626513 -649633255
-292540121 -161369357
764981423 266314223
911177941 -282565829
-963699097 -920967744
-4644456 -641677651
671204546 635849560
-218742709 934266259
436731091 -948876095
-365991509 -682412284
-916293489 17124863
961224377 -100632824
944701550 926243949
-654755657 751037589
85257498 383757605
358837058 124630985
734124350 -933703064
963261628 351622125
185127512 726955921
-930943705 73944768
805988177 -83071808
432267118 329709075
-594705896 -933959239
116491687 842025196
-882835333 750500178
-987870736 -946612469
-379858607 973353642
-47245292 -582640705
752113943 297999051
-979086764 -310112207
-465726992 379750295
814518778 -879086290
298563584 630296758
472535835 -663792551
209769032 394108483
410152217 -131726439
-836446973 -305064313
-949501011 -431152868
-239023551 166990676
-736611320 -121858884
-229992794 -724482056
-68471353 390148599
-898612062 884283355
807507895 853501881
34798759 828421131
-604093974 569071767
60687778 -937058844
689985478 -788232285
693237915 15037665
-452024836 -244476701
-738337499 958127381
623796860 -574784472
-494420579 674295849
-5937340 266555870
-306197123 257451340
-855303015 463810083
532969285 -71258015
-293524965 634357223
-334458307 -633500718
340375457 700340452
-952563235 736281483
121928571 108124544
799222640 -335569599
319892259 344976907
679468067 867867423
-899499795 941130568
678511156 576813418
-781137552 -963393071
103625620 212925109
303162799 797428497
-677107199 300376137
113754933 855862086
-918365525 820229968
342735662 -252823832
-960754398 -464372529
-699967028 -913317633
-875574694 421961543
194806911 923647946
-913608056 -632784478
121141205 618376364
-912400703 74157763
412023284 766110454
-496512466 630885732
802717383 607113154
-303672807 -41603465
257058003 19219995
-888710976 -776670712
-272401567 -807076501
-956440745 -929665906
-59900333 -917195143
-541522082 240132639
-977996422 -417096775
-485389465 216810489
-640932477 -546481168
584026012 480208729
-928104805 671625309
-593117156 336434832
290252115 -89629622
-180163084 -54514149
-630000116 516164110
903882386 627057888
-612099543 -984828591
850387176 115498890
-939388738 746462785
38349338 710929
681783995 496827256
-906640079 703787573
-920269520 -392029544
-226885585 -708685643
61489288 -790343221
771523086 -14099164
881282088 -969077718
-825147980 24050556
-58707339 -5311064
969536407 311292545
-636630602 725935145
-209133215 -248730145
593622907 -506229686
866768746 654234169
-907250549 -242365564
-492538549 774533446
-893021956 -399178628
330837372 -960775122
208791828 -896048214
-669460765 -877202532
-833875082 -897937680
108698304 -952592995
-867015398 283550324
-76026086 -73206384
-869244388 -253973327
-909397486 -505874989
-675521830 -118530701
245394866 918101078
375239613 -35320036
424851599 467989064
722314400 932313050
95038863 829292445
-614349226 -721607413
868517323 594442602
-765139274 -948427090
717240070 -599014356
-993848417 -321545274
-699090998 -860863815
962005050 224882917
-81553845 -907239338
970909590 9048669
-560597974 -852095887
890517968 684796892
-933994810 118273934
-498006791 343373142
-561220650 -923176039
128202545 533818213
906116406 513853319
812210800 627150081
-39187726 -952928475
678722991 -469431304
-699426478 684874574
209023423 -398517475
676527113 23544825
826365442 -552510380
-31178160 649791384
456538289 408223866
797695497 199572609
-54462889 716217040
-829637105 447530320
-87893465 -390857754
524354281 -959690921
-857039542 282987040
406678751 807687612
-237346527 -779992623
707275490 -706107183
-249423926 -992150988
978767391 959599497
-538152110 507810856
-164339326 -859270316
955300476 804482515
790521068 264355117
65222733 440732918
-683555921 -989240157
9466310 -513193026
310806516 921572845
95949220 -312322850
814398277 91426032
970664190 73593381
-248370004 -414165985
293600758 -688578162
-120273168 -955823169
-828212797 -288989424
856292681 -366364907
-928662216 -455530292
-225635223 -973361740
-798531425 -582597802
143509730 266691308
858135116 459953809
129967505 -279882222
946760784 -706709627
-505793024 -104773644
-19032477 -838878395
986652388 -195851935
234714986 -409201264
389982081 -619167903
-97779425 -877774735
-722474719 74007778
-166764159 -866182038
707642872 -95426374
-469195977 -665475999
-216271761 -267727402
-248073801 927237969
998963906 -537422333
239708131 -18552237
182695446 38985267
274738137 676902422
934211623 -891777988
838024027 773380364
-87629922 -74744634
-783304548 -845131489
306087463 118916027
-722906224 583612744
-954559842 110329618
569947059 753083030
-985096757 -899248919
-912392970 -348852165
-314459968 -307950417
-569097844 -462979709
154627250 670610287
518468054 -810160952
-437888094 -354277457
866741470 -651160118
-246055444 557281850
-877779755 666314634
-664946432 -808567950
821183145 641141031
310348078 -901723080
77270127 355788236
61122891 -500266461
-38612382 -71457513
-546999027 -98488999
579690322 138541006
593560584 -989407522
675561297 -399295813
533719118 46545703
-209456765 -904168976
692268247 -490198942
-702812741 -701270845
-932917093 -728076143
965043789 -745347172
-536644093 638743286
895793859 773703985
589536559 -174419662
-17991427 -496824197
325313877 943396191
431718290 778314851
-302576455 -136075035
-230627791 -856499519
-272966204 -702550142
-255795332 -886730734
343995561 534747904
-938383357 -111219840
-955451039 -641196098
187509315 964148222
-369272241 5069456
-928682598 94083667
-503670906 967111261
-279695996 -914134347
-354792049 702312578
-558442191 970521829
498225121 873276099
601353032 -951834982
-410282584 -776758407
-808334500 316751212
-479308549 -64129832
430020479 864687012
-676865576 491637122
-394016475 -779800262
850441025 793492840
-963135688 -666314864
-348921351 -891818286
427768803 147407743
-924707026 -999410840
85789749 -426982721
702901738 527347558
-603944540 53643211
253140010 997408492
101808230 842857426
-926833563 293473730
12124991 -406142112
-918139750 -705338178
-688938748 -595005325
786298944 -82955223
-374805587 489256321
-436946030 -337941274
822941458 214132619
-229759560 103226613
-785943286 -301950232
103815773 299846464
271067047 -340766137
-320289626 667122507
712877075 932850384
517047351 -332798343
628224163 590213788
960675387 -507134494
-963411972 -957464364
-212472672 -652350720
-699953336 -573657376
264694058 -74758922
915598946 827748028
587299804 591056756
-105603001 -789943404
-453200279 108453713
-91893636 650615495
-739183471 -968310237
-837634290 -59473096
698812270 875242785
-274106360 68375973
-605039206 -793365845
-488893887 -791847467
-300500339 -452305859
-896795477 487026989
-104656578 -596748813
913369614 -987446168
328492265 681484912
840301860 -231691579
125058020 -412784789
-21634982 671857741
695668924 886471382
174989588 956485454
918161146 337355299
-250471290 469489768
65114436 475422350
-609617906 460075231
682056506 -98511793
668227764 -765927481
449182349 771432287
721099509 -802957877
-972800173 486985475
-790404045 355692092
20986739 -950102186
-875999487 -853955242
-510370622 -45118116
670418852 -962185346
-306130382 -302075207
994300108 -535452884
-964719909 -403654830
934036885 -47089120
-928232480 -823064669
-734497537 606340379
78423538 933730228
840412898 -619877761
557678867 414028759
-422835638 584878694
-246469414 -213239683
-206912861 774517325
-310825516 -230395995
773078436 178803862
724485889 296013641
216618517 -729128141
993938434 63434977
-264581024 881734878
659780148 -478027787
-312837890 584064021
-301092456 -47335426
42920752 777331082
-261088846 -264149998
-990030326 -850893627
-997604886 -412865964
733985068 -244074300
373894354 -620411441
-617040622 -936931163
149192564 -991445834
94389053 -273805195
304567807 -836476078
-2933336 151022593
226958899 732485640
-114726177 -260744601
-893025795 572435934
-824164228 -194118251
-622383140 218756524
-564270816 116528014
954606527 -554301142
265634387 957001641
32832894 -147864193
-434556307 -740756400
231724366 -51596929
-825171209 -766566718
-43042762 269217844
1 1 1 1 2 3 3 3 2 1 1 2 2 5 5 4 7 1 6 7 9 8 11 12 1 11 3 6 5 14 11 11 11 9 3 14 8 15 15 1 13 9 5 5 12 21 8 12 17 21 6 7 10 19 4 14 4 15 8 8 21 19 26 1 15 13 1 26 5 30 9 33 3 10 5 24 29 38 22 27 2 20 25 11 8 24 35 39 1 25 13 31 36 35 37 32 14 40 26 24 45 32 30 22 28 1 11 12 27 44 29 48 35 18 6 6 11 41 1 11 38 45 11 19 48 5 34 31 24 42 6 18 25 36 39 4 38 2 16 14 47 46 11 31 15 18 37 25 8 39 35 45 33 47 15 30 1 50 13 26 41 20 46 17 7 34 21 46 37 38 11 36 33 23 16 49 40 4 23 48 42 9 44 24 5 9 6 7 8 20 33 1 39 28 17 48 13 39 43 2 26 4 37 10 26 4 8 16 10 32 15 3 40 8 29 46 18 34 5 28 5 37 30 43 16 46 40 30 37 35 33 12 38 21 24 13 27 33 30 36 15 44 40 6 4 18 4 21 1 8 50 5 46 29 50 13 27 41 42 13 25 25 26 14 47 49 27 23 32 8 10 48 4 50 5 7 17 8 29 20 15 29 26 12 9 25 24 35 18 18 49 44 44 27 8 40 27 36 13 8 43 22 7 46 23 12 2 40 19 33 9 36 13 34 47 21 11 23 8 28 40 8 23 33 34 30 24 11 15 38 20 8 12 29 3 34 40 7 23 10 41 31 45 3 17 44 25 27 16 34 6 7 42 28 41 27 8 14 39 24 2 9 31 13 37 36 46 28 44 21 37 34 3 34 38 19 27 12 47 44 48 4 2 41 34 42 17 41 7 6 16 10 16 47 24 4 34 22 31 27 42 17 10 44 2 47 15 28 10 11 23 7 17 24 47 50 17 16 42 26 21 7 35 38 3 9 41 38 32 21 14 23 39 25 18 43 21 32 20 33 45 45 39 13 20 38 12 39 3 3 14 25 9 48 12 14 8 4 1 39 24 15 13 14 39 33 6 12 16 28 46 10 24 36 22 45 23 35 33 27 37 46 1 48 46 14 11 5 17 13 44 42 29 8 8 20 40 15 31 6 42 28 17 17 13 41 12 36 25 44 14 14 42 17 11 39 30 21 43 49 35 38 40 14 46 49 33 37 14 15 42 7 42 11 24 4 1 37 41 27 32 5 40 25 21 50 13 2 22 6 50 7 45 42 20 40 40 4 29 5 18 20 12 11 32 37 16 32 23 7 9 6 13 48 31 33 50 43 34 21 50 36 27 45 29 48 36 18 1 14 25 20 36 36 30 17 24 46 1 48 4 11 3 16 8 33 50 9 28 35 30 29 20 6 23 48 6 11 18 6 26 42 28 11 29 7 30 2 4 32 49 9 42 3 26 1 38 25 10 15 10 39 43 31 46 18 31 1 28 50 9 3 43 36 16 21 44 47 24 48 28 22 8 19 26 34 19 13 8 28 27 19 16 22 50 14 41 32 14 18 31 22 22 23 7 39 45 1 35 18 50 14 41 9 32 16 42 1 29 2 30 7 20 48 28 21 11 18 2 24 37 32 48 11 6 6 1 50 8 38 17 9 1 9 18 33 25 11 35 3 12 16 11 34 13 41 4 23 10 8 49 49 41 48 9 47 5 11 48 13 48 15 23 1 23 40 33 49 3 19 3 16 34 14 49 49 4 3 21 13 12 21 11 2 20 21 48 25 32 46 39 31 12 11 31 36 3 15 35 5 35 39 20 19 2 19 19 7 23 41 22 34 12 32 37 31 5 35 7 38 32 45 18 45 6 1 30 8 15 16 14 2 5 33 20 8 3 40 17 27 30 38 12 41 21 49 24 25 35 30 12 18 27 32 12 32 34 41 41 50 9 4 1 15 38 22 22 43 11 40 21 41 27 33 33 48 33 6 24 19 38 38 36 14 21 47 47 4 39 39 3 47 44 6 11 33 27 35 25 38 24 48 30 1 32 12 50 14 20 23 32 9 10 19 24 30 15 20 35 3 10 40 50 3 45 12 35 21 46 12 10 22 9 39 24 40 3 23 5 22 47 38 30 7 6 3 38 20 24 25 24 33 14 25 35 8 37 21 28 34 32 40 5 40 30 28 31 32 2 35 3 49 22 34 7 27 38 46 48 11 20 22 45 33 46 31 40 32 2 20 18 33 9 22 25 38 2 5 22 5 40 26 3 13 10 11 40 49 7 39 
