0
0
0
0
0
0
0
0
0
0
8475
0
0
0
0
0
10199
0
0
0
78725
75697
0
34700
0
0
0
0
0
0
0
0
0
0
0
0
0
0
0
89839
0
0
0
0
0
0
0
0
0
0
0
0
0
0
0
0
0
0
0
0
0
0
0
0
0
0
0
0
0
0
0
0
0
0
0
0
0
21858
0
0
0
0
0
0
0
0
0
0
0
0
0
0
0
0
0
0
0
0
0
0
72822
0
0
0
0
0
0
0
0
0
0
0
0
96751
43642
0
0
0
0
0
0
61545
0
0
0
0
0
0
0
0
0
46326
39807
5981
0
72741
0
0
0
0
0
0
0
0
0
0
0
0
0
0
52988
0
0
0
0
0
0
0
0
0
95581
30976
0
0
15277
2811
0
0
0
0
0
0
0
0
0
0
0
0
14815
0
0
0
0
0
26606
0
0
0
0
26556
0
67021
0
0
0
0
0
0
77520
0
0
0
0
0
0
0
0
0
0
0
0
0
0
0
0
73246
0
0
0
93507
0
90074
0
0
0
0
0
0
0
0
0
0
0
0
0
0
81951
0
0
0
0
0
0
0
0
0
0
0
0
0
0
0
0
0
0
0
77194
0
0
0
0
0
56610
0
0
96912
0
0
0
0
0
0
0
0
0
0
0
0
0
90421
0
0
0
0
0
73043
0
0
84570
0
0
0
0
0
0
0
81268
0
0
0
0
0
81108
0
0
0
0
0
0
0
0
0
91307
0
0
0
0
0
69004
0
0
0
0
58409
0
0
0
26930
0
95966
0
0
883
0
0
0
0
0
0
0
0
0
0
0
46035
0
0
0
3185
0
0
0
3690
0
0
17565
0
0
0
0
0
0
0
0
0
0
0
0
97900
0
0
0
0
33751
0
0
0
0
11215
0
0
0
0
0
0
0
0
0
0
0
0
0
0
0
0
0
0
0
0
0
0
0
0
0
0
0
0
0
0
0
0
41618
55054
36800
50029
0
0
78749
0
0
96615
0
0
0
0
0
60880
0
0
0
0
0
0
0
0
0
0
38722
0
0
18760
0
0
0
0
0
0
0
97263
0
0
0
0
0
0
0
0
0
0
0
0
0
0
0
0
0
0
0
0
0
63471
0
0
0
0
0
0
20785
0
0
0
0
0
0
0
0
0
0
0
0
50625
49696
0
0
0
0
0
78096
0
0
0
0
0
0
0
0
0
58490
0
0
0
0
0
0
0
0
0
0
36013
0
0
0
0
0
0
0
0
0
0
0
76983
0
0
0
0
23937
0
0
0
0
0
0
0
0
0
0
0
44059
0
0
0
0
0
0
0
0
0
0
0
0
0
0
0
0
0
0
0
0
0
0
0
0
0
21474
0
0
0
24441
85071
0
0
0
0
63828
0
0
0
87516
0
0
63539
0
0
98105
0
0
0
12358
0
0
0
0
0
0
0
0
97824
0
0
0
0
0
0
34881
0
0
0
0
0
0
0
34464
99238
0
0
0
0
0
0
0
0
0
0
0
0
0
0
0
0
0
0
0
0
0
0
91116
25706
0
0
0
0
0
12763
0
35097
0
0
0
0
0
0
0
5513
87474
0
0
0
45664
0
0
0
0
0
0
0
0
0
0
0
0
0
0
0
0
0
22373
94843
0
0
0
0
38565
0
0
0
0
0
0
0
0
0
0
14046
0
0
0
0
0
0
0
0
0
0
0
0
0
0
0
0
0
11430
0
0
0
0
0
0
0
0
0
0
0
0
0
0
0
23876
0
0
0
0
0
0
0
0
76200
37956
0
0
0
0
0
0
0
70201
0
0
0
0
0
0
99795
0
0
0
0
0
0
0
0
0
0
0
17022
0
0
0
0
0
0
75435
0
0
0
0
0
0
0
0
0
0
0
0
0
52871
0
0
0
0
11630
0
0
0
0
0
0
0
0
0
0
0
0
0
0
0
79992
0
0
0
34008
0
17458
0
0
0
0
0
0
10759
0
0
0
0
40224
0
0
0
0
0
0
0
0
0
0
0
0
0
0
32910
0
0
0
0
0
50728
0
0
0
0
0
0
0
0
0
0
0
0
0
0
0
0
0
0
0
99222
0
0
0
34745
0
0
0
0
0
0
0
0
0
0
0
0
0
0
0
59539
0
0
0
0
0
0
0
0
19650
0
0
0
0
0
0
6948
45434
0
0
25106
0
24001
37529
83812
0
0
0
0
0
0
0
0
0
0
0
0
0
0
0
0
0
0
81369
0
0
0
0
0
0
0
0
0
0
0
60572
0
0
0
0
0
0
0
0
0
0
0
0
0
0
0
0
0
0
0
7211
0
0
0
41501
0
0
0
0
0
0
0
0
0
0
0
0
0
0
0
0
0
0
0
0
0
0
0
49298
72412
0
0
0
0
32038
0
0
0
0
0
0
0
0
0
0
0
0
0
0
83932
0
0
0
0
0
0
0
95197
0
0
0
12943
0
0
0
0
0
0
0
83123
0
47006
0
0
0
0
0
86389
62402
0
0
0
0
0
0
0
0
0
0
0
0
0
0
16250
0
0
0
0
0
0
25663
0
0
0
0
0
0
0
0
0
0
0
0
95276
0
0
0
81350
0
0
0
0
0
0
0
0
35825
0
0
0
61538
0
0
0
0
0
0
0
0
0
0
0
0
0
0
0
56617
0
58770
0
0
9685
0
0
0
0
0
0
0
0
0
69247
0
0
0
0
0
0
0
14232
0
9333
11587
0
0
0
0
0
0
0
0
0
0
75776
71425
0
0
0
0
0
0
0
0
0
0
60315
0
0
0
0
0
0
0
0
0
0
0
0
18072
0
0
0
0
0
0
0
0
0
0
0
19649
0
0
0
0
5739
0
0
0
0
0
0
0
0
0
0
0
95627
0
0
0
0
0
0
0
0
0
0
0
0
0
0
0
0
0
0
0
0
72934
0
0
95640
19367
0
0
0
45764
0
0
0
0
24358
0
0
17213
0
0
0
0
0
77200
0
0
0
0
0
0
0
86938
0
0
0
0
0
0
0
0
0
0
0
0
0
0
0
0
0
0
0
0
0
0
0
0
0
0
0
0
0
0
0
0
0
0
0
0
35357
0
0
0
0
0
0
0
0
0
0
88763
0
0
0
0
0
0
22054
0
0
0
0
0
0
0
0
0
3642
0
0
0
0
0
0
14663
0
88601
0
0
0
0
0
0
0
0
0
0
48008
98044
0
0
0
0
0
0
0
0
0
0
0
0
0
0
0
0
0
0
0
0
0
0
0
53181
0
0
0
0
0
0
0
0
0
0
0
0
0
0
0
0
0
0
0
0
0
0
0
0
0
0
0
0
0
9559
51428
0
0
0
7871
0
0
0
0
0
0
55401
0
0
0
0
0
0
0
0
0
0
0
0
0
0
0
0
0
0
0
0
0
0
0
0
72156
0
0
0
0
0
0
0
0
0
0
0
48447
0
95389
0
0
0
53103
74496
68773
77224
0
0
0
0
24633
0
0
0
52598
0
0
0
0
0
0
0
0
0
0
0
0
0
0
0
0
0
0
0
0
0
0
0
49097
0
0
0
0
0
0
0
0
0
0
0
0
87487
0
0
0
0
0
0
0
0
0
0
0
0
0
0
0
0
0
23907
0
52410
0
0
0
0
0
0
0
0
0
0
0
0
0
0
58546
0
0
0
0
0
0
0
0
0
0
0
0
0
0
0
0
0
0
2366
35576
0
0
0
0
35463
0
97169
3946
78120
0
0
0
0
0
0
0
0
0
0
0
0
0
0
0
0
0
0
0
0
0
0
74525
0
0
0
0
0
0
0
0
0
0
0
514
23664
0
0
0
0
0
0
52165
0
0
0
0
0
0
0
9614
0
0
0
0
0
0
78858
0
0
0
0
0
0
0
71563
0
96737
0
0
0
0
0
0
0
0
0
0
0
0
0
0
0
0
0
0
0
0
0
0
0
0
0
0
0
0
0
0
0
0
0
0
0
0
0
79469
0
32713
0
0
0
0
0
0
0
0
0
0
0
0
0
0
0
0
0
0
0
0
0
0
0
68823
0
0
0
1453
60213
0
0
0
0
0
61587
0
0
0
0
0
0
0
0
0
0
0
0
0
0
0
0
12345
0
0
0
30076
0
0
0
89164
0
0
0
56906
0
0
0
0
0
0
0
0
19627
0
0
0
0
0
0
0
0
25403
39170
0
0
23607
0
0
0
0
0
0
0
86986
0
0
0
0
54618
0
0
0
0
0
0
0
0
0
0
0
0
82826
0
0
0
86515
0
0
0
31247
0
0
52525
0
0
0
0
0
0
0
0
0
1100
0
0
0
0
0
0
0
0
0
0
82087
0
0
0
0
0
0
0
0
0
73421
0
0
0
0
29103
0
18021
0
74255
0
0
0
0
54656
56767
0
0
0
0
0
0
6924
0
0
0
0
0
0
0
0
0
0
96848
0
63683
0
0
0
0
0
0
0
0
0
91011
0
0
0
0
0
0
0
0
0
0
0
0
0
0
0
0
0
0
0
0
0
0
0
0
0
0
0
0
0
0
0
26129
0
0
0
83871
12847
0
74438
0
0
0
0
0
0
0
0
0
0
87972
0
0
0
0
0
0
0
0
0
0
0
98873
0
0
0
0
52180
19064
36949
0
0
0
0
0
70674
0
44970
0
0
34674
0
0
0
0
0
81162
0
0
0
0
0
0
0
0
0
0
0
0
0
0
0
0
0
0
0
0
94171
0
0
0
8083
0
0
0
0
0
0
0
77228
0
0
0
0
0
0
0
0
0
0
0
0
0
0
0
0
0
0
0
22524
0
0
0
0
71654
76779
84699
20540
0
0
0
0
0
0
27040
0
0
0
5117
14987
0
0
40696
0
0
0
0
0
0
3930
0
0
0
0
0
0
0
0
0
0
0
83052
85100
0
0
0
0
0
0
0
0
0
0
0
0
0
0
0
0
0
0
0
0
70384
0
97368
0
52731
0
56377
0
0
0
0
0
0
0
0
0
0
0
0
0
0
0
0
0
46426
0
0
0
0
0
0
0
0
0
0
0
0
0
0
0
0
0
0
0
0
0
0
0
0
0
73709
0
0
0
24759
0
0
0
87865
919
0
0
0
0
0
0
0
0
0
0
52718
0
0
0
0
0
0
12283
0
0
0
0
0
0
0
0
0
0
0
0
0
0
0
0
0
0
0
0
0
0
0
0
0
0
0
0
0
0
0
0
0
0
0
0
96605
0
0
0
0
0
97176
0
0
0
40740
0
0
0
0
0
0
0
0
0
0
0
0
0
0
0
0
0
0
48277
0
0
0
0
0
0
0
0
0
69023
0
0
0
0
0
0
51465
0
0
0
13530
0
0
0
0
0
0
0
0
0
11519
0
0
0
0
0
0
0
0
0
0
0
0
0
0
0
0
0
0
0
2978
0
0
0
0
0
0
0
0
0
0
0
0
0
0
0
0
0
0
0
0
0
54679
0
0
0
0
0
0
6078
0
0
0
0
0
0
0
0
0
0
0
0
0
0
0
0
0
0
0
0
54520
0
0
0
0
53238
0
0
26548
94500
0
0
0
0
0
0
0
0
0
0
0
0
0
0
28734
32633
0
0
0
0
53602
0
0
0
0
0
0
58780
0
0
0
0
0
0
0
0
0
0
0
12151
0
0
0
0
0
0
0
0
0
0
0
0
0
0
0
0
0
0
0
0
38440
0
0
0
0
0
0
0
0
0
0
0
0
0
19537
11047
0
0
5886
0
0
0
0
0
0
0
0
0
0
0
41455
0
0
0
0
0
0
0
0
0
0
0
0
0
0
0
0
0
0
87156
0
0
70865
0
0
0
0
7880
0
0
0
0
61291
80486
63103
0
0
0
0
0
19624
0
42930
6807
0
0
0
0
0
0
0
0
0
0
0
0
0
0
0
0
0
0
0
0
0
0
0
0
0
0
0
0
0
3577
0
0
0
0
0
0
0
0
0
42888
0
0
0
0
0
0
0
0
35692
0
15448
452
0
0
0
55142
0
0
0
0
0
0
0
0
0
63443
0
0
0
0
0
0
0
0
0
0
75911
0
0
0
0
0
0
0
0
0
0
0
0
0
0
0
0
0
0
0
0
0
0
0
0
0
0
0
0
0
0
0
0
6458
0
0
0
0
0
54386
0
0
0
0
0
0
0
0
0
0
0
0
0
79526
0
0
0
0
0
0
0
36375
0
0
0
13632
0
0
0
0
11439
0
0
0
0
0
0
0
0
0
69206
0
0
0
77352
0
436
0
0
0
0
99779
0
0
0
39110
0
0
0
0
0
0
0
0
0
0
0
31372
19855
0
0
0
0
0
69287
0
0
0
0
0
0
0
0
0
0
0
0
0
0
0
0
0
98855
0
0
0
0
0
0
0
0
0
0
0
4678
12535
0
0
0
0
0
0
0
0
0
0
0
0
0
0
0
0
0
0
0
0
0
0
0
0
0
0
0
0
0
0
0
70425
0
11043
0
0
0
0
0
20063
0
0
0
0
0
0
61120
0
0
0
0
0
30275
91642
0
0
0
0
82775
0
8370
0
0
0
0
0
0
0
51684
0
0
0
0
0
0
0
69213
0
0
0
0
0
0
85789
0
0
17929
0
0
0
0
0
0
0
0
69741
0
0
0
44275
0
0
87279
0
0
0
0
0
0
0
0
0
0
62215
0
0
19660
0
0
44832
0
0
0
27757
0
0
61731
0
7203
44118
29779
0
11956
0
62727
0
0
0
0
0
0
0
2655
0
0
0
86621
3670
0
0
60708
0
0
0
0
0
0
0
0
0
0
0
0
0
0
0
0
0
0
0
0
0
56893
0
0
74781
0
0
0
67968
0
0
0
0
0
0
0
0
0
0
0
0
0
0
0
0
0
0
0
0
0
0
0
0
0
0
0
0
0
0
0
0
0
0
0
0
0
0
0
0
0
0
0
0
0
0
0
0
0
0
0
0
62432
0
0
0
0
0
0
0
0
0
0
0
0
0
0
0
0
0
0
0
0
0
0
0
0
59289
0
0
0
0
62844
0
2065
0
0
0
0
0
0
53358
0
0
0
0
0
0
0
0
61855
0
0
55966
0
0
69236
0
0
0
0
0
0
0
0
0
0
29808
0
0
0
0
0
0
0
0
0
0
0
0
0
0
0
0
0
39467
0
0
0
0
8984
66742
0
0
0
0
0
0
81238
0
0
0
91902
0
0
0
39051
0
0
0
0
0
0
0
14076
0
0
75081
35294
0
0
0
0
0
0
0
0
0
0
0
0
51578
0
0
0
0
0
0
31355
0
0
24076
0
0
0
0
0
0
0
0
16992
0
0
0
0
0
71337
0
0
0
0
0
0
0
0
57043
53707
0
0
0
0
0
0
0
0
0
0
0
0
0
0
0
0
0
0
0
0
0
0
0
0
0
0
0
0
0
0
0
0
50899
0
23041
0
0
0
54259
0
0
0
0
0
0
81995
0
0
0
0
0
0
22097
0
0
0
0
0
0
0
9670
81913
11389
0
0
0
58345
0
0
30750
0
0
0
0
0
0
0
0
0
0
0
0
0
0
0
0
0
0
0
0
0
0
99655
0
0
0
0
0
0
0
0
0
0
0
0
0
0
0
0
34619
0
0
76327
0
0
0
0
0
0
0
41453
0
0
0
0
0
0
0
0
0
38657
0
0
0
0
32582
0
0
0
0
0
56662
0
0
0
0
84743
0
0
36191
66116
0
0
0
0
0
0
0
0
0
0
0
9283
0
0
0
0
0
0
0
0
0
0
0
0
0
0
38227
0
0
0
0
0
0
0
0
17592
0
0
11090
0
0
0
0
0
0
0
0
0
43016
0
0
66191
0
0
0
0
0
0
23122
0
0
0
0
0
0
0
0
64398
92449
0
94323
0
0
0
0
26532
0
0
0
0
0
0
0
0
0
0
0
0
0
0
0
19031
80800
0
0
0
23879
0
0
23151
0
0
0
0
0
0
0
0
0
0
0
28321
0
0
0
0
0
0
0
0
0
0
0
0
0
0
0
0
0
0
0
0
0
0
0
0
0
0
0
0
0
0
0
0
0
0
0
0
0
0
0
0
0
0
0
0
0
0
0
0
0
0
9519
0
0
0
0
0
0
0
0
0
5949
0
0
10486
0
46192
0
0
0
0
0
0
0
0
0
1234
0
0
0
0
0
0
0
0
0
0
0
0
85287
0
0
0
0
0
0
0
0
0
0
0
0
0
0
0
0
50684
0
0
0
0
0
20818
0
0
0
0
70841
0
0
0
0
0
0
75359
91126
0
0
0
45741
0
27042
0
0
0
68383
0
0
0
0
0
80075
0
80035
39190
0
0
0
0
0
0
0
0
67492
0
0
0
52387
0
43683
30363
0
0
0
0
0
0
0
0
0
0
0
0
0
0
0
30612
0
0
0
0
0
0
0
0
0
0
0
0
0
0
0
0
43662
0
0
0
0
0
0
0
0
0
0
0
97271
0
6207
0
0
0
0
30489
0
0
0
0
0
0
0
0
0
0
0
0
0
87446
0
0
24645
0
0
0
41015
0
47296
0
0
79226
0
0
0
0
24369
0
0
0
0
0
0
0
0
0
0
0
77756
0
0
0
37957
0
0
0
0
97514
0
0
0
31066
0
0
0
0
0
0
0
0
0
0
0
0
0
0
0
0
0
0
0
0
0
0
0
0
0
0
0
0
67456
0
0
95950
0
0
0
5417
77774
75701
0
0
0
0
0
0
0
66161
0
0
28012
0
0
0
0
0
0
0
0
0
0
82238
0
41265
0
0
0
0
0
0
0
0
0
0
0
0
0
0
0
0
0
0
0
0
0
0
0
0
56694
0
0
0
0
0
0
0
0
0
0
0
0
0
0
0
0
0
0
0
36556
0
0
65676
0
0
0
0
0
0
68675
0
0
8172
0
0
19837
0
0
0
0
0
0
0
0
0
0
0
0
0
52329
0
0
0
0
0
0
0
0
0
0
23413
0
0
0
71227
0
0
0
0
0
0
0
0
0
0
0
0
0
50601
0
0
0
0
0
0
0
0
0
0
0
0
0
0
0
0
0
0
85510
354
0
48632
63224
0
0
0
0
0
0
0
0
0
73345
0
0
0
0
0
0
0
0
0
37364
0
0
0
0
80447
0
0
0
0
0
0
97706
0
0
0
0
0
0
0
0
65670
0
0
0
0
0
12292
0
0
0
0
0
0
0
40194
0
0
54899
0
0
0
0
0
0
0
0
0
0
0
10412
0
0
0
0
0
0
0
0
30611
0
0
0
0
0
0
16759
0
32766
0
0
0
0
28721
0
0
0
0
0
0
0
0
81520
0
0
0
0
0
0
24755
0
0
0
0
0
0
0
0
0
0
29866
0
0
0
0
0
0
0
537
89147
0
0
0
0
36786
0
0
0
0
0
0
0
0
0
0
10775
0
0
0
0
83321
81150
0
0
0
0
0
2648
58168
0
0
2656
0
0
0
0
0
0
0
0
0
0
0
0
0
0
0
0
0
0
0
0
0
0
0
0
0
0
0
0
0
0
0
0
0
0
0
0
0
0
0
0
0
0
0
0
0
0
0
0
375
0
0
0
0
0
20962
0
0
0
0
5653
0
0
0
0
0
84086
0
0
0
0
0
0
0
0
0
0
0
0
0
51421
0
11889
0
0
0
0
0
0
0
0
0
0
0
0
0
0
0
0
0
0
0
0
0
0
0
0
31233
0
0
0
0
68584
0
0
0
0
0
0
0
0
0
0
0
0
0
0
0
0
0
0
0
0
0
0
0
0
0
0
12892
0
0
0
61240
0
0
65292
0
0
0
0
0
0
0
0
0
0
0
76608
60688
0
0
0
0
0
0
0
0
0
0
0
0
0
0
0
0
0
95862
0
0
0
0
0
0
6040
0
0
0
0
54005
0
0
0
0
0
0
0
0
0
0
0
0
0
30652
32251
0
0
0
0
0
0
0
18640
0
0
18536
0
0
0
0
0
0
0
64400
0
0
0
0
9936
0
0
0
72443
0
0
0
0
0
0
0
0
0
471
0
0
16644
0
0
0
0
0
0
0
0
0
0
0
0
0
0
0
0
0
0
0
0
0
0
0
0
0
0
0
0
0
0
0
0
0
0
0
44633
0
0
0
0
0
17017
0
0
78831
0
81080
0
42020
0
0
0
0
0
0
0
60037
0
0
0
0
0
0
0
0
0
0
0
65225
0
0
0
0
0
0
0
0
0
0
0
5356
0
96094
0
0
0
0
0
0
0
9079
0
0
0
98565
0
0
0
0
0
0
0
0
0
0
0
0
0
0
0
0
0
0
0
0
0
0
0
0
0
0
0
0
60759
0
28959
0
0
0
0
0
0
5512
8709
0
0
0
87211
0
0
0
0
0
0
0
0
0
0
0
0
0
0
0
0
0
0
0
0
60528
0
14821
0
0
0
0
0
70225
0
0
0
84592
0
0
33540
0
0
72299
0
0
0
0
55406
0
0
0
0
0
0
0
0
0
0
0
0
0
0
0
0
0
0
3819
0
0
0
0
0
0
0
0
0
0
0
0
0
0
0
0
0
0
0
0
0
0
0
0
0
0
43603
0
69566
0
0
24549
0
0
0
16931
0
0
0
0
0
0
0
0
0
0
0
0
0
10335
0
0
0
0
69999
10133
0
53901
0
0
0
0
0
0
0
0
65989
0
0
58766
0
0
4479
77287
0
0
0
58704
0
0
0
0
0
0
0
0
0
0
15132
0
0
0
0
0
0
0
0
0
77518
0
0
0
0
0
0
0
0
0
0
0
0
0
0
0
0
0
0
0
0
0
0
0
0
0
0
0
0
0
0
0
0
0
0
0
0
0
0
0
0
0
0
0
0
0
68764
0
0
0
0
0
0
0
0
0
0
0
0
0
0
0
0
0
0
0
0
0
0
0
0
0
0
0
21850
0
0
0
0
0
91635
72477
0
0
0
0
14391
0
70216
0
0
0
0
0
26955
0
61974
0
0
0
0
0
0
0
0
0
3760
0
0
0
0
0
0
0
0
17639
0
0
0
0
0
0
0
0
0
0
0
0
0
0
80288
0
0
0
74122
0
97238
0
0
0
0
0
0
60416
90998
0
0
6069
0
0
0
0
0
0
0
0
0
0
0
0
79231
0
0
0
0
0
0
92095
0
0
0
0
0
0
0
0
0
0
0
0
0
0
0
0
18204
0
0
0
0
0
0
33777
0
0
0
0
0
0
0
0
0
0
0
0
0
0
0
0
50088
0
0
0
0
0
0
0
0
0
0
0
0
90274
81695
0
0
83223
15265
0
0
7090
0
0
0
0
0
0
0
0
0
0
0
0
0
0
0
0
0
0
0
0
0
0
51131
0
0
0
0
0
0
0
24123
0
0
0
0
0
0
0
0
10042
0
0
0
0
0
0
0
0
0
0
97632
0
0
0
0
0
0
0
0
0
0
0
29871
0
0
0
0
0
0
0
0
0
0
0
0
0
0
0
0
0
0
0
0
0
0
0
0
0
0
0
0
0
0
0
0
0
0
0
0
0
0
0
0
0
0
0
0
49962
0
83530
0
0
0
0
0
0
0
0
0
0
0
0
0
0
0
0
0
0
0
97772
0
0
0
0
0
0
0
0
0
0
0
0
0
0
0
0
0
0
0
0
0
0
0
0
0
0
0
0
0
0
0
45670
0
0
81744
0
0
0
0
0
97066
0
0
0
0
0
36048
37434
0
0
0
0
0
0
5880
0
0
0
0
0
0
0
0
0
0
0
0
0
0
0
0
0
0
0
0
0
0
0
0
0
0
0
90456
0
0
0
0
0
92028
0
0
0
41362
0
0
0
0
0
0
0
0
0
0
0
0
0
77874
0
0
0
0
0
0
0
0
0
0
0
0
0
0
0
0
0
0
0
0
51102
0
0
0
0
0
0
0
0
0
0
0
0
0
0
0
0
0
0
0
0
0
0
0
0
49839
0
0
0
0
0
43631
0
0
0
0
0
0
0
0
0
0
0
0
0
0
0
0
0
72020
9779
0
0
0
0
0
62080
0
0
0
0
0
0
0
0
94763
0
0
0
4794
0
0
0
0
0
0
0
0
0
0
0
0
0
0
0
0
0
0
78032
0
0
0
0
0
0
0
0
0
32525
0
0
0
0
0
0
0
36427
0
0
0
0
11664
67431
0
0
0
0
0
0
0
18462
0
0
0
0
0
0
0
66963
0
0
0
0
0
0
0
0
0
0
0
44962
0
0
0
0
0
0
0
0
73391
0
0
0
0
0
0
0
0
0
0
0
0
0
0
0
87180
0
0
0
0
0
0
0
0
0
0
0
0
0
0
0
79501
0
0
0
0
0
0
0
0
0
0
0
0
0
73410
0
0
0
0
0
0
0
0
92649
0
99509
51414
0
0
0
24338
65936
10590
12293
0
0
0
0
0
0
0
71367
0
0
0
0
0
0
0
0
0
0
0
0
0
0
0
0
0
0
0
0
0
0
0
0
0
0
0
0
0
0
0
78879
0
0
0
88160
0
0
0
1829
0
0
0
0
0
0
0
0
0
0
0
0
0
0
0
0
0
0
0
0
0
0
0
0
0
0
0
83632
0
0
0
0
0
0
0
0
0
0
0
0
0
85072
0
0
0
0
0
0
0
27904
0
0
0
0
28809
0
0
0
0
0
29710
0
0
0
0
0
0
0
0
0
0
0
0
0
0
91231
0
0
0
0
0
0
96947
0
0
0
0
9190
0
0
0
0
0
0
0
0
0
0
0
0
0
0
0
0
0
0
0
0
0
54453
0
0
0
0
0
0
0
0
0
0
0
0
0
0
0
0
0
0
0
0
11028
0
0
0
0
0
0
0
0
74989
0
0
64204
31671
92336
81333
21270
0
0
0
0
0
0
0
46005
95441
0
0
77573
0
0
0
0
0
0
0
0
0
0
0
0
0
0
0
0
0
0
0
0
0
0
43719
0
67353
0
0
0
0
0
0
0
90144
0
0
0
0
0
0
0
0
0
0
0
0
0
0
0
0
0
1987
0
0
0
0
884
0
0
10063
0
0
0
66373
0
0
0
0
0
0
0
0
73944
0
0
0
0
0
0
0
0
0
0
48680
64525
0
0
0
0
0
0
0
0
0
0
0
0
3079
0
0
5258
0
0
0
0
0
0
0
0
0
0
33302
0
0
0
68490
0
0
0
0
0
0
0
0
0
0
0
0
0
0
94403
0
0
0
44432
0
0
0
0
0
0
0
0
89833
0
0
0
0
0
0
41589
0
0
0
0
0
0
0
0
0
89101
0
0
0
0
0
0
57663
62730
0
0
0
0
0
0
0
0
0
0
0
0
37558
0
0
97976
0
69396
0
0
0
0
0
0
0
0
0
0
0
0
0
0
87954
0
0
0
0
0
69624
0
0
0
0
0
0
0
0
0
0
0
0
0
0
0
0
0
0
57893
30652
0
0
0
0
0
74024
0
0
0
0
0
0
10102
0
0
0
23442
52274
0
0
47136
0
0
87517
0
0
0
24998
0
0
0
0
0
0
89374
0
0
0
0
0
0
35697
0
0
0
0
0
0
0
89659
0
0
0
0
0
0
0
0
0
0
0
11312
0
0
0
0
0
0
0
0
0
0
0
0
0
0
0
0
0
0
0
18846
8600
0
0
0
0
0
0
0
0
98154
0
0
0
0
21163
0
0
17165
0
0
0
0
0
0
0
0
0
0
0
0
0
0
0
0
0
0
0
0
0
0
0
0
52048
0
0
0
0
0
0
0
0
0
0
0
0
0
0
58109
0
0
0
0
0
0
0
0
0
0
0
75702
80762
0
0
97503
0
0
0
0
0
67231
0
0
5080
0
0
0
0
0
0
0
0
0
0
0
0
0
0
0
23662
0
0
0
0
39445
0
0
0
36533
10037
0
0
15452
0
0
60492
99294
47716
0
0
0
10872
0
90851
0
0
0
0
40961
61875
0
0
0
0
0
0
0
0
0
20797
0
0
0
0
0
0
30551
0
0
0
0
0
0
0
0
96157
0
0
0
0
0
0
0
0
0
0
0
0
0
0
24343
0
0
0
0
0
0
0
0
0
0
0
0
0
0
0
0
0
58601
0
0
0
0
0
0
0
0
0
0
0
0
0
0
0
0
0
0
0
0
0
0
77870
0
93969
0
0
69137
0
0
0
0
0
0
0
0
0
0
0
0
16532
67666
0
0
0
0
0
0
50559
0
0
0
0
0
0
0
0
0
0
0
0
0
0
87135
0
0
0
0
0
0
0
0
0
0
12810
0
0
0
0
0
0
0
0
0
0
28096
0
76753
0
0
0
0
0
0
0
0
0
0
0
0
0
7048
0
0
0
0
0
0
0
0
0
0
43534
0
0
0
0
0
0
0
0
11661
67569
0
0
0
0
0
0
0
0
0
0
0
0
0
0
0
0
0
0
24990
0
17865
0
0
0
0
0
0
30985
0
0
0
0
0
0
15185
0
31536
0
0
0
0
0
0
0
0
0
0
51595
0
0
0
0
0
0
0
0
0
0
87451
0
0
0
0
0
27715
0
0
0
0
0
0
0
99501
0
0
0
0
23017
0
0
0
0
0
1201
0
0
0
0
0
0
0
0
37059
0
0
0
0
41456
0
0
0
0
0
0
0
0
0
0
0
0
0
0
0
0
0
0
0
49449
0
0
0
0
0
17510
0
0
0
0
0
0
0
82417
0
0
0
0
0
0
0
0
0
18195
0
31038
0
0
54394
0
0
69821
0
0
0
0
0
0
0
0
0
0
49730
0
0
29730
0
60864
47556
0
0
64979
0
0
0
0
0
0
0
0
0
0
60545
0
0
0
0
0
0
0
51693
0
0
0
0
0
0
42631
8988
0
0
89043
0
3571
0
0
0
0
0
0
0
0
0
0
0
72561
0
0
0
0
0
0
45904
0
0
0
0
0
0
0
0
0
0
0
0
0
0
0
0
0
0
0
0
0
0
0
0
0
0
0
0
0
0
14983
0
0
0
63376
0
0
0
0
0
0
0
0
0
78725
0
0
0
0
0
0
0
0
0
0
0
0
0
0
0
5924
0
0
0
85183
0
0
7504
0
0
0
0
0
0
0
0
0
0
0
0
0
0
0
0
0
0
0
0
0
50959
0
0
0
0
0
0
0
0
0
0
0
0
0
0
0
0
0
58097
0
26178
0
0
0
0
0
0
0
0
0
0
0
0
0
0
0
0
0
0
0
0
0
0
0
0
0
44979
0
0
0
0
0
0
0
0
0
0
33689
91832
0
0
0
0
0
62134
0
0
28429
0
0
0
0
0
0
0
0
0
0
0
0
0
0
0
0
0
0
0
0
0
0
99787
0
0
0
0
0
0
0
0
0
0
0
0
0
0
0
0
0
0
0
0
0
0
85641
0
0
0
0
0
0
52949
0
0
0
0
0
0
0
0
0
0
0
52343
0
0
0
73981
0
0
0
0
0
0
4987
0
0
0
0
0
0
0
0
0
0
0
0
0
0
0
0
0
0
0
0
91334
0
25950
0
38576
0
74357
0
9094
0
71440
74100
0
0
0
0
0
0
0
8787
0
0
0
0
0
0
0
0
0
0
0
0
0
0
0
0
0
0
0
0
0
0
0
0
0
0
43765
0
39047
0
0
98579
0
0
0
0
0
36782
0
0
0
0
0
78804
0
0
0
0
0
0
0
0
0
30663
0
0
0
0
0
0
0
2990
0
0
0
0
0
0
0
0
0
0
31257
0
0
0
39257
0
0
0
0
0
0
0
60000
0
0
0
0
0
79504
0
0
0
0
0
1242
0
0
0
0
0
0
44392
37454
0
70874
0
99736
0
0
0
0
0
0
0
0
0
0
0
0
0
0
0
0
0
0
0
0
0
0
0
2539
0
0
0
0
0
44550
31195
0
48157
0
0
0
0
0
0
0
0
0
0
10897
0
0
0
0
0
0
0
0
0
0
0
91665
0
0
0
0
0
0
0
0
42125
0
0
12983
0
0
27881
0
0
0
0
0
0
0
0
0
0
0
0
0
0
0
0
0
42766
0
0
0
0
0
0
0
0
0
0
0
28040
58994
0
0
0
0
0
0
0
0
0
0
0
0
0
1521
0
0
0
0
0
0
0
0
41410
0
0
16950
0
0
0
96384
51757
0
0
58540
0
0
0
0
0
0
0
0
0
0
45028
0
0
90634
0
0
0
0
0
0
0
0
0
0
0
0
0
0
0
0
0
0
0
0
0
0
0
75492
92124
0
0
0
0
0
0
0
0
0
0
0
0
0
0
0
0
0
0
0
0
0
0
0
0
0
0
0
0
0
0
0
0
0
0
0
0
0
0
0
0
0
0
0
0
84783
0
0
0
0
0
0
0
53891
0
0
0
0
0
0
0
0
0
0
0
0
14682
0
0
0
0
65784
0
0
0
0
29731
0
0
0
0
0
0
0
0
0
0
0
66843
37108
0
0
0
0
0
8458
0
0
56794
0
0
0
0
0
0
0
0
0
0
55617
0
0
0
0
0
0
0
0
95490
0
0
0
4161
0
0
0
0
0
0
0
0
0
0
0
0
0
63702
0
0
0
0
0
0
89295
0
0
0
0
0
0
0
0
0
0
0
0
0
0
0
31224
0
0
0
0
0
0
0
0
0
0
0
0
0
0
0
0
0
0
0
0
0
14142
15601
0
0
0
0
0
0
0
0
0
0
0
0
0
0
72202
0
0
0
0
0
0
0
0
0
0
0
0
0
0
27208
0
0
0
0
0
0
0
0
0
0
0
0
0
0
0
0
0
0
88602
0
0
66077
0
0
0
0
44985
0
0
0
94774
0
0
0
0
0
0
0
0
0
0
0
0
0
0
0
0
0
26892
0
0
0
0
0
0
0
0
0
0
0
96978
0
24610
0
0
0
46035
0
75664
0
0
0
0
0
0
0
32040
0
0
0
0
0
0
0
0
0
55207
0
0
30688
0
0
0
64578
0
0
0
0
0
0
0
0
0
0
0
0
0
19231
0
0
0
0
0
28618
0
0
0
0
0
0
0
73440
0
0
0
0
0
0
42954
10095
0
0
0
0
0
0
6005
0
0
0
0
77785
0
0
0
0
0
0
0
0
0
0
0
39358
73781
0
0
0
0
0
0
0
0
0
594
0
0
85929
0
0
0
0
0
0
0
0
0
0
0
0
0
31741
0
57007
0
0
0
0
0
0
0
0
0
0
0
0
0
0
0
0
0
0
0
0
0
0
88370
0
0
0
38577
0
0
61131
0
0
0
0
0
0
0
0
0
50911
0
0
0
0
0
0
0
0
93651
0
0
55245
0
0
0
0
0
0
0
0
0
0
0
0
0
0
0
24830
0
0
63134
0
0
0
0
0
0
67629
0
0
0
0
0
0
0
0
0
0
0
0
48736
12466
0
0
0
0
0
0
0
0
0
0
0
0
0
0
3155
0
0
0
0
0
0
0
36366
0
0
0
24838
0
0
0
0
0
0
0
0
0
0
0
0
0
0
0
0
0
0
0
0
0
0
50084
0
49473
0
0
21395
0
0
67505
0
0
0
0
0
0
0
0
0
0
0
0
0
0
0
74257
0
0
0
0
0
0
0
0
4344
0
88801
0
18938
15903
0
27969
0
0
0
15155
0
0
0
0
0
39770
96933
0
20359
0
6582
0
29800
0
0
0
0
0
0
0
0
0
0
0
0
0
0
0
0
0
0
0
0
0
0
46327
0
0
30369
17726
0
0
0
0
15920
0
0
0
0
0
0
0
0
0
0
0
0
0
0
0
0
0
0
96021
0
0
0
14393
0
0
0
0
0
0
0
0
0
0
0
0
0
0
0
0
0
50437
0
70527
0
0
0
0
0
0
73852
56292
0
0
0
0
0
0
0
0
0
0
0
0
0
0
0
0
0
0
0
0
0
0
0
0
0
0
44110
0
0
0
0
0
0
0
0
0
0
0
0
17481
0
0
0
0
0
37838
0
0
0
0
0
0
0
0
0
0
0
0
0
0
62296
0
0
0
0
0
0
0
0
57995
0
0
0
589
0
0
0
0
0
0
0
74827
0
0
0
0
0
0
0
0
0
0
0
0
27931
0
0
0
0
0
0
0
0
0
0
64796
59553
0
0
0
95884
0
53442
0
0
29133
0
0
0
0
0
36312
0
0
0
0
0
0
0
19774
0
74485
0
27878
0
0
0
11726
0
0
12919
0
0
0
0
0
0
0
0
0
0
0
0
0
0
0
21071
11644
6538
0
0
0
0
0
0
0
0
0
58320
0
0
0
0
0
0
0
0
0
0
0
0
0
0
0
43400
0
0
0
0
0
0
0
0
0
0
50751
0
0
0
0
0
0
0
0
0
0
0
0
0
0
0
0
0
0
96468
0
0
19329
0
0
0
51261
0
93571
0
0
0
0
0
0
0
0
0
4602
0
0
0
0
0
0
0
0
0
0
0
6609
0
0
0
0
0
0
0
0
0
2155
0
0
0
0
0
0
0
0
0
0
0
0
96407
0
0
0
0
0
0
87349
0
0
0
0
63490
12889
0
0
0
0
0
0
0
0
0
0
0
0
0
0
0
0
58964
58607
0
0
0
0
89688
0
0
81125
0
0
0
0
0
0
0
0
0
0
0
0
0
0
0
0
0
61069
0
0
0
74189
0
59256
0
0
0
0
0
0
0
15711
0
0
0
0
0
0
0
0
0
0
0
0
0
0
0
0
47199
86350
0
0
0
0
32839
0
0
0
0
0
0
0
0
0
0
49126
0
0
92753
0
0
0
25304
0
0
0
0
0
0
0
0
0
0
0
0
0
0
0
0
94480
0
0
22093
0
0
0
0
0
0
0
0
0
0
0
0
84689
0
0
0
0
0
0
0
0
0
0
0
0
0
0
29718
0
0
0
0
0
0
0
0
0
0
0
95007
0
0
0
0
0
0
0
0
0
0
59974
9492
0
3200
0
0
0
3127
0
0
0
0
88257
0
79011
0
89693
0
0
88865
0
0
0
0
0
0
0
0
12996
0
0
90599
0
0
0
0
0
0
0
14031
0
0
0
0
0
0
0
0
0
0
10766
0
0
0
0
0
0
0
0
83649
0
0
0
0
0
0
0
0
0
0
0
0
0
0
0
0
5563
0
0
0
0
0
0
0
0
0
0
0
33506
0
0
0
0
30371
0
0
0
0
0
0
0
0
0
0
0
0
