4013
1 42186 90045
1 28410 42445
1 43538 60964
1 14214 99084
1 40703 52486
1 21694 12855
1 11797 44136
1 5156 27966
1 45038 77518
1 39311 48895
1 28320 17415
1 42356 276
1 17613 50540
1 31907 4318
1 24455 30796
1 14527 9003
1 11231 16864
1 33783 46105
1 48909 73917
1 42071 39753
1 47525 47812
1 10639 19821
1 38123 29740
1 30716 51127
1 41110 26415
1 24995 65248
1 26365 3571
1 23059 5431
1 10721 75011
1 27951 28508
1 42690 46471
1 27183 18991
1 14660 90386
1 16933 90285
1 36165 36016
1 32202 14195
1 33908 44190
1 33468 58536
1 25602 65945
1 19724 3072
1 17587 61545
1 16462 33651
1 4690 55847
1 39589 4627
1 18206 59673
1 38929 39512
1 47756 30673
1 12694 97610
1 24190 91000
1 47002 94689
1 33120 56837
1 49072 51677
1 32448 83105
1 21061 38658
1 24893 39992
1 31161 32069
1 32683 93500
1 16796 71686
1 47015 7899
1 46223 88332
1 12958 71594
1 1370 59062
1 20525 15378
1 29753 97479
1 38099 13087
1 8584 61142
1 30406 59864
1 36703 5951
1 48724 48597
1 2974 88697
1 7916 90805
1 15843 34818
1 20035 47658
1 13668 25195
1 45393 96717
1 19951 37627
1 28440 60012
1 11166 31807
1 28764 55388
1 1721 55567
1 22108 12129
1 48791 10316
1 11677 885
1 14769 57096
1 7341 83490
1 7890 28944
1 39200 27993
1 14086 97138
1 24922 26964
1 17107 15781
1 6142 80155
1 28516 31228
1 48400 84234
1 40062 1836
1 31350 78139
1 36492 97157
1 22489 21220
1 25529 24842
1 30511 65801
1 21078 21629
1 13338 59249
1 2618 30677
1 2014 23295
1 47283 14120
1 22650 44915
1 19553 52288
1 3485 73287
1 43271 83901
1 42455 60288
1 21472 54692
1 10483 93838
1 35117 8416
1 46149 25656
1 39201 61431
1 9565 38604
1 31788 85001
1 18390 49031
1 25211 31666
1 13562 56557
1 317 63040
1 9052 75891
1 691 56063
1 44034 18908
1 40691 45452
1 6595 7648
1 47644 64592
1 27789 65344
1 47696 7463
1 27108 80085
1 4232 54392
1 16355 47326
1 7899 21489
1 45503 943
1 25929 57138
1 37063 96122
1 31296 44184
1 20852 97138
1 3993 26511
1 30325 32191
1 30874 63515
1 46979 91488
1 24912 87181
1 4705 59787
1 30586 87047
1 17765 55244
1 49029 98150
1 45481 39514
1 48532 19502
1 27137 77079
1 17993 93277
1 49008 5097
1 49982 49063
1 10951 16946
1 12168 19686
1 20897 34751
1 5335 27853
1 32001 47791
1 35322 84302
1 12554 93495
1 41773 28385
1 19414 68715
1 34705 58289
1 5907 71344
1 48176 30290
1 27388 5915
1 39938 32962
1 6733 40679
1 16351 8938
1 9150 77923
1 18597 13966
1 39813 44792
1 31168 65597
1 25731 15434
1 35281 89563
1 23752 84286
1 49347 12111
1 45669 85095
1 19523 25207
1 18307 70590
1 14746 74884
1 30165 35732
1 19281 6224
1 46780 31704
1 9295 35025
1 24471 57260
1 7199 88978
1 29232 91635
1 32099 56814
1 32241 16453
1 7202 2784
1 5543 32969
1 5625 81360
1 30770 65228
1 27854 55784
1 5426 88766
1 19813 86432
1 27456 3074
1 5470 68483
1 47250 29026
1 42488 51793
1 14729 90735
1 28296 35005
1 13253 73510
1 41366 41622
1 18870 84608
1 18956 88608
1 18522 76904
1 31303 82038
1 34797 32801
1 10685 59442
1 23748 66220
1 43132 98678
1 4881 91235
1 15711 14381
1 45690 79442
1 37118 48467
1 33772 487
1 39333 6327
1 39406 70824
1 4174 2644
1 47946 27446
1 44808 40365
1 10302 98161
1 46943 86819
1 1728 9820
1 32593 68097
1 3874 44724
1 25546 88991
1 23375 20020
1 5884 8591
1 6570 68101
1 39168 57500
1 39835 81297
1 31163 92858
1 27538 43355
1 3980 98941
1 24524 32647
1 10437 38482
1 41446 43408
1 4975 52684
1 32120 40784
1 37731 43633
1 19303 53581
1 33046 87464
1 123 39481
1 2600 16992
1 46146 18845
1 25363 20557
1 6454 40906
1 14318 85440
1 26696 37811
1 10492 91832
1 47532 93921
1 20799 11815
1 10179 48659
1 12391 21207
1 14279 55718
1 28811 45703
1 36328 98381
1 25512 38007
1 24280 19357
1 21865 54387
1 26075 81861
1 15641 41790
1 26373 73458
1 45702 97572
1 12226 64340
1 29068 54408
1 6937 94718
1 17700 63587
1 4180 24819
1 4985 70506
1 16655 38804
1 30317 59308
1 35001 8416
1 7106 59916
1 1677 69168
1 46931 92869
1 26411 78330
1 13569 421
1 4710 23772
1 1624 12247
1 27915 20764
1 40621 98144
1 26040 99675
1 24575 44875
1 41597 96553
1 32698 69400
1 4879 8919
1 12262 88241
1 49804 47422
1 32242 53536
1 49366 53957
1 36058 39340
1 3010 95171
1 40528 71010
1 27114 4329
1 9482 27491
1 3834 91385
1 24612 5358
1 42353 10015
1 34561 99269
1 42461 46800
1 35917 90558
1 24848 10271
1 18811 92872
1 18257 87975
1 7907 94935
1 15184 95624
1 1270 90474
1 3461 45058
1 49369 31169
1 11293 14350
1 24773 97651
1 19549 8920
1 35198 29924
1 35556 60619
1 4019 4690
1 41462 71815
1 39063 18760
1 31175 84852
1 21589 83039
1 14915 42511
1 46643 12261
1 21834 27877
1 31627 71172
1 15679 21411
1 22780 9370
1 27568 43010
1 38264 78685
1 14177 51198
1 3302 94274
1 5927 50202
1 4395 60464
1 40159 76160
1 27994 67085
1 4118 38254
1 14192 42364
1 39928 94006
1 33993 98182
1 18794 17461
1 49556 34974
1 13880 68373
1 27843 10734
1 21918 46801
1 25995 66491
1 12950 2894
1 44409 34436
1 26966 7384
1 397 45925
1 25124 11088
1 34710 7419
1 17972 4327
1 15708 91235
1 42844 33682
1 35015 51591
1 49495 77672
1 46577 3653
1 4759 87268
1 48531 82008
1 7813 35966
1 13620 16264
1 11116 67030
1 26683 5247
1 37030 99898
1 5023 49498
1 25327 40233
1 21821 89318
1 30500 13147
1 48270 96298
1 10984 2848
1 31611 47664
1 39085 67625
1 8380 4853
1 21033 87914
1 38813 29267
1 22202 72619
1 8214 6348
1 3537 11621
1 2848 53473
1 30054 19088
1 7884 11321
1 30550 95639
1 40042 45416
1 27160 38358
1 42350 1777
1 41831 81652
1 26887 45437
1 47676 22915
1 24496 81407
1 8080 3590
1 46419 84496
1 40980 65429
1 3849 96967
1 28009 62343
1 4820 21973
1 31437 94435
1 5734 62783
1 33505 1007
1 30584 22165
1 35902 68124
1 38720 98875
1 40589 19890
1 17715 58225
1 19405 60099
1 5243 54370
1 37605 12029
1 27217 39990
1 46497 6482
1 1644 92031
1 48630 10918
1 38523 89502
1 7720 21512
1 21301 3845
1 26445 9822
1 16183 63942
1 36102 97860
1 34709 77874
1 1185 41623
1 38839 7652
1 14587 24018
1 43475 27091
1 18060 59375
1 15083 558
1 19239 81696
1 9180 90731
1 33654 9052
1 45545 20951
1 13639 58651
1 20801 88771
1 48891 82522
1 31056 3116
1 45019 22482
1 17386 22021
1 49479 29222
1 33929 73960
1 3377 33034
1 27978 23446
1 7589 577
1 11880 51633
1 11996 29842
1 37123 18317
1 11016 81460
1 20091 36576
1 6312 96249
1 13397 22152
1 19775 16806
1 43822 77308
1 48443 24200
1 48421 72913
1 3375 48341
1 13843 29510
1 6379 26592
1 3774 77045
1 10190 19667
1 17143 52098
1 5230 1834
1 45371 57936
1 5159 34930
1 3646 60627
1 45297 60803
1 36069 3897
1 25111 66025
1 37386 73102
1 16215 51829
1 12380 35606
1 32942 80315
1 16227 51436
1 43856 51258
1 43675 43429
1 32469 94142
1 1426 34774
1 45920 1546
1 7482 14018
1 8270 87538
1 18883 15195
1 29571 69921
1 40132 70701
1 4339 67257
1 4444 95386
1 17113 19286
1 8238 6966
1 34474 68092
1 34536 77550
1 28215 96584
1 10648 15439
1 27446 67110
1 3701 2896
1 14682 32565
1 19331 86900
1 12204 25548
1 43221 5836
1 6939 44317
1 38239 29230
1 40696 33721
1 31586 96485
1 30628 15140
1 40000 18418
1 2165 75704
1 45515 97441
1 4825 91261
1 5545 3053
1 11591 11969
1 47540 64543
1 14659 50459
1 38043 31498
1 5931 73333
1 6861 27579
1 27624 42722
1 38973 95587
1 11234 30168
1 18627 23953
1 29048 83844
1 39422 91263
1 35344 11674
1 4859 47772
1 45734 57048
1 38516 57016
1 37840 10894
1 31264 321
1 16866 34927
1 14606 70143
1 1741 51741
1 37106 36539
1 21710 55929
1 28125 62741
1 16508 5566
1 46067 62884
1 37518 4654
1 19750 69185
1 36540 20809
1 36011 45911
1 42895 17549
1 10931 21021
1 39709 37275
1 41927 90769
1 47609 90700
1 2494 41869
1 9388 80961
1 26868 25889
1 8532 15974
1 15910 91047
1 42542 57249
1 39006 25411
1 21744 7711
1 33040 72047
1 42346 87657
1 46652 23070
1 8178 13176
1 8876 69337
1 6870 48202
1 14669 64862
1 30457 63514
1 520 4405
1 6052 33656
1 38678 90011
1 38840 25648
1 1711 15726
1 295 33317
1 15092 97997
1 34911 74340
1 14417 7194
1 35497 82262
1 11588 16373
1 6520 79122
1 18117 84511
1 32404 5277
1 44427 19179
1 34607 45145
1 19342 37238
1 42390 71442
1 27257 98080
1 10149 60167
1 14450 27374
1 6997 17629
1 7732 95788
1 27538 51952
1 44634 90475
1 7026 71821
1 23909 70819
1 2791 33891
1 14733 19277
1 27842 70497
1 20024 77328
1 18467 31948
1 49284 77667
1 44122 86995
1 45626 44996
1 27301 63474
1 45649 91997
1 2208 31599
1 26247 56396
1 39588 65508
1 40999 16081
1 18399 40568
1 44447 84199
1 6516 23181
1 12043 3856
1 10548 60252
1 10760 850
1 49401 27896
1 10234 12693
1 11854 65382
1 24987 94094
1 38400 36758
1 13796 30436
1 7024 17241
1 25562 18487
1 21240 60406
1 39698 82438
1 45694 10265
1 7852 38884
1 19019 87140
1 47342 6149
1 106 71043
1 24938 39943
1 32691 37805
1 32191 27214
1 49629 88648
1 45016 36382
1 20606 36536
1 18329 17742
1 30291 91802
1 31525 50201
1 48883 93249
1 5562 80151
1 49846 76310
1 39240 79480
1 19115 8376
1 42591 7861
1 35650 20127
1 47812 4817
1 4277 70499
1 13618 44470
1 47625 26776
1 43944 79671
1 3984 39293
1 2661 60623
1 36695 32646
1 42230 77347
1 17699 43048
1 36411 83760
1 32648 92949
1 14462 36447
1 34209 61980
1 27959 99977
1 34860 64145
1 11911 62055
1 28772 37475
1 33872 44935
1 34433 96277
1 38852 43577
1 33167 39482
1 22179 29318
1 8197 30573
1 6557 18562
1 5500 99982
1 36429 78831
1 30578 23630
1 32291 95230
1 38367 47298
1 43180 6472
1 32888 76225
1 9174 84642
1 31354 15773
1 42967 48346
1 47832 63674
1 5630 47613
1 37281 33098
1 21557 13473
1 34481 19418
1 27447 78568
1 35598 74135
1 43656 22503
1 32116 20164
1 2745 88249
1 21738 5302
1 36454 32644
1 6918 52289
1 19661 64905
1 49040 79348
1 8534 80071
1 46471 41613
1 7783 23093
1 45167 99212
1 38097 52708
1 38634 15181
1 43705 56022
1 14018 91406
1 6711 98216
1 12385 26150
1 45661 97861
1 6141 41380
1 29207 49057
1 16552 81910
1 19737 16416
1 37486 36974
1 14926 29888
1 34770 25828
1 35564 22428
1 27856 47425
1 18489 66901
1 1184 3904
1 2547 42506
1 38223 90852
1 31814 55800
1 25989 89149
1 48687 10402
1 42940 49599
1 43354 65029
1 3146 69342
1 15941 45902
1 25311 4147
1 46914 25301
1 14358 11377
1 14708 96792
1 20942 49259
1 28555 27374
1 41752 4890
1 49410 13708
1 5250 92716
1 26096 58756
1 34204 662
1 25564 8229
1 22974 42487
1 8722 70535
1 41550 40601
1 14456 7525
1 48962 73562
1 15418 48034
1 46390 10866
1 23068 9684
1 14390 14470
1 46659 48004
1 2304 56688
1 30631 19757
1 24021 24634
1 12387 66620
1 16778 77415
1 9037 79308
1 2324 21572
1 26947 94031
1 30316 11144
1 41478 12114
1 24316 37763
1 33472 91525
1 35921 6671
1 6188 11389
1 6996 73996
1 28760 5329
1 6366 2768
1 17613 26282
1 11797 45544
1 37804 19515
1 24976 15009
1 34842 56464
1 48368 90077
1 1471 64256
1 13854 91348
1 19221 1002
1 46060 19844
1 22784 57419
1 5177 34456
1 10471 89146
1 34079 7166
1 40157 91598
1 16521 23637
1 5372 76449
1 19184 27992
1 37603 59140
1 25488 45723
1 28675 53444
1 17753 45124
1 15191 16265
1 25260 77538
1 16283 41050
1 46433 38593
1 21159 26246
1 46322 29235
1 38467 84367
1 7674 50193
1 31563 40397
1 9318 4251
1 28432 90894
1 43584 91030
1 39801 33317
1 24095 14981
1 33714 35179
1 23516 54103
1 23980 36956
1 20659 20010
1 10225 22357
1 44018 92623
1 34900 99468
1 41881 49121
1 16790 67507
1 27098 56551
1 31196 96119
1 39977 49065
1 33139 11239
1 10326 90788
1 36985 87939
1 22978 72268
1 18696 29971
1 44691 5319
1 49481 7280
1 49205 41108
1 17778 67457
1 31455 88714
1 45970 77422
1 776 14992
1 2273 13791
1 48292 54304
1 4529 61373
1 7765 10387
1 31997 37388
1 11278 3264
1 9990 98747
1 18246 15730
1 11525 99929
1 29693 92392
1 4701 18101
1 44255 35363
1 4064 12760
1 21882 17004
1 31755 86641
1 9307 62165
1 48597 94777
1 7025 48918
1 22901 87330
1 5824 76750
1 6638 48482
1 23489 53169
1 23146 29868
1 46832 78395
1 448 80349
1 22170 97045
1 6129 18018
1 290 78288
1 10725 18341
1 37209 27694
1 6901 80849
1 22902 18340
1 29331 20203
1 41303 28419
1 43148 36449
1 18139 26417
1 31357 8315
1 24276 1266
1 31810 36094
1 49106 14250
1 30764 71877
1 6233 34630
1 11124 35198
1 27136 21361
1 2847 23311
1 30047 93988
1 37405 6762
1 43114 4481
1 37225 37034
1 32195 72659
1 30789 28432
1 38079 44929
1 35594 30335
1 39557 23666
1 21678 67653
1 4389 46460
1 48488 42095
1 23528 54093
1 19451 4925
1 29634 719
1 26198 99269
1 2757 95345
1 21437 72649
1 16066 46561
1 11952 62637
1 35805 4149
1 28610 88047
1 4367 12428
1 38146 22558
1 16290 51768
1 44508 63694
1 47978 2676
1 29522 40214
1 12468 10381
1 37876 42569
1 17655 37757
1 16388 70938
1 38443 75295
1 32736 51830
1 28986 8271
1 345 1087
1 11078 78326
1 48538 92957
1 43912 30976
1 37637 99871
1 31680 74583
1 40249 97289
1 6496 49857
1 11575 93400
1 10398 20497
1 12362 42326
1 27519 50
1 44467 83604
1 36901 73908
1 2640 63025
1 34535 44600
1 42620 99792
1 34363 45501
1 31954 86100
1 11279 31105
1 15115 58362
1 47033 8904
1 45486 9855
1 4456 4977
1 40306 99212
1 18603 20225
1 14331 5672
1 17315 14793
1 29149 8551
1 667 28888
1 17284 76651
1 47126 32811
1 16618 98546
1 5531 16383
1 26352 80464
1 5478 36489
1 672 16857
1 32056 13773
1 13793 34239
1 7976 8742
1 42729 46716
1 18072 49854
1 34735 49783
1 11 81413
1 27765 78551
1 46557 31043
1 18738 65179
1 4611 94087
1 44803 61481
1 46068 97245
1 43356 12657
1 29634 84196
1 33389 7967
1 7389 93054
1 21631 6222
1 8602 47522
1 39919 99254
1 30953 38145
1 20970 63804
1 25678 16687
1 38451 42959
1 41722 4455
1 1416 17070
1 24191 48312
1 40325 55721
1 14166 80277
1 44060 77100
1 32676 44273
1 20598 71948
1 11162 89366
1 20833 78561
1 47026 89263
1 29239 10444
1 21090 23067
1 33948 89159
1 6580 81223
1 14001 28794
1 3289 79480
1 42095 53003
1 9115 90604
1 36153 28296
1 5295 85305
1 1534 90352
1 29691 20249
1 905 36090
1 26490 20741
1 43861 89685
1 16115 97559
1 22592 9668
1 10112 18850
1 49580 20703
1 26810 88451
1 23412 41328
1 1225 95823
1 27935 76021
1 29511 49050
1 26875 44026
1 6771 4414
1 24605 40469
1 29102 23375
1 40901 1043
1 35167 76794
1 46031 35617
1 7003 21729
1 38533 12909
1 30355 15340
1 18592 37155
1 23787 73918
1 43213 37054
1 333 12528
1 44867 16905
1 30521 24646
1 31746 78957
1 42463 10822
1 6686 39665
1 17312 26590
1 35656 21786
1 47989 58395
1 6027 97201
1 36536 79255
1 10610 31611
1 45884 15526
1 43000 67711
1 19525 91253
1 808 80200
1 48647 85535
1 3662 19901
1 33307 67419
1 24232 28848
1 49998 98949
1 4748 9430
1 49389 24808
1 47903 75453
1 5552 19153
1 16515 21098
1 1990 93113
1 49181 16304
1 49457 6946
1 19836 70814
1 23542 33910
1 34730 92166
1 30779 68911
1 13725 56514
1 29515 87553
1 46703 19272
1 23332 77052
1 28431 68007
1 28293 19795
1 37755 66838
1 9446 23020
1 32576 93038
1 40139 99870
1 36259 91120
1 43049 13091
1 12362 31068
1 16344 67658
1 4961 83654
1 22646 13351
1 42263 81752
1 11597 32774
1 22693 73335
1 35845 72028
1 9123 73713
1 45225 43790
1 13543 17627
1 33516 64588
1 14117 43840
1 19772 90235
1 38327 92608
1 10739 67219
1 15839 19658
1 12217 50697
1 4116 54092
1 21230 23322
1 36175 44245
1 10071 46138
1 308 78332
1 48871 16050
1 46415 43482
1 3670 78452
1 47390 6042
1 9795 61123
1 41719 20831
1 13087 99141
1 39442 66216
1 8356 90999
1 40884 49107
1 39405 39462
1 25703 51048
1 8541 18818
1 18135 79128
1 29480 35461
1 25177 78770
1 25690 34474
1 23256 17072
1 1992 69335
1 41863 42984
1 49082 10501
1 19802 8510
1 1603 91994
1 29690 71568
1 34333 57491
1 37505 57450
1 29089 69749
1 16089 12812
1 26523 38165
1 20005 37709
1 48127 96706
1 356 99604
1 32910 13116
1 6625 90435
1 2948 4724
1 19164 56702
1 11652 68162
1 27752 23034
1 4404 45908
1 6896 16117
1 38914 33527
1 7050 89455
1 3402 69816
1 28313 84215
1 20432 81629
1 17686 87607
1 31117 46805
1 9639 25483
1 12109 37674
1 6592 97414
1 39427 71670
1 3303 35818
1 28041 45082
1 31071 5433
1 1063 55699
1 34732 63591
1 20128 62550
1 25258 19301
1 4332 26589
1 48140 29896
1 34489 79301
1 49723 40898
1 8605 54727
1 11739 91595
1 41456 72384
1 27731 44018
1 15817 53837
1 37593 24088
1 4751 13905
1 9693 34661
1 30455 3172
1 127 75560
1 455 94229
1 40505 13383
1 47565 98129
1 31570 82363
1 10652 55826
1 22884 26152
1 37688 14247
1 4298 90367
1 41456 61861
1 179 38467
1 49012 39819
1 9936 91182
1 13796 53559
1 25000 24768
1 44522 31789
1 3104 64425
1 12823 26176
1 35047 30829
1 48643 54346
1 38111 15637
1 16285 97277
1 17705 38427
1 3221 91628
1 39930 84284
1 21560 21539
1 4991 69434
1 9451 3337
1 36231 43632
1 43791 53199
1 10923 66501
1 36306 60672
1 28254 24422
1 1719 83583
1 36016 25634
1 17843 77837
1 17723 47827
1 26551 59291
1 6575 30992
1 23495 55119
1 31284 49109
1 41523 6989
1 8539 43945
1 11094 1518
1 47995 42606
1 48904 99498
1 7785 82548
1 40098 12251
1 2063 59926
1 35898 60338
1 978 75204
1 44205 81862
1 40607 20380
1 27389 23665
1 26254 95782
1 5379 16997
1 8546 55248
1 12685 77611
1 14352 30408
1 8275 66683
1 42576 10536
1 20198 32579
1 36481 50569
1 49539 43773
1 17195 91090
1 9316 64028
1 43458 73847
1 29148 43362
1 41666 37631
1 47569 41378
1 5847 40768
1 44769 25518
1 17638 83464
1 47918 64115
1 31089 86648
1 10167 62158
1 35740 24294
1 33031 74435
1 43928 54472
1 20243 54506
1 36931 60154
1 7220 5936
1 8672 92550
1 3419 45749
1 7658 39170
1 24313 56907
1 7417 13362
1 8395 91716
1 33007 59110
1 11193 28363
1 45156 32482
1 47089 98776
1 1124 12126
1 13493 64931
1 44674 40680
1 13271 82173
1 12272 22612
1 10988 41596
1 6379 45249
1 45936 34307
1 15103 58511
1 33547 24192
1 28406 20622
1 11290 19252
1 45897 42947
1 26962 78295
1 21029 70005
1 42032 24452
1 4005 32616
1 24538 97930
1 4406 10575
1 46985 18523
1 34549 91801
1 49822 73013
1 33267 10059
1 33675 29071
1 22288 74028
1 1182 48691
1 14208 69647
1 42934 54707
1 40561 95284
1 8557 30242
1 12693 46853
1 28204 42186
1 44215 89567
1 49563 63471
1 19709 80807
1 43151 44811
1 34206 61757
1 9961 42563
1 15907 98162
1 16793 69123
1 37890 99810
1 3050 44792
1 39123 36925
1 43825 80615
1 43449 45181
1 37665 49610
1 49490 24715
1 32150 67151
1 8462 57959
1 41597 10763
1 9949 27978
1 47987 79124
1 18299 4403
1 44064 21817
1 28336 49814
1 32225 77647
1 27172 35772
1 16941 36050
1 43617 5911
1 22894 51651
1 44249 50375
1 12143 59954
1 28942 27508
1 39216 74237
1 29998 39748
1 40323 87542
1 25922 25210
1 45126 18529
1 8842 6563
1 2495 86974
1 9743 18548
1 25550 11075
1 6809 69266
1 47018 24945
1 48449 28919
1 41766 85203
1 39235 12005
1 6690 88650
1 49269 83724
1 20031 8167
1 3017 14722
1 42468 96876
1 40953 42263
1 5166 64540
1 46568 79286
1 43942 22897
1 2888 99031
1 44278 12423
1 39484 93124
1 46114 26828
1 34247 41538
1 39766 73752
1 1266 75214
1 10282 28676
1 45083 65072
1 12867 4601
1 913 13554
1 23391 51227
1 19547 45511
1 20581 96492
1 20644 33208
1 22326 40361
1 49494 52390
1 7815 5646
1 36413 56087
1 13177 14648
1 12546 22110
1 3380 11320
1 16612 94125
1 49472 2524
1 22866 97992
1 7513 37132
1 48574 30520
1 39145 88866
1 45782 78144
1 39809 13541
1 26879 5746
1 11137 46780
1 3029 17609
1 11145 41998
1 23843 30572
1 39139 81724
1 26328 74394
1 49636 7638
1 4348 62836
1 47144 68917
1 42938 74577
1 33271 58291
1 4558 33994
1 3269 12093
1 22285 66154
1 22069 4749
1 32239 55566
1 31122 26954
1 5738 74863
1 1908 54063
1 23502 90136
1 14891 56652
1 3983 94975
1 7745 53034
1 15192 45030
1 40743 3686
1 48088 91203
1 25957 2432
1 48235 34463
1 25617 73690
1 8568 16920
1 49160 31028
1 46682 7638
1 22532 77519
1 24773 8203
1 10265 52095
1 27620 96989
1 3986 83582
1 7344 83867
1 16524 35147
1 28913 44047
1 1426 43183
1 9837 53391
1 9665 82149
1 12774 93609
1 47343 30979
1 33879 75104
1 24095 7789
1 6910 75367
1 19122 48636
1 28128 62901
1 49906 840
1 49561 94498
1 4969 49866
1 41833 37656
1 49992 81066
1 9574 35925
1 22246 52519
1 1856 15698
1 11286 55876
1 39280 20312
1 8592 29962
1 10704 2209
1 43294 46830
1 31468 29401
1 579 94857
1 9845 40802
1 28726 59791
1 6989 35167
1 40912 86869
1 6403 29508
1 14549 53974
1 49219 85171
1 15628 1015
1 17982 55413
1 4706 3288
1 6897 27011
1 36474 92247
1 12950 2119
1 41228 90482
1 23162 57041
1 39288 80357
1 4964 67301
1 26019 76311
1 11365 33806
1 46720 7296
1 14040 50837
1 37420 20372
1 15229 20820
1 5462 3314
1 11757 88981
1 807 42337
1 15707 70747
1 15686 55609
1 18986 89462
1 35405 76589
1 21993 68798
1 14955 92484
1 201 86322
1 43285 32850
1 22606 66819
1 35339 45786
1 34897 6852
1 19577 54571
1 11863 49347
1 22220 94323
1 30547 84112
1 7851 12282
1 16052 64576
1 697 45597
1 27953 2926
1 25944 70302
1 37650 44726
1 1888 90572
1 47049 48432
1 27557 84903
1 2950 61309
1 43526 57275
1 39718 45316
1 15995 36294
1 17633 21724
1 34902 56217
1 23799 50913
1 8707 81605
1 23097 52469
1 12216 34531
1 33193 23362
1 23694 36596
1 8915 85324
1 12197 87086
1 18988 61051
1 40581 58339
1 11605 96812
1 43646 81794
1 13491 91083
1 6283 2303
1 13480 9214
1 31800 16702
1 11961 43123
1 48047 89344
1 43075 88147
1 8134 30179
1 21305 43990
1 35739 6359
1 11709 85034
1 734 78829
1 22964 14317
1 6448 54225
1 19385 95080
1 14536 16501
1 43074 41623
1 31146 1888
1 33537 2363
1 2368 99055
1 13279 71750
1 35579 16949
1 26137 44471
1 11204 29247
1 2481 95750
1 3181 23062
1 1742 68376
1 44601 80028
1 1244 32509
1 11903 96489
1 28904 66470
1 29312 87575
1 12380 47765
1 39432 34217
1 24396 38402
1 522 55924
1 38300 73998
1 2176 58601
1 17974 55040
1 27473 56549
1 44811 34744
1 14205 91553
1 45696 90107
1 48716 4025
1 36394 25632
1 32489 49839
1 38913 137
1 10454 97868
1 17075 55489
1 11249 19853
1 16949 24124
1 36510 8939
1 17030 29616
1 35102 89030
1 17471 60713
1 164 34753
1 35509 54375
1 19972 27274
1 9264 9820
1 31443 12144
1 24555 75240
1 44966 32567
1 40962 49971
1 32921 67460
1 40717 40213
1 38750 21217
1 11169 45133
1 5718 24984
1 32272 67524
1 46642 90344
1 28190 53399
1 49478 97799
1 24992 53671
1 30629 54176
1 21698 48293
1 4996 34456
1 16062 20199
1 21168 15926
1 46719 56101
1 34122 53953
1 40648 2933
1 34131 61010
1 38556 79621
1 37509 4476
1 25643 41623
1 10261 10951
1 6447 19350
1 46892 84270
1 3947 71719
1 33396 60041
1 9114 60235
1 9031 84864
1 39859 79390
1 31832 78616
1 8345 26410
1 20281 7011
1 36647 23973
1 25681 28978
1 25699 27450
1 15370 45499
1 16557 58568
1 13923 98332
1 6510 19235
1 26014 28970
1 10606 11070
1 27083 41090
1 23701 80328
1 45986 29183
1 32591 71616
1 3259 50052
1 5260 26687
1 18770 28523
1 13348 80332
1 1045 26252
1 18179 65924
1 31439 66025
1 6775 51086
1 41004 64882
1 11215 77671
1 2160 7112
1 8403 51825
1 24506 31522
1 29569 12340
1 22689 48858
1 16535 15668
1 5349 235
1 38467 6151
1 25726 20904
1 27306 33661
1 10937 28679
1 44617 3661
1 34636 30232
1 10879 77325
1 46595 15590
1 25275 78070
1 9147 56612
1 7142 68511
1 4313 82573
1 28314 19634
1 22748 32867
1 4596 15207
1 44397 12863
1 44693 80483
1 22751 37446
1 37859 64142
1 25342 43158
1 19357 71823
1 5682 3974
1 24216 78728
1 7650 63616
1 32729 21627
1 3225 5857
1 22727 48326
1 8377 96023
1 3732 73433
1 8492 65519
1 44197 85420
1 26285 35899
1 46119 9911
1 31380 72077
1 48814 90434
1 6804 13746
1 1563 60448
1 21997 97971
1 6371 55906
1 29449 69711
1 48983 66599
1 43997 86059
1 40878 26548
1 22504 37531
1 37726 99158
1 36856 57272
1 25936 4090
1 33126 86808
1 13876 30903
1 28925 60764
1 10428 41292
1 3648 26378
1 23973 98196
1 9141 76794
1 11494 55187
1 22503 420
1 47061 76747
1 441 37503
1 17630 15709
1 43424 97774
1 40958 37658
1 3560 91220
1 16657 97144
1 46427 53019
1 29858 15896
1 45955 92511
1 17813 49561
1 14607 91574
1 16705 21713
1 36846 18028
1 28695 22142
1 14174 36869
1 26874 23914
1 10149 52446
1 35273 52495
1 6976 91728
1 5606 48473
1 2917 63085
1 24700 40559
1 19225 28181
1 28381 87454
1 48610 24012
1 13201 21330
1 24543 66637
1 27259 54253
1 36676 3565
1 8089 13185
1 14445 37595
1 22271 4719
1 14302 41030
1 41648 22562
1 24094 90405
1 38345 79672
1 36195 23739
1 10421 90289
1 8930 75372
1 1202 7654
1 26112 5500
1 18649 53486
1 408 15493
1 6996 66084
1 4049 30930
1 24196 2032
1 28608 3412
1 24835 80633
1 2394 82946
1 35850 24900
1 11502 22713
1 45369 76345
1 45483 29927
1 3423 59737
1 35515 80878
1 20841 37339
1 3263 91245
1 44114 14033
1 48234 75335
1 28879 10656
1 29215 96718
1 1871 21645
1 1229 39812
1 19295 87485
1 7870 48114
1 15993 93755
1 48306 12128
1 16373 72674
1 3982 55678
1 39523 82013
1 9263 65707
1 21911 9780
1 12236 17257
1 21862 47104
1 33937 15122
1 44759 82520
1 48501 66686
1 33547 16042
1 32215 50099
1 10376 67907
1 11762 58733
1 38557 10439
1 19618 41858
1 10270 10868
1 41099 52486
1 36129 5624
1 9256 44036
1 33406 76934
1 49834 65508
1 27055 122
1 2222 15542
1 41702 18520
1 39471 58762
1 46683 58260
1 24126 62733
1 39325 29427
1 26842 52857
1 1559 24087
1 18440 41115
1 42448 6696
1 7752 77389
1 39263 63765
1 44503 86177
1 46832 76200
1 24768 39137
1 11393 54402
1 7983 32239
1 9839 20883
1 36102 13525
1 43491 77883
1 44768 93030
1 24627 274
1 44482 65086
1 2553 34012
1 34992 85491
1 37965 31272
1 29477 12586
1 21641 33141
1 37663 80904
1 4735 61140
1 5474 24003
1 30298 13184
1 22598 90324
1 5947 18608
1 46993 79993
1 41015 46051
1 25768 46987
1 44201 15825
1 28129 23269
1 21734 54205
1 45001 15251
1 40035 84161
1 39539 15544
1 47134 876
1 17047 28852
1 6899 5156
1 47258 73112
1 45050 76735
1 27465 79462
1 1376 83642
1 49159 77811
1 9164 43702
1 16438 29887
1 35079 26947
1 6093 3396
1 17354 34109
1 16426 33341
1 15569 29839
1 31300 81038
1 48956 65050
1 18213 3463
1 37667 92236
1 49665 81646
1 48661 51236
1 31186 61427
1 18193 24539
1 28047 40093
1 19604 73243
1 5025 20101
1 35545 93314
1 42957 25981
1 35959 823
1 40447 36234
1 12922 69072
1 4985 73034
1 38652 22622
1 16968 72048
1 20745 10223
1 3687 41166
1 46700 17135
1 12424 4771
1 34324 46121
1 8552 72741
1 14538 66031
1 3820 5806
1 44883 61265
1 20822 83462
1 29720 814
1 15487 89991
1 22735 99502
1 6517 54801
1 8242 36773
1 1219 85662
1 7803 83948
1 20276 38523
1 34897 97782
1 40096 64236
1 23987 73095
1 16549 73099
1 13344 53515
1 9406 79045
1 42017 18681
1 23875 35942
1 31750 14925
1 48564 89147
1 821 27842
1 31512 19934
1 32326 68497
1 36453 9222
1 28727 93056
1 34385 2478
1 46322 32451
1 18135 98425
1 30431 73087
1 45657 84059
1 36223 79536
1 11169 35879
1 1760 81005
1 37452 67454
1 17682 56918
1 19435 86369
1 32346 62382
1 935 45939
1 33739 76538
1 10217 23872
1 2921 2612
1 27841 21420
1 37199 60365
1 7863 3835
1 49103 9461
1 1590 44781
1 28501 99195
1 26280 73988
1 46222 68029
1 20805 20102
1 29890 96257
1 11519 8173
1 32117 68861
1 40375 12720
1 35930 19610
1 14816 15930
1 27735 76643
1 12519 20887
1 40453 45122
1 17730 86470
1 6461 97896
1 28050 36999
1 45505 50453
1 40432 36128
1 18275 89326
1 43339 64771
1 9593 53910
1 19306 59290
1 7914 14707
1 11159 92248
1 3157 16633
1 46947 32232
1 34388 78370
1 19756 63247
1 7942 63953
1 16827 11659
1 41105 51176
1 7442 74036
1 46428 77751
1 47067 60368
1 2206 69152
1 45682 53
1 40913 23625
1 27441 77394
1 26508 5401
1 20655 80111
1 37077 88331
1 36952 61790
1 45250 95327
1 37493 51191
1 44240 55221
1 21795 15682
1 34295 58015
1 16337 44331
1 41273 17255
1 36355 22482
1 43203 2501
1 37605 17984
1 47728 69306
1 36635 15188
1 37634 90466
1 46584 21369
1 15310 12829
1 45765 85285
1 22074 96160
1 16579 84063
1 26483 75365
1 10931 45042
1 11268 53204
1 43778 19365
1 18002 6441
1 3926 66444
1 32145 87166
1 28191 96695
1 29877 59602
1 46913 85530
1 34373 88279
1 19463 12454
1 33942 83372
1 10363 46204
1 45626 41170
1 10275 93573
1 47169 83984
1 30877 72643
1 41036 31461
1 1 56615
1 45798 25089
1 17908 58483
1 25135 70930
1 19660 26185
1 5004 26545
1 2714 32820
1 44104 72950
1 17870 79978
1 7549 54346
1 6904 80486
1 37385 24763
1 8742 74818
1 10248 65145
1 23243 72144
1 49061 98612
1 28342 74384
1 12734 47480
1 15321 98914
1 7659 72596
1 25805 99226
1 5133 52454
1 20116 78516
1 4798 3898
1 46108 27462
1 49247 42039
1 25640 48828
1 48820 96374
1 24860 37726
1 38872 94354
1 29321 87702
1 15875 12337
1 9399 28647
1 15856 63689
1 25000 26733
1 28046 9641
1 34571 35751
1 25549 81577
1 38906 56440
1 40686 85075
1 4411 88146
1 15811 54714
1 11669 40374
1 13029 47171
1 8199 15745
1 5385 17853
1 29972 46906
1 38676 8497
1 41210 8146
1 47643 11589
1 15509 12333
1 27821 44274
1 7300 99665
1 12892 63648
1 35197 90560
1 3406 94693
1 43201 11699
1 35257 99222
1 19561 4473
1 26289 72148
1 20327 48196
1 41422 7345
1 6681 99952
1 29168 19144
1 23136 90282
1 13421 48133
1 28587 5508
1 6065 61387
1 30980 44899
1 47923 36609
1 1406 83114
1 17234 90803
1 6100 66717
1 32131 41088
1 2068 28845
1 23459 42006
1 39287 69179
1 5837 22407
1 32668 73113
1 22105 32195
1 14296 38861
1 35341 39116
1 9240 9435
1 34395 32139
1 7952 94198
1 36108 17840
1 30730 46105
1 31974 37069
1 40562 98507
1 44620 23790
1 40939 81114
1 26035 33716
1 9483 68883
1 12378 84197
1 46584 32331
1 35065 53346
1 20782 39899
1 43390 63126
1 39140 28773
1 32760 64472
1 49088 1771
1 18021 60304
1 22955 84785
1 14019 16756
1 32331 44403
1 19568 38928
1 44359 27001
1 11545 62696
1 43580 53123
1 44544 54934
1 22280 4732
1 19651 27201
1 5902 99268
1 23814 83597
1 46010 51701
1 37993 64092
1 628 13400
1 42898 28316
1 48591 75734
1 25877 19307
1 41884 43310
1 21026 67932
1 11588 20864
1 43245 80963
1 34405 64788
1 2960 13193
1 15411 24696
1 11644 98599
1 11572 67801
1 1739 71873
1 1874 93607
1 30550 68178
1 30115 78288
1 44788 58989
1 30208 76766
1 38782 86923
1 15549 54148
1 32932 61765
1 4459 6061
1 34060 61019
1 25115 8814
1 27349 4792
1 41709 78895
1 36293 32153
1 19985 66597
1 27855 99545
1 7735 96944
1 4015 68496
1 7865 96520
1 35331 98920
1 11408 76609
1 20752 40111
1 10580 26337
1 29136 62184
1 24856 82271
1 32154 85441
1 441 55262
1 6204 64573
1 15444 21316
1 18832 98031
1 48431 29170
1 49177 72819
1 26629 5692
1 919 18437
1 9630 98353
1 49543 6470
1 41330 22802
1 48901 17359
1 37084 96945
1 15382 32332
1 16593 44811
1 37104 81782
1 3020 43398
1 21742 29577
1 16243 90333
1 19395 31987
1 49977 80540
1 27239 93303
1 49139 98112
1 498 41050
1 14688 35281
1 28392 64052
1 37323 57264
1 26743 20941
1 24688 54319
1 2029 25694
1 34174 94671
1 37979 87026
1 43111 93849
1 2226 32813
1 48490 2804
1 43930 36107
1 14141 43005
1 37975 65104
1 21368 39269
1 7060 17543
1 12425 58452
1 6153 36772
1 23269 62999
1 25074 8048
1 31179 18087
1 20309 72319
1 13214 88315
1 46714 15603
1 9335 76338
1 2778 77647
1 30688 20405
1 29075 7220
1 21611 21509
1 17231 7453
1 31744 15297
1 31173 41944
1 15712 46489
1 28840 3753
1 24425 94044
1 10634 52725
1 10368 29561
1 46204 65285
1 15512 17696
1 16521 23207
1 15426 27526
1 34348 34619
1 29623 39141
1 35218 99624
1 43856 33463
1 27272 90563
1 15115 77903
1 2923 68868
1 6253 9191
1 17885 76160
1 41542 57878
1 11110 57459
1 24729 30548
1 37052 40388
1 19072 74943
1 1863 37601
1 37814 58636
1 48882 79239
1 40763 73519
1 31981 67813
1 35616 68413
1 10956 83867
1 15445 66220
1 48466 96779
1 7643 24369
1 48923 53395
1 27574 58170
1 1246 2466
1 2802 96271
1 46871 61182
1 8845 20608
1 4424 17878
1 34128 57846
1 17265 55004
1 25933 90976
1 6217 88819
1 12227 88233
1 12628 86231
1 26042 50784
1 4850 34595
1 38557 9658
1 32977 71689
1 34921 17087
1 22221 22143
1 4088 24916
1 23829 78937
1 4624 29476
1 19276 48772
1 43373 7313
1 23335 78215
1 11301 64041
1 47016 37208
1 49797 41805
1 35312 32844
1 30615 74994
1 4681 68479
1 31817 57206
1 40870 54243
1 23754 53934
1 31906 67589
1 6055 47598
1 40583 35112
1 48774 30302
1 39309 7814
1 46914 28740
1 29792 9301
1 11286 79632
1 36720 75433
1 3687 30413
1 26991 48229
1 16306 19440
1 21247 82833
1 31005 80602
1 47264 82052
1 40471 57118
1 35252 19747
1 28878 99295
1 49220 18686
1 46089 83266
1 4943 78131
1 6955 78579
1 30406 58479
1 19098 59429
1 3138 81064
1 10596 90928
1 5934 64478
1 3646 81551
1 22927 60736
1 24536 34909
1 28976 68782
1 37635 23863
1 14234 58833
1 26843 78173
1 26418 12993
1 46348 93271
1 44547 47206
1 41876 77187
1 43214 63898
1 39446 97602
1 29969 67719
1 27658 69591
1 14607 87115
1 20215 4217
1 12231 22865
1 22941 21184
1 29074 83066
1 36863 82156
1 25314 91170
1 16456 57662
1 44866 72256
1 8087 34280
1 36198 25030
1 31290 70428
1 10399 65315
1 46489 27357
1 19033 55061
1 11452 40464
1 48010 76626
1 31994 12958
1 13784 50065
1 10696 36906
1 21680 30079
1 15778 64330
1 30695 49877
1 35874 49176
1 46248 27988
1 13187 77597
1 39549 49470
1 45060 14211
1 7768 28951
1 46220 88099
1 23906 68308
1 7212 42062
1 11815 59096
1 18080 20199
1 10487 28464
1 11969 17157
1 27635 14499
1 13445 44217
1 34444 83196
1 38531 36983
1 6159 27263
1 49511 11002
1 40792 46709
1 26485 48420
1 18692 14095
1 26561 13433
1 15810 48486
1 37715 17482
1 26702 31020
1 8396 16619
1 14163 84291
1 36788 53316
1 14515 13503
1 29551 97461
1 7151 77745
1 27522 21825
1 27831 75434
1 34682 86335
1 32162 68328
1 19614 93443
1 8516 72810
1 47683 79236
1 8000 28090
1 21479 68462
1 45336 98161
1 40556 10445
1 15542 13119
1 4740 35707
1 24004 50511
1 2995 87449
1 39659 55464
1 13839 72737
1 8388 46400
1 30544 83162
1 39691 54241
1 45948 56096
1 26748 89792
1 29526 81253
1 33618 2212
1 30521 7238
1 16934 98068
1 27011 19756
1 13739 6541
1 37728 56131
1 403 49483
1 9562 13996
1 32750 31429
1 46096 31304
1 31327 16908
1 2747 51639
1 35976 60097
1 36728 29742
1 15313 22302
1 25989 73571
1 74 90495
1 36774 78034
1 20180 11602
1 45515 13606
1 44548 81820
1 4911 93572
1 16762 20181
1 24869 24939
1 6006 92986
1 35898 43061
1 38828 44803
1 31217 2972
1 10756 47476
1 47286 28514
1 2476 37240
1 32621 88205
1 28188 78269
1 24709 38871
1 42238 44033
1 33985 53047
1 13740 48435
1 18940 52599
1 13931 87286
1 25541 5300
1 22347 59853
1 42660 50229
1 1561 79042
1 1458 12994
1 32809 18480
1 22810 17468
1 7731 72051
1 7545 22196
1 30234 52404
1 38070 37021
1 10051 41851
1 39881 40679
1 4310 79717
1 42432 86049
1 34807 83644
1 17674 2435
1 31456 33429
1 17665 96310
1 31501 42938
1 20965 17393
1 45805 33424
1 9434 9234
1 28744 69535
1 47690 91315
1 8638 54691
1 9527 42466
1 17761 97110
1 48476 16455
1 11018 48056
1 38808 66107
1 22024 1081
1 24236 38669
1 35188 95378
1 37489 32457
1 26597 96741
1 27429 77841
1 27375 65846
1 2005 4138
1 12821 79288
1 6845 9202
1 23610 17858
1 22484 69864
1 43417 72856
1 28415 12958
1 44616 67320
1 44895 65736
1 4892 60675
1 13720 78719
1 14396 94561
1 8155 35243
1 26645 38704
1 19875 64759
1 30686 40422
1 45699 85887
1 24738 16030
1 27483 90909
1 43211 69939
1 27366 60532
1 24790 74719
1 1029 15127
1 6771 3181
1 32974 76353
1 34563 66263
1 10889 40906
1 44792 3648
1 28862 39828
1 38609 65828
1 9718 51412
1 19149 52750
1 3734 33316
1 35101 40589
1 28773 57728
1 35413 33438
1 49604 43655
1 9753 49507
1 9276 5627
1 2666 16025
1 6934 72020
1 46912 58499
1 37325 23346
1 5869 94390
1 5749 61451
1 24070 64692
1 22450 11607
1 32537 71599
1 9903 88606
1 17301 64983
1 46174 50904
1 33186 83120
1 941 40540
1 5638 27341
1 27923 93147
1 45027 89754
1 22524 16625
1 46633 65623
1 16540 74336
1 31209 50271
1 2498 85979
1 17693 30655
1 12770 46469
1 17304 47086
1 3709 98886
1 32285 9992
1 45639 65601
1 42064 87072
1 35512 71509
1 13571 88135
1 23657 99482
1 4009 54998
1 3526 32495
1 42139 36404
1 29860 6736
1 21995 21832
1 9197 42943
1 47523 6343
1 31778 52615
1 5770 77735
1 16891 81242
1 32872 41404
1 43198 15811
1 17481 88305
1 28249 32839
1 7564 67824
1 3427 93058
1 19216 10934
1 49238 47824
1 4300 36625
1 36056 42447
1 16964 23662
1 32157 9785
1 35888 20959
1 9345 29656
1 37017 48025
1 36623 20787
1 3191 71580
1 26255 26223
1 6953 28274
1 16477 50337
1 1557 49710
1 4743 34397
1 13085 45375
1 45037 15123
1 9884 28477
1 23558 66470
1 48697 44538
1 32643 47650
1 48749 6129
1 4587 88347
1 43544 62132
1 39846 41599
1 42158 51442
1 8966 79921
1 15712 33674
1 4908 3956
1 21824 82038
1 40422 13162
1 21306 56675
1 25806 15497
1 13676 88649
1 35763 7460
1 42002 13239
1 25398 15491
1 45121 62375
1 463 68260
1 28365 25434
1 32162 82482
1 3995 2989
1 21937 80361
1 29937 80064
1 39401 1750
1 13572 91847
1 42537 90982
1 46778 45283
1 33120 59360
1 10539 62558
1 31497 20334
1 25010 58790
1 36080 51439
1 2787 87801
1 22524 13086
1 45838 48278
1 25228 96503
1 41168 87743
1 37286 92228
1 4663 43498
1 41080 9800
1 16226 32176
1 20733 17639
1 18526 30833
1 42565 54616
1 8308 70371
1 3229 52062
1 48421 66535
1 26379 96321
1 10414 70870
1 20179 72934
1 27431 57411
1 25321 10346
1 10793 10697
1 15949 3959
1 37779 84993
1 16124 97764
1 46406 48639
1 40462 38316
1 12149 72547
1 23303 3637
1 44028 10084
1 39281 50024
1 22408 20948
1 13823 47226
1 47510 57477
1 5404 46694
1 23831 55111
1 21356 59552
1 32308 76550
1 35089 59222
1 12296 9397
1 5734 38526
1 9259 48787
1 11818 46745
1 48292 40322
1 15299 72703
1 11857 47359
1 13322 17796
1 6580 94893
1 3161 60052
1 5847 38581
1 48413 17075
1 46295 20116
1 9478 9299
1 5486 392
1 18965 74828
1 7238 20648
1 47857 2612
1 26751 98862
1 49512 32025
1 30851 12784
1 25743 6494
1 20851 70114
1 40406 87796
1 38278 57562
1 10448 6366
1 22564 46893
1 28474 91609
1 49142 14746
1 4888 24465
1 9069 57548
1 35460 23700
1 24799 63650
1 5017 56169
1 18750 64105
1 11873 5709
1 40977 57879
1 41727 62866
1 32482 39063
1 20899 79286
1 37894 26711
1 36064 12268
1 870 60217
1 36090 602
1 11280 65330
1 7763 42937
1 16848 36229
1 47442 55122
1 40960 7004
1 34174 81880
1 24956 38805
1 42751 87662
1 37110 69245
1 30462 10481
1 27137 80529
1 4481 37073
1 20790 38954
1 29350 38587
1 6874 59597
1 44199 47504
1 39102 25116
1 29075 369
1 20448 37070
1 28145 51381
1 33198 88236
1 31399 17772
1 8865 79268
1 26786 69260
1 4094 28204
1 46553 1372
1 42249 17758
1 37468 7443
1 21663 78338
1 30211 92905
1 12232 79789
1 4145 37302
1 20617 5823
1 44500 93119
1 30067 60640
1 38254 33153
1 27178 44050
1 34394 97605
1 19369 45654
1 5053 50732
1 14476 79130
1 24982 21951
1 6505 74650
1 33016 73921
1 1443 17550
1 24171 54901
1 27076 98148
1 10868 26296
1 4600 46013
1 23021 11532
1 29529 65102
1 3576 10564
1 6979 85144
1 2526 11494
1 1490 12912
1 27579 26026
1 46465 34345
1 46198 41792
1 40132 56636
1 34264 31253
1 10553 31813
1 45533 91465
1 46130 84411
1 23381 4045
1 40824 31029
1 49332 4137
1 37600 61166
1 42583 52339
1 28639 49317
1 36798 88536
1 15741 99819
1 46328 21113
1 28176 85450
1 36863 92246
1 21189 34691
1 12653 6586
1 10658 52780
1 2831 80068
1 22704 47949
1 40655 48783
1 26563 71686
1 9344 81759
1 48816 52702
1 8759 22994
1 11180 14370
1 14208 90651
1 9680 88867
1 41239 55117
1 11445 8844
1 14412 43340
1 17118 7546
1 3902 63034
1 28026 39345
1 37039 99662
1 17835 93674
1 45635 15309
1 12821 57810
1 15932 42627
1 37276 60593
1 7250 17856
1 18266 71831
1 17522 89699
1 39223 753
1 35383 21899
1 31073 63415
1 9950 55224
1 1472 95155
1 16282 3121
1 14229 95286
1 48008 87936
1 24481 88074
1 48414 27334
1 45592 71413
1 37415 31028
1 30977 29769
1 34472 17439
1 15641 61265
1 5934 58174
1 5238 90819
1 44107 55410
1 5562 75421
1 18707 25066
1 20265 80662
1 27458 56019
1 43677 32289
1 39268 33353
1 16424 66167
1 22663 82089
1 15480 44126
1 21653 23289
1 6863 94073
1 27520 26617
1 38404 61991
1 40042 45556
1 32079 74893
1 18188 61185
1 40608 55930
1 17703 59012
1 45914 95917
1 1901 27792
1 10655 49980
1 18090 82404
1 28676 89660
1 23631 18960
1 20543 24524
1 22949 3481
1 7135 50595
1 45975 71444
1 25555 94301
1 35929 83061
1 47962 33102
1 26792 58638
1 47379 63433
1 11045 76155
1 31080 1720
1 47682 44665
1 29185 95205
1 48752 16235
1 14278 24224
1 47679 43617
1 44461 77572
1 35742 16550
1 43976 81353
1 38626 32574
1 34370 90911
1 13384 1976
1 22027 88857
1 4850 23236
1 19088 4566
1 14795 8813
1 20430 37081
1 45277 83045
1 18 27521
1 2586 36927
1 38330 89612
1 30269 50742
1 10206 58962
1 15329 50679
1 38640 15131
1 9286 53234
1 33742 59770
1 9361 50166
1 32111 51961
1 48429 54781
1 41492 66950
1 38120 25425
1 48642 9725
1 32977 56341
1 28467 60536
1 45367 21891
1 16336 1871
1 2789 54994
1 15810 39481
1 26294 15498
1 25830 32576
1 38158 7892
1 27643 59809
1 32448 93955
1 34401 13878
1 29972 48599
1 14619 99331
1 44373 7888
1 48494 32491
1 29070 49061
1 10150 88241
1 30530 10177
1 16924 85910
1 5024 85388
1 18350 97679
1 22844 70916
1 48359 87841
1 44873 18910
1 16866 26534
1 36406 30557
1 44482 74276
1 26046 9301
1 46468 15328
1 37317 50782
1 16460 76196
1 14718 45173
1 46930 50065
1 20558 27583
1 41945 96311
1 36612 57392
1 12931 63382
1 1158 31719
1 8547 96036
1 17333 40791
1 32146 15696
1 1516 59488
1 32369 38437
1 41017 18986
1 24855 64703
1 16177 82823
1 26627 38619
1 39241 96662
1 6431 92296
1 48447 67263
1 23031 38352
1 23228 79063
1 23660 77459
1 7236 34644
1 21773 70166
1 20621 42726
1 40284 70742
1 16653 85090
1 7726 11372
1 41010 57537
1 49973 29262
1 3038 35369
1 11081 77882
1 970 11874
1 27170 88839
1 31588 77652
1 33820 97439
1 26932 69375
1 11733 402
1 32352 54817
1 18590 80051
1 30511 84494
1 41067 82901
1 13583 90786
1 39651 8308
1 19986 96487
1 20282 37622
1 49913 29915
1 29578 25151
1 20385 16015
1 20583 77856
1 29896 87964
1 29011 41655
1 27737 34320
1 42391 8873
1 39048 23773
1 15120 34876
1 48705 34624
1 35011 25134
1 10943 31202
1 16415 68189
1 41832 15396
1 3638 84490
1 46062 81090
1 10222 20880
1 15212 32620
1 4939 42267
1 15540 52443
1 20437 44592
1 38873 33406
1 11400 96217
1 33344 1402
1 3247 45724
1 17838 99117
1 46383 81748
1 17100 82428
1 12381 72543
1 9657 22013
1 33300 22893
1 10668 9111
1 27220 65833
1 10096 77449
1 2422 34797
1 48495 68913
1 16197 34677
1 42575 61994
1 8544 90515
1 23334 46682
1 33543 98119
1 7985 19918
1 11485 65523
1 30757 39090
1 30270 65752
1 36886 46693
1 44763 37396
1 31028 57377
1 12317 16406
1 25421 72623
1 8393 44412
1 42308 13926
1 32019 60887
1 18879 77932
1 43104 71898
1 3883 26896
1 34407 32243
1 1569 40567
1 794 16277
1 38442 55108
1 7525 38571
1 15046 66984
1 10992 75269
1 9709 49834
1 48788 13129
1 3007 97335
1 43744 54328
1 1087 55821
1 49391 95895
1 15746 87164
1 33891 96692
1 42086 46952
1 29479 74508
1 49834 74418
1 40710 2345
1 12020 26571
1 43501 89472
1 44822 95223
1 43284 24292
1 28579 39120
1 49999 3094
1 19966 29344
1 32482 19833
1 19212 70183
1 2588 95445
1 33050 30414
1 14183 46180
1 20401 37564
1 20046 33279
1 18318 32517
1 6556 89225
1 11693 62161
1 22403 32463
1 36530 739
1 12248 90418
1 49278 75878
1 33014 96036
1 27185 77836
1 45170 857
1 39121 80312
1 2161 48971
1 7653 50841
1 10588 12488
1 26860 64302
1 20461 57109
1 12705 55907
1 32102 54617
1 15859 95515
1 7613 98253
1 24861 74515
1 31344 66753
1 31122 20455
1 24204 64949
1 37279 66328
1 11824 56512
1 33372 34202
1 1086 14618
1 40514 96050
1 8038 99166
1 26117 62722
1 15236 48134
1 37341 61344
1 4891 13438
1 45218 15331
1 4339 69032
1 15369 26993
1 371 83713
1 10054 69909
1 2474 84773
1 14445 63368
1 39714 7232
1 15058 64095
1 10704 91450
1 25463 85327
1 44089 60985
1 49884 51311
1 37993 76170
1 18003 33078
1 38856 86461
1 6232 4550
1 19031 4150
1 20696 49415
1 42348 57294
1 8155 32672
1 43362 24666
1 16345 15888
1 16546 68307
1 42442 13312
1 45901 71890
1 3288 25083
1 37022 14148
1 36338 44723
1 12318 52949
1 44154 62855
1 18075 79332
1 19828 91130
1 17120 57361
1 12082 19945
1 47102 25108
1 27701 27894
1 35731 25271
1 14370 30040
1 33922 40834
1 47639 95336
1 6316 21405
1 29852 35813
1 22051 24928
1 47133 75123
1 31188 45151
1 18951 8614
1 23587 49254
1 49867 91227
1 41906 74869
1 14647 33020
1 8201 65528
1 399 37144
1 23431 79626
1 38564 46679
1 46735 20919
1 26010 72881
1 32694 41458
1 36297 49784
1 25727 58175
1 46203 24522
1 21771 6093
1 968 43737
1 27281 10713
1 15588 87284
1 12410 46941
1 39021 8605
1 40790 84015
1 49247 56635
1 43956 6447
1 6224 16238
1 4656 4998
1 7816 20838
1 6365 57295
1 1384 28972
1 6135 25847
1 27418 12275
1 37004 34399
1 38090 12459
1 1218 52742
1 20711 58393
1 49891 81983
1 324 91343
1 27619 75697
1 48078 43588
1 15557 25923
1 6374 77021
1 30710 49262
1 32616 14336
1 30117 40981
1 49094 97499
1 21001 16482
1 33148 1018
1 218 30518
1 9487 16658
1 28274 95174
1 8375 7065
1 45034 41011
1 20307 82571
1 953 33294
1 40087 52000
1 31683 64328
1 10779 39198
1 27351 41742
1 35345 73023
1 46458 90487
1 2331 53996
1 35162 95787
1 38837 48228
1 49362 22384
1 33577 29481
1 3803 39501
1 8299 63287
1 2683 10689
1 7028 45529
1 30313 25936
1 10686 15370
1 22400 34004
1 12537 22510
1 33463 1981
1 40443 16339
1 36373 1206
1 22800 95535
1 17008 98294
1 25368 400
1 35943 59085
1 32313 41337
1 39016 39789
1 30319 34872
1 41446 29371
1 10470 34643
1 10184 22679
1 1098 7284
1 10655 47160
1 42270 26366
1 31197 39163
1 771 22146
1 45054 9401
1 31321 83288
1 39002 76666
1 42474 86876
1 15578 32485
1 4532 43384
1 32199 24991
1 9737 16494
1 17389 6030
1 47669 6024
1 34808 9507
1 37018 98158
1 5399 8049
1 3220 36777
1 11069 91654
1 27763 8538
1 42112 14997
1 10519 87112
1 11004 76679
1 4747 61781
1 30792 18206
1 30045 11354
1 46292 3546
1 216 60960
1 14166 88009
1 21359 44576
1 23959 53263
1 10344 99518
1 30088 50726
1 34215 71206
1 39611 32916
1 49815 34610
1 20702 74136
1 48833 9533
1 47351 6231
1 46449 98845
1 10140 62384
1 43814 26587
1 47023 72475
1 48875 44622
1 25665 90383
1 14512 91878
1 7497 21652
1 40699 36089
1 30516 38671
1 21933 44200
1 47103 62051
1 14945 42532
1 40406 72238
1 12979 69572
1 2862 33042
1 48662 70883
1 32967 13745
1 11299 94380
1 47536 29304
1 46318 92428
1 48719 93397
1 26390 41440
1 26646 67569
1 20718 10328
1 7223 85569
1 49489 86084
1 41895 14958
1 34569 79182
1 18107 33430
1 3932 66160
1 17975 1357
1 14943 86168
1 41281 82594
1 21134 76857
1 34508 20619
1 48266 53018
1 34069 79759
1 9481 431
1 35352 1935
1 21176 5964
1 27270 30428
1 41837 67387
1 42285 30792
1 40349 53149
1 45138 34096
1 7059 87891
1 49752 3387
1 46949 82692
1 38953 35301
1 8057 23033
1 48560 63732
1 8370 45970
1 13740 66751
1 12527 81213
1 19594 8802
1 18666 47308
1 48059 16525
1 1419 9156
1 8782 94183
1 19340 93092
1 42626 84733
1 23266 54982
1 22243 67747
1 21540 40814
1 31810 20996
1 8120 52974
1 31801 41179
1 3171 19380
1 38804 20921
1 4455 49169
1 326 82765
1 42513 89628
1 9285 8692
1 44792 81422
1 49810 74322
1 32824 28175
1 36529 43636
1 41905 54269
1 31074 89654
1 22234 57387
1 48455 36353
1 37977 14444
1 24179 23594
1 42308 9663
1 18655 62573
1 30073 65180
1 30055 45073
1 40037 51828
1 29924 27633
1 47191 33461
1 5965 21427
1 3805 96964
1 12933 40343
1 15059 4900
1 34531 93102
1 9722 4713
1 38541 97398
1 4771 91316
1 49049 89790
1 12466 31862
1 38287 48706
1 44633 60707
1 42071 44909
1 26877 34868
1 28677 40294
1 33876 69711
1 13959 4340
1 8942 66176
1 10776 19994
1 27271 63950
1 41094 9463
1 31076 57299
1 20509 77728
1 48102 66909
1 49712 80320
1 29504 36180
1 14405 7934
1 36055 21473
1 21652 14019
1 21323 31278
1 19891 24
1 14056 83539
1 25102 69112
1 44764 62755
1 17174 76504
1 7101 4690
1 5913 83442
1 49193 35531
1 30075 10231
1 35662 26228
1 293 57448
1 42039 45842
1 9741 39121
1 1319 62938
1 25690 25900
1 20579 23840
1 37788 68052
1 7515 3542
1 32286 33467
1 10308 94377
1 1535 778
1 28274 85873
1 28467 66482
1 13618 65163
1 33099 63353
1 3098 39366
1 22429 11667
1 16317 79596
1 2132 65564
1 29275 42604
1 48569 45348
1 12218 9472
1 8294 89323
1 42186 7259
1 20622 77092
1 10782 45127
1 46254 39747
1 34430 14014
1 44814 40252
1 45421 26678
1 33320 84954
1 24771 47857
1 30547 90482
1 32591 78262
1 46106 75991
1 1219 85197
1 12961 84297
1 24051 20386
1 32260 55342
1 31515 30846
1 35431 32678
1 36064 26168
1 9255 1552
1 34015 63092
1 27048 76688
1 5049 37128
1 19413 49571
1 28526 62903
1 38303 80265
1 27923 72152
1 30537 41637
1 45224 4016
1 29423 1080
1 6155 16111
1 29058 44144
1 4550 43294
1 48886 12380
1 14649 16313
1 23148 94130
1 43219 17072
1 43772 11416
1 32202 21113
1 34333 57152
1 7728 88630
1 31668 56214
1 20725 32013
1 8513 77398
1 22871 60567
1 4175 57678
1 43013 86831
1 31322 48903
1 353 97185
1 43367 7940
1 9009 45948
1 7742 59820
1 34859 27401
1 49525 79706
1 45680 44639
1 31851 11923
1 42684 51262
1 36726 72174
1 23060 39781
1 45504 37138
1 12628 92506
1 25947 70279
1 27773 26523
1 46610 94579
1 13299 32149
1 28632 15593
1 37690 94142
1 27505 31600
1 912 87502
1 27314 15815
1 15282 99849
1 26059 29756
1 8187 9793
1 10079 87805
1 41427 78195
1 27007 2187
1 19665 23824
1 895 97595
1 38063 4955
1 4924 40834
1 27362 15371
1 41062 27658
1 13305 32970
1 45163 56523
1 2290 264
1 9704 86901
1 21969 45121
1 46512 97180
1 32901 19172
1 42866 65254
1 18487 22384
1 23142 77137
1 45238 72480
1 44032 43058
1 40949 25217
1 30008 70674
1 33817 97748
1 30107 86859
1 40239 58646
1 21420 84432
1 11028 13423
1 18984 31647
1 34075 78283
1 19105 74178
1 26556 34567
1 29023 72936
1 14821 5704
1 1934 16613
1 18347 135
1 44548 92837
1 2874 16732
1 1749 97805
1 40112 91763
1 9002 2856
1 29464 96321
1 30033 9317
1 9382 63669
1 45737 76311
1 8533 30563
1 27833 69177
1 44458 65750
1 35065 44817
1 2324 30164
1 30005 65903
1 9158 42739
1 49125 45872
1 26752 25556
1 23175 7625
1 2511 28684
1 42308 95486
1 27501 94893
1 46527 15950
1 40764 2057
1 34631 63374
1 27540 26544
1 14769 48290
1 20778 13792
1 28601 84630
1 15548 25785
1 4757 19848
1 19479 71748
1 3534 8796
1 11334 97679
1 15899 19119
1 33824 39316
1 524 33683
1 43358 89440
1 260 43900
1 597 77430
1 48579 95486
1 7019 50141
1 33146 51926
1 17012 34914
1 34247 58236
1 4793 32652
1 30204 54095
1 47699 93244
1 2762 62283
1 16824 10928
1 44046 10615
1 41445 85856
1 44307 88975
1 14441 30874
1 45672 90673
1 14662 55241
1 10822 79105
1 28176 97404
1 7968 40923
1 20173 92023
1 40937 23056
1 42697 66350
1 248 48144
1 47056 83259
1 38567 46200
1 17206 42387
1 31823 73907
1 7957 79897
1 46611 52467
1 12014 51575
1 7957 67320
1 21229 95518
1 44216 22249
1 6902 6006
1 7124 58456
1 36477 22288
1 1178 15813
1 33238 47489
1 10352 60329
1 14978 65637
1 33616 56000
1 38939 69980
1 2800 20718
1 26143 52485
1 402 36544
1 39364 43200
1 33175 18610
1 46523 79396
1 31148 72748
1 953 63826
1 37169 76994
1 7312 99608
1 32414 35013
1 7577 95491
1 11129 85810
1 12840 87527
1 21267 67487
1 2437 24912
1 9694 71282
1 42439 21077
1 4132 3441
1 25058 81083
1 24107 21351
1 24979 15000
1 37750 97244
1 4064 16815
1 35199 43710
1 41660 30106
1 14119 85312
1 17431 17270
1 22507 48402
1 2474 86396
1 3531 6014
1 4040 25377
1 2565 23210
1 14129 20714
1 3660 30167
1 33831 71382
1 28584 87979
1 39820 82676
1 39481 79055
1 6208 97622
1 41566 64353
1 18925 36928
1 37594 40055
1 818 12346
1 35649 67260
1 11125 55577
1 20810 87419
1 32880 7362
1 32252 78459
1 27602 78416
1 11680 12713
1 25975 1766
1 36596 10182
1 48308 77294
1 49806 45968
1 1741 45482
1 45851 82582
1 27653 22592
1 39489 39753
1 15886 87407
1 19198 99352
1 2484 24992
1 252 94500
1 21653 37150
1 41556 24848
1 12226 60553
1 31601 1616
1 39563 51116
1 20880 42552
1 19704 22747
1 35849 90793
1 44068 63264
1 47321 98821
1 9295 33659
1 7246 89378
1 26253 51754
1 10153 88182
1 15757 41246
1 254 65152
1 26619 46663
1 1113 41082
1 3846 83313
1 42334 69799
1 2054 47498
1 25130 98775
1 29116 98543
1 45361 11435
1 27717 71200
1 13011 67063
1 6862 82746
1 48285 5871
1 11893 84233
1 40355 72508
1 41019 87505
1 1144 75483
1 26760 83208
1 41943 24741
1 19411 73944
1 41617 73258
1 1592 35305
1 39809 4720
1 4597 23794
1 36926 11799
1 35933 36568
1 48603 89529
1 4899 82132
1 41652 67021
1 10296 1516
1 12929 96872
1 27951 15905
1 10535 31388
1 39257 47990
1 6568 86889
1 28823 38430
1 18137 58352
1 41259 31652
1 31055 60427
1 49717 30479
1 47816 28057
1 17293 96358
1 3136 21183
1 44518 88794
1 8959 67677
1 26316 65688
1 4837 96800
1 19556 49719
1 44166 45901
1 20644 12784
1 25634 30978
1 16810 60489
1 23333 18480
1 33601 24653
1 47426 43250
1 29008 64994
1 19918 19399
1 609 96792
1 19453 68920
1 28968 25313
1 28820 34259
1 32712 66593
1 44738 92704
1 37187 62380
1 15474 30832
1 2697 64493
1 22856 61194
1 24355 44944
1 2233 60711
1 10949 58546
1 42662 4006
1 8752 89114
1 10909 98250
1 17609 96859
1 40250 20461
1 10949 26923
1 4732 57986
1 32308 91986
1 9983 82769
1 40794 17769
1 2218 68383
1 46621 89604
1 24949 12582
1 1718 50664
1 44789 6632
1 15344 57154
1 35094 7579
1 17044 4980
1 37351 84986
1 15547 77179
1 39706 55815
1 39045 29699
1 31963 66130
1 3869 55968
1 40673 55481
1 9811 81377
1 37884 3277
1 25455 20139
1 35283 89021
1 9622 43614
1 39701 78769
1 43268 75809
1 11036 58696
1 37227 24100
1 4755 48344
1 13947 97161
1 13735 85116
1 13464 65889
1 39477 29886
1 35115 20458
1 30530 14504
1 10753 52914
1 27176 68370
1 11005 38417
1 8462 49409
1 26895 15833
1 14041 64586
1 42764 32578
1 46055 40817
1 34833 60140
1 23922 97105
1 11687 39949
1 14602 32122
1 35407 41679
1 45635 40634
1 39938 32759
1 17214 42007
1 25053 15161
1 32709 55919
1 8979 31197
1 24206 31904
1 32016 49874
1 7480 41052
1 14815 92030
1 23119 98947
1 18210 13804
1 39711 10761
1 12565 62020
1 31681 12230
1 8478 74084
1 45857 5215
1 37805 52195
1 21788 84612
1 34655 58607
1 9897 85880
1 33051 48509
1 13736 4031
1 38014 70856
1 15372 25158
1 1741 29893
1 26184 16795
1 46283 10
1 2722 22976
1 37464 92064
1 1013 50786
1 30780 29780
1 12358 6978
1 48626 83279
1 3089 35349
1 21444 8499
1 14524 6919
1 9733 67404
1 47816 43435
1 45184 77425
1 19834 2760
1 19161 69505
1 36430 41986
1 42131 42129
1 15650 45504
1 29545 5254
1 27519 13542
1 27948 21042
1 34344 12979
1 13583 64185
1 9616 39023
1 7286 3859
1 24099 52604
1 27404 27389
1 37880 73823
1 36607 63989
1 698 79242
1 546 62728
1 27767 29690
1 21200 98558
1 39485 27542
1 17753 37139
1 7758 87132
1 36368 59344
1 11992 90206
1 46364 31991
1 24934 7054
1 30666 69775
1 24403 81823
1 10454 95650
1 49285 22529
1 61 75183
1 41621 11641
1 4476 72321
1 48828 55840
1 38773 69949
1 39851 8094
1 34813 81822
1 41131 27868
1 19749 41158
1 46412 34609
1 12678 53412
1 3850 13741
1 9219 2191
1 12024 61750
1 41905 51749
1 38403 38601
1 25015 23943
1 22419 65513
1 6244 4342
1 12578 93112
1 42033 43925
1 37703 10778
1 16188 55315
1 34345 35454
1 20510 5305
1 39634 38652
1 9342 20851
1 41152 58061
1 46147 38365
1 12077 42048
1 755 6140
1 26535 13011
1 12836 84377
1 12763 1849
1 1839 34143
1 7744 14211
1 21135 6424
1 20472 21795
1 41602 70699
1 13537 33028
1 16117 37035
1 7022 47445
1 8758 93713
1 45582 59199
1 10152 67288
1 9560 65830
1 1630 15465
1 9645 1573
1 7296 40686
1 32828 62755
1 45701 42667
1 1023 95617
1 43187 54262
1 2070 6619
1 41303 16426
1 48350 77213
1 5936 40535
1 30503 20116
1 44474 99069
1 20629 22335
1 45186 32725
1 30751 36061
1 48207 77909
1 34473 43121
1 22913 83679
1 19275 1398
1 11680 20503
1 23213 65000
1 23622 13895
1 35865 37101
1 5106 40950
1 15781 69273
1 27572 72487
1 424 66753
1 47343 59218
1 11648 52572
1 29987 77154
1 10016 81432
1 24756 22727
1 14866 94046
1 3863 55600
1 2063 61776
1 48345 6511
1 42789 60874
1 39220 22067
1 1168 80097
1 28141 17349
1 3847 29633
1 48602 59246
1 354 99138
1 9970 33367
1 47384 30400
1 4935 85675
1 14958 79175
1 38094 42456
1 17632 63279
1 8241 3762
1 26889 33283
1 33945 15495
1 49061 75984
1 26644 91024
1 29843 33640
1 22985 95002
1 49547 12610
1 2008 5522
1 12658 99358
1 47561 82776
1 9422 26049
1 17121 6098
1 33931 27916
1 12112 43476
1 10429 64588
1 39708 8059
1 44388 23946
1 30558 45145
1 37808 31328
1 462 47424
1 19174 92497
1 45338 59590
1 8862 7045
1 38010 46469
1 6234 48902
1 35383 36256
1 32042 18357
1 30726 88622
1 34199 34887
1 30815 92440
1 18587 89809
1 47839 11861
1 16257 55693
1 48346 44861
1 35612 20336
1 7776 74458
1 21280 10290
1 43615 49332
1 17330 10907
1 18013 77010
1 1811 95986
1 45169 53036
1 21237 59384
1 34679 76214
1 36754 20189
1 20558 21292
1 10456 58004
1 881 38940
1 9491 33436
1 14651 61845
1 44653 20807
1 24907 91846
1 22114 35414
1 24124 99773
1 15033 23556
1 11404 49131
1 1144 74073
1 2382 78551
1 26231 15529
1 19996 33987
1 15628 32138
1 29108 4331
1 7480 25447
1 36499 60711
1 12882 17770
1 12029 35098
1 31588 73121
1 27539 78485
1 29540 24684
1 16664 54565
1 10630 26437
1 21105 97421
1 15667 38480
1 14222 60873
