13220
28606
70531
70260
75911
82948
56296
5214
87242
10940
75473
89053
54996
79175
50977
51016
87115
81542
65744
43778
35340
71540
7326
40798
53476
3760
10963
46326
66780
77667
45613
71503
78752
94306
33127
73229
89155
9550
31708
19188
14667
19432
30035
73044
60756
63586
53233
9848
81403
93759
48280
73448
43758
6311
13548
69821
5673
48438
47342
36614
73194
49680
85215
39025
28577
13352
97664
38466
57530
41956
77012
14597
65812
86779
26078
12190
74805
44129
17006
73650
66638
15270
1760
23693
2963
0
61861
62502
97586
72196
77511
3873
56191
36595
86237
99490
51479
52680
64982
76324
1322
18986
46164
55087
55720
64494
61666
72181
72058
64689
48248
83621
79102
22204
98376
94721
95558
96453
73904
54010
29242
98974
47687
47571
76910
73273
34354
74320
91060
91671
18084
97036
29733
90759
90223
93755
13454
74123
97610
863
82011
22619
98933
5219
80272
71795
7122
59275
53564
81876
59955
97401
49850
91516
77685
70433
20653
17169
88383
26100
10937
63470
91212
27801
32147
1513
36469
56423
68793
63569
61694
82291
84584
73213
81280
73871
86283
90880
42739
597
76404
