65
402 22097 44172
31683 34949 52098
44363 31459 44507
35304 32462 55156
45633 27077 60967
16756 7308 42358
41484 10255 22402
27510 48690 4172
18595 28285 46977
15643 18212 86987
2137 20807 97541
27837 40890 55133
27641 7103 70604
19951 12822 89285
31764 46686 66073
40226 14504 51088
15531 23721 44996
16223 12929 99080
4374 20552 9542
49654 14404 60905
36712 2935 63315
2170 20781 18127
44043 6920 11223
41139 6204 62032
45308 26528 85073
20780 39089 98418
21256 47154 97822
5844 28834 17727
44151 28134 89748
8799 41078 52665
42369 28583 64961
29247 44801 14228
48072 18914 68325
44911 4433 28537
9955 17431 14013
22644 27415 10676
41149 30728 63231
22194 12984 58239
28761 23431 93006
42763 42697 65549
49367 40295 46055
29258 23124 91237
41327 20419 38445
27485 23041 83807
11993 12842 65091
41550 16131 17022
41531 48657 95734
17726 25585 2631
22317 18777 48393
25096 34157 23437
16208 10063 71901
20870 4132 7777
4026 21144 34131
29409 19633 51561
30259 3313 69804
8110 14703 14000
49735 19364 4044
33291 16107 20167
21326 27212 93753
3938 42977 84271
14330 38312 99040
31468 21319 7943
8064 32042 27684
41794 17406 87339
23180 35741 52415
