0
0
0
3716
0
0
73312
0
0
0
0
0
0
0
0
33058
0
0
0
0
0
0
0
0
0
0
0
0
0
0
0
0
0
0
0
0
0
0
0
65214
0
0
67643
0
0
98659
0
0
0
0
0
0
0
0
0
0
0
0
0
0
0
0
0
0
0
0
0
0
0
0
69181
0
38747
0
0
0
43644
0
0
0
0
0
0
0
0
0
0
0
24171
0
0
0
0
0
0
0
0
0
0
0
15427
0
0
0
0
0
0
0
6145
0
0
0
0
0
0
0
0
0
0
0
93633
0
0
0
0
0
0
0
0
0
0
0
0
0
0
0
0
0
0
0
0
0
0
0
38396
90864
0
0
0
67710
0
0
0
0
0
0
0
0
0
0
0
36748
0
0
0
0
0
2923
0
0
0
0
0
0
0
0
0
0
0
0
0
0
0
0
0
0
0
59342
0
0
0
50024
0
0
0
94940
0
0
0
0
0
0
17052
0
70194
76958
0
0
0
0
0
0
0
0
0
0
0
0
0
0
0
0
0
0
0
0
0
0
0
0
0
0
0
0
0
0
0
0
0
25561
0
0
0
0
0
0
0
74036
0
0
0
0
0
0
0
0
0
0
0
0
0
0
0
61305
0
0
0
0
0
0
0
0
0
0
0
0
0
0
0
0
0
0
28924
0
0
0
0
0
0
0
0
0
0
0
0
90328
0
0
0
0
0
0
0
0
0
0
0
79452
0
0
0
0
0
0
0
0
72046
0
0
0
62235
0
0
0
0
0
0
0
0
0
0
0
0
0
0
0
0
0
0
0
86640
0
0
0
0
0
0
0
0
0
40704
0
0
0
0
0
0
0
0
0
0
0
0
0
0
0
32787
0
0
0
0
0
0
0
4766
29159
0
0
16505
0
0
0
0
0
0
0
0
0
0
77144
0
0
52220
0
0
0
0
0
0
0
0
0
0
0
0
0
19453
0
0
0
0
8307
0
0
0
10309
0
0
0
96694
0
0
0
0
0
0
0
0
0
0
0
0
0
0
0
0
0
0
0
0
0
0
0
0
0
0
73697
0
0
0
0
0
0
79120
0
0
0
0
0
0
0
0
0
0
0
0
0
0
0
0
91907
0
0
0
2780
0
0
46804
0
0
0
0
0
0
80506
0
0
0
0
93092
0
29307
15916
0
0
0
0
0
0
0
0
0
73665
0
0
0
0
0
0
0
0
0
0
0
0
22217
0
0
0
0
0
0
0
0
0
0
0
0
0
0
0
0
0
0
0
90053
0
0
0
0
0
0
0
0
0
0
0
0
30381
0
0
0
0
0
0
0
0
0
0
0
0
0
0
0
0
0
0
0
4197
0
0
0
0
0
0
0
0
26794
42653
0
0
0
0
0
8863
0
32335
0
0
0
0
0
0
0
0
0
0
0
0
0
0
0
0
0
0
0
0
0
0
0
0
0
98066
0
0
0
0
0
0
18922
0
42064
0
0
0
0
0
0
0
0
0
0
0
0
0
0
4252
0
0
0
0
0
0
0
25860
0
54154
0
92754
0
0
0
0
0
0
0
0
0
0
0
0
0
0
0
0
0
464
72483
0
0
0
0
0
0
39101
99
0
0
0
0
44746
0
41483
0
0
0
0
0
0
0
0
0
46204
0
0
0
0
0
0
0
0
0
0
71820
0
0
0
0
0
0
0
5707
0
0
0
0
0
0
0
0
0
0
0
0
0
0
0
0
0
0
0
0
0
0
0
0
0
0
0
0
0
0
70186
0
0
0
0
0
0
230
0
0
0
0
0
0
0
0
0
0
0
0
95713
0
0
0
0
0
0
0
0
0
0
0
0
0
34100
0
0
0
0
0
0
0
0
0
0
0
0
0
64316
16185
0
0
0
0
0
0
0
3118
0
0
74016
0
0
0
0
0
0
0
0
0
0
36440
0
32348
0
0
0
0
0
0
0
0
0
32024
0
0
95466
0
0
0
87800
0
0
0
0
0
0
0
0
0
0
0
0
0
0
0
0
0
6691
0
20652
0
5215
0
0
0
0
0
0
0
0
0
0
0
0
0
0
0
0
0
0
0
91759
0
0
0
0
0
0
0
0
0
0
0
0
0
0
0
0
97731
0
0
0
0
0
99681
0
0
0
0
0
0
0
0
17559
79640
0
0
0
0
0
0
0
0
0
0
0
0
0
0
0
0
0
0
0
0
0
0
0
0
23120
0
0
8901
0
0
0
0
0
24293
41796
82364
0
0
0
0
0
9970
0
0
0
74951
0
0
89402
0
0
0
0
0
0
0
0
0
0
0
0
0
0
0
0
0
0
0
0
0
91084
0
73377
0
0
0
0
0
0
0
22143
0
0
0
0
0
0
0
0
0
0
0
0
0
0
0
0
0
0
0
0
0
0
0
0
0
0
0
0
0
0
0
0
0
0
0
0
0
1863
0
0
0
0
0
0
0
0
0
0
0
0
0
0
0
0
0
0
0
0
0
0
0
0
0
0
0
0
0
0
0
0
0
0
0
0
0
0
37836
0
0
0
0
78443
0
0
0
0
0
0
0
0
0
0
0
39584
0
0
0
0
0
0
0
0
0
0
0
0
0
0
0
30726
0
0
0
0
88042
0
6443
0
0
0
0
0
0
0
75196
60971
0
0
0
0
0
0
0
0
0
0
0
87120
0
0
0
8264
0
0
0
0
0
0
0
0
86023
0
0
0
0
0
0
0
0
0
0
0
0
0
0
0
0
0
0
0
0
0
0
0
0
0
0
0
0
0
63750
0
0
0
0
0
50427
0
0
75642
38899
0
0
0
0
35208
75661
0
0
0
0
0
0
0
0
0
0
0
0
0
0
0
0
75352
0
0
0
0
97738
0
5612
0
0
0
0
0
0
0
60366
0
0
0
0
0
0
19682
0
0
0
20043
0
0
0
0
0
0
0
21638
0
0
96132
76696
0
0
0
0
0
0
0
0
0
0
0
0
89609
0
0
0
0
0
0
0
0
0
0
0
0
0
0
0
0
0
0
0
0
0
0
91997
0
0
0
0
0
7743
0
0
0
0
0
0
0
0
0
0
0
0
0
0
0
0
0
0
0
0
0
0
39871
0
0
58728
88270
0
0
0
0
0
0
0
0
0
0
0
0
0
0
0
0
0
0
0
0
0
0
0
0
23904
0
0
0
0
0
0
0
0
0
0
0
0
18753
0
0
0
88712
0
0
0
93066
0
0
0
0
0
0
0
0
0
0
0
0
0
0
0
0
0
0
0
0
0
9494
0
58788
0
0
0
0
569
0
0
0
0
0
92860
65218
0
0
0
0
0
5058
0
0
0
0
0
0
0
0
0
0
90060
0
0
0
0
0
0
0
0
82983
0
0
0
75125
0
0
0
0
21916
88908
0
0
0
0
0
0
0
32250
0
0
0
0
0
0
0
0
0
0
0
0
0
0
0
0
0
0
0
0
0
0
0
51695
0
0
0
0
0
0
0
0
0
77882
20068
0
0
48265
0
0
0
0
0
0
0
36662
0
0
0
0
0
0
0
0
0
36101
0
0
0
0
0
0
0
0
0
78481
0
29433
0
0
0
0
0
0
0
0
0
0
48167
0
0
0
0
0
0
0
53576
0
0
0
0
0
0
0
0
0
0
0
0
0
86229
45854
0
0
0
0
0
0
0
0
6904
0
0
0
67525
0
0
0
0
0
0
0
0
0
0
7031
0
0
0
0
51766
0
0
0
0
0
0
0
0
0
0
0
0
0
0
0
0
0
0
0
0
0
94730
0
0
0
0
0
0
0
0
0
0
72328
0
0
0
0
0
0
0
35356
0
0
0
0
0
0
0
0
0
0
0
0
88443
0
0
0
0
0
0
76118
0
0
0
0
0
98786
36786
0
0
0
0
0
0
0
0
0
0
0
0
0
0
0
0
0
0
0
0
58972
0
0
0
0
0
0
0
0
0
0
0
0
0
0
0
0
0
0
0
0
0
0
26481
0
0
0
32578
0
0
0
0
0
0
0
0
59187
65025
0
97235
0
0
0
0
0
0
84242
0
0
0
0
0
0
0
0
0
0
0
0
0
0
77769
0
0
0
0
0
0
0
0
0
0
0
0
0
0
28186
0
0
0
0
0
26968
0
0
0
0
94996
0
0
17345
0
0
0
0
0
0
0
0
0
0
0
0
0
0
0
0
0
0
0
0
56406
0
78154
0
0
0
0
0
0
0
0
0
0
53620
67734
0
0
0
0
0
0
0
0
0
0
0
29328
0
0
0
0
7635
0
0
0
0
0
0
0
88416
0
0
0
0
0
0
0
0
0
0
0
0
0
0
13342
0
0
64086
0
0
0
0
97046
0
0
0
0
0
0
0
0
0
48952
0
0
0
0
0
0
0
0
95282
0
0
0
0
0
0
0
0
0
0
0
27679
0
0
0
0
0
0
0
43040
0
0
0
0
0
96466
96542
0
0
0
0
0
0
0
0
0
176
0
0
0
0
0
0
0
11889
0
0
0
0
0
33118
0
0
0
0
0
0
0
0
0
0
0
0
0
0
88151
0
0
0
0
43236
0
0
0
0
0
0
0
0
0
0
0
0
0
0
12288
0
0
0
0
0
0
0
79248
0
0
0
0
0
0
0
0
0
0
0
0
0
0
0
0
0
0
0
0
0
0
0
0
0
0
80028
0
0
0
0
0
0
0
0
18350
0
0
80058
98270
64489
0
0
0
0
0
0
0
0
0
0
0
0
0
0
0
0
0
0
0
0
0
0
0
0
0
0
0
0
0
0
0
0
0
0
0
32255
0
0
0
0
0
0
0
0
0
0
0
0
0
0
0
52624
0
0
0
0
0
0
74020
0
0
0
0
0
0
0
0
0
0
8902
0
0
0
0
0
0
0
0
0
0
0
0
0
0
0
0
0
0
0
0
0
0
0
0
0
0
0
0
0
0
0
0
0
0
84151
0
0
0
0
0
0
0
30966
0
0
0
0
0
0
0
0
0
0
0
0
0
0
0
0
0
0
0
0
0
0
0
0
0
0
0
83616
0
0
0
0
0
0
0
27189
0
30204
0
0
0
0
0
0
0
0
76985
0
0
0
0
15692
0
0
0
0
0
0
0
0
0
0
77745
0
0
71118
0
0
0
0
0
0
5742
46959
0
0
29604
0
0
0
0
0
0
0
0
49200
0
0
0
0
0
0
0
0
0
0
0
0
0
79539
0
0
0
0
0
1540
0
0
0
65828
0
0
0
0
0
0
0
0
0
0
0
52166
0
0
0
0
0
0
0
53700
0
0
0
0
0
0
0
0
40333
0
0
67811
0
0
4358
0
47063
43493
0
0
0
0
0
0
0
0
0
0
0
0
0
0
0
0
0
0
0
0
0
56585
0
0
0
37783
0
0
0
0
69071
0
0
0
0
0
0
0
0
0
0
0
0
0
0
0
0
0
0
0
0
0
0
0
0
0
38878
0
37987
28708
0
0
0
0
0
0
0
0
0
0
0
0
0
0
0
0
0
47883
0
0
0
0
0
0
0
0
96336
82793
0
0
0
0
0
0
0
19094
0
0
0
81657
89875
0
0
0
0
0
0
0
0
0
0
0
0
0
0
0
0
0
0
0
0
0
0
50878
0
0
0
0
0
0
92829
0
0
0
0
0
0
0
0
0
0
0
85864
0
0
0
0
0
0
0
0
0
0
0
23634
0
0
0
0
0
0
0
0
0
0
0
0
0
0
0
0
0
0
0
0
0
0
0
0
0
0
0
0
37849
0
0
0
0
98217
0
0
0
0
0
0
0
0
0
51967
0
0
0
20920
0
0
94193
0
0
0
0
0
0
0
0
0
0
0
0
0
0
0
0
0
0
0
0
0
0
0
0
0
0
32606
0
48508
0
0
0
0
0
0
82472
0
7187
0
0
0
0
0
0
0
68449
0
0
0
0
0
0
0
0
0
0
0
0
0
0
0
0
0
0
0
0
0
0
0
0
0
0
0
0
98014
0
0
0
0
0
0
0
0
0
0
0
0
0
0
0
0
0
0
0
87929
0
0
0
0
0
0
0
0
0
0
0
71885
0
37165
0
57073
0
57935
0
0
0
0
68719
0
0
0
0
0
19202
0
0
0
0
0
0
0
99748
0
0
0
0
0
0
0
50309
0
0
0
0
0
0
0
0
78536
28677
0
0
0
0
0
0
0
0
0
0
0
0
69232
0
0
0
0
0
0
0
0
0
43344
0
0
0
0
0
0
0
0
0
0
0
0
32085
0
0
0
0
0
0
0
0
0
0
0
0
0
0
0
0
83702
0
0
53612
0
0
0
0
0
43114
0
0
0
0
0
0
0
0
0
0
0
0
0
0
0
12651
0
0
0
0
0
0
0
0
0
0
0
0
0
0
0
0
0
0
86236
0
0
0
0
0
0
0
0
0
0
0
59671
0
0
69632
0
0
0
0
0
0
0
0
0
0
0
0
0
0
0
0
0
0
0
91754
95616
0
0
0
85829
2772
0
0
80911
11555
0
0
0
0
64676
0
0
21309
0
0
0
82976
0
0
0
0
0
0
0
0
0
0
0
650
0
0
0
0
0
10224
0
0
2244
0
0
0
0
0
0
0
0
0
0
0
0
0
24405
0
0
0
0
0
0
0
0
0
0
0
14727
0
0
0
94506
0
0
0
0
0
0
0
87304
0
0
0
0
0
0
0
24886
0
0
0
0
0
0
0
0
0
0
0
0
0
0
0
19977
0
0
0
0
0
0
0
0
0
26126
0
0
91331
0
0
0
39987
0
8072
0
0
0
0
0
0
0
0
0
0
0
0
0
0
0
0
0
0
54355
0
0
0
0
0
0
0
0
0
0
0
0
0
0
0
0
0
0
0
0
0
0
0
0
0
0
0
0
0
45518
0
0
0
0
0
0
0
0
76680
0
0
0
0
0
0
0
0
0
0
96535
0
0
70035
0
0
0
0
0
0
0
0
0
0
0
0
0
0
0
19022
0
0
0
0
0
0
0
76045
0
0
17624
7979
0
0
0
0
0
0
0
0
0
0
0
0
0
0
0
0
0
0
0
0
0
0
0
0
0
0
0
0
0
0
0
0
0
0
0
0
0
0
0
0
0
0
0
0
20936
0
0
0
0
15447
0
0
0
0
0
0
0
64642
0
0
0
86398
0
0
0
0
0
0
0
0
0
0
0
0
0
0
0
0
0
0
0
0
0
0
0
0
62808
25760
0
0
0
0
0
0
92071
0
0
0
0
0
0
0
0
0
0
0
0
0
0
0
0
81352
0
0
83622
0
0
0
0
0
0
0
0
0
0
0
0
0
0
0
0
52163
0
0
0
0
0
0
0
0
0
70417
66640
0
0
0
0
82618
56979
0
0
0
0
0
0
8365
0
0
0
0
0
0
0
0
0
76747
0
0
0
0
0
0
0
0
41192
0
0
0
0
0
0
0
3712
0
0
0
0
0
0
0
0
0
0
0
0
0
0
0
0
0
0
0
0
0
0
0
0
0
0
0
0
0
0
0
0
0
0
0
0
0
0
0
0
0
0
0
0
19021
0
0
0
0
0
0
0
0
0
0
0
0
0
0
0
0
0
12015
0
0
0
0
0
0
62457
0
0
0
0
0
0
0
72543
0
0
0
0
0
0
0
54843
34141
0
0
0
0
0
0
68204
0
0
0
0
0
0
0
0
0
0
0
0
0
0
6561
0
0
3173
0
45254
0
0
44206
0
0
0
0
0
0
0
40699
0
50586
54325
96418
0
0
0
0
0
0
65502
0
0
0
0
0
0
0
1252
0
0
0
0
0
0
0
0
0
0
0
0
0
0
0
0
0
0
0
0
0
0
0
0
0
0
0
0
0
0
0
0
0
0
0
28481
0
0
0
0
10218
0
0
0
0
0
0
0
0
0
0
48043
0
0
0
0
0
0
0
0
0
0
0
0
0
0
0
0
0
0
0
0
0
0
0
94207
0
0
0
0
0
0
0
0
0
0
0
0
0
0
0
0
0
0
0
8682
0
48417
51291
0
31278
0
0
0
0
0
0
0
0
0
0
0
0
0
0
0
0
0
0
0
0
0
0
0
0
0
0
0
0
0
0
0
61916
0
0
0
0
0
0
0
0
0
0
0
0
0
0
0
0
0
0
0
0
0
0
0
0
0
0
0
0
0
31747
0
30612
0
0
0
0
0
0
0
0
0
0
0
0
0
0
0
0
0
0
51049
0
0
0
0
71523
0
0
0
16873
0
0
0
0
0
16095
0
22681
0
0
0
0
61773
0
0
0
0
0
0
0
0
0
0
0
0
0
0
83618
0
0
0
0
0
0
0
0
0
0
0
0
0
98167
0
36313
0
0
0
60295
0
0
0
0
0
0
0
0
0
0
0
0
0
0
0
0
21428
0
0
0
0
0
0
0
0
0
0
0
0
0
18358
0
0
0
50758
0
0
0
11719
85873
50480
0
0
96930
0
33294
0
0
0
0
0
0
25715
0
0
0
0
0
83691
0
0
0
0
0
0
0
0
53245
0
0
61408
0
0
0
0
0
0
0
0
10273
0
0
0
46296
0
0
0
41754
0
0
0
0
0
0
0
0
0
0
0
0
71281
0
0
0
93889
0
0
54389
0
0
0
26416
0
0
0
0
24302
0
0
0
0
56620
0
0
0
0
0
0
0
0
0
0
0
0
0
0
0
0
0
0
0
0
0
0
0
0
0
0
0
0
0
0
0
0
63343
13602
16959
0
0
0
0
0
0
0
0
0
11668
0
43453
0
0
75905
0
0
27502
0
33315
0
0
0
0
0
0
0
62474
0
34865
0
52836
0
0
0
0
0
0
0
0
0
0
80603
0
0
0
0
0
0
71482
0
0
45532
0
50874
0
0
0
0
0
0
0
0
0
0
0
0
0
0
0
0
0
0
0
0
0
62674
80910
0
0
0
0
0
0
0
0
0
0
0
0
0
0
0
0
0
43450
80915
0
0
78248
0
0
0
0
0
0
0
0
0
0
0
0
0
0
0
0
36377
0
60782
0
0
0
0
0
33898
0
0
43656
0
0
0
0
0
0
15755
0
0
0
0
0
0
0
0
0
0
0
0
0
0
0
0
0
0
0
0
0
16436
33901
0
0
0
0
0
0
0
0
0
0
0
0
0
0
0
0
0
0
0
0
0
92487
0
0
0
0
0
0
0
0
72106
0
0
87002
0
0
0
9674
0
0
0
0
0
0
0
0
0
0
0
83472
70405
0
0
0
0
0
0
0
0
0
0
0
0
0
0
0
0
0
0
0
0
94663
0
0
0
0
0
0
0
93978
0
0
0
0
0
0
0
20988
0
0
0
0
84624
0
0
0
0
0
0
0
0
0
0
0
0
0
0
0
0
0
0
8852
0
0
0
0
0
0
0
0
61140
0
0
0
0
0
0
0
0
0
0
0
0
0
0
0
42752
0
62344
0
0
0
0
54029
0
0
0
0
76079
0
0
0
0
0
0
0
0
0
0
0
0
0
0
0
0
0
0
0
0
0
0
0
0
0
0
20774
46032
29480
0
0
0
0
0
0
20241
0
0
8399
0
0
0
0
84761
0
33477
0
0
0
0
0
0
0
0
0
0
0
0
0
43254
0
0
0
0
0
66541
94814
0
0
0
0
74762
0
0
0
0
0
27911
0
0
0
0
0
0
22515
62786
54452
0
0
0
0
0
0
0
0
15762
0
44071
0
0
56855
0
12146
0
0
0
0
0
0
0
0
0
0
0
65802
0
0
0
0
0
0
0
0
66479
0
0
0
14986
0
12198
0
0
0
0
0
0
0
0
0
0
0
0
0
0
0
0
0
0
0
0
0
0
0
13778
0
35961
0
0
0
0
0
0
0
0
0
0
65985
0
62254
82669
0
0
0
0
0
79527
0
0
0
26929
0
0
0
0
0
0
0
0
0
0
0
0
0
0
0
0
0
0
0
0
0
0
0
75009
0
0
0
67090
0
0
0
0
0
0
0
0
0
53464
0
0
0
0
0
0
0
0
0
0
0
0
0
14551
0
0
0
0
0
0
0
0
0
18175
0
0
0
0
0
0
0
0
0
0
0
0
0
0
0
0
65035
71874
0
0
0
0
0
0
0
0
0
0
0
0
0
0
97172
0
0
0
0
0
0
0
0
0
0
0
0
0
92807
0
0
0
0
0
0
0
0
0
0
0
0
0
0
0
0
0
0
0
0
0
12822
0
0
0
29824
0
0
0
0
0
79481
0
0
0
0
0
0
0
0
0
0
0
0
0
0
0
41240
0
0
0
0
0
0
0
0
0
10546
0
0
0
0
0
0
0
0
0
54651
0
0
0
0
0
0
0
3739
562
0
0
76296
0
0
0
0
0
0
0
0
47152
0
0
0
0
0
0
0
0
0
0
0
0
85700
0
0
0
0
0
68052
0
0
0
0
0
0
52008
0
16743
0
83433
0
0
0
0
72114
0
0
0
0
0
0
0
0
0
0
0
3160
0
0
0
0
0
0
0
0
0
0
92641
28780
0
0
0
0
0
0
0
0
61541
0
0
0
0
0
0
0
0
0
0
0
0
0
0
0
0
0
0
0
0
0
61730
0
0
0
0
83643
0
0
0
0
0
0
0
0
0
95849
0
0
0
0
0
0
0
0
15435
0
0
0
0
93158
0
0
0
62128
0
0
82422
0
0
98910
0
49842
21565
56441
0
0
0
0
0
0
98994
4981
0
0
30814
0
0
0
0
0
0
0
0
8293
0
0
0
0
0
45435
0
0
0
0
0
0
0
0
0
0
0
0
0
0
0
8842
0
0
0
0
0
67471
0
0
0
0
0
0
86607
0
0
0
0
0
0
0
0
7565
0
76277
0
0
15977
0
0
0
0
0
0
0
0
0
0
43365
0
0
12490
0
0
97625
0
95884
0
0
0
96840
0
0
28534
0
0
0
0
0
0
0
0
0
0
0
0
21335
0
0
0
0
0
0
0
0
0
65894
0
0
0
0
0
0
0
0
0
0
0
0
0
0
0
0
0
0
0
0
0
81711
0
0
0
0
0
0
0
0
0
0
0
0
89409
0
50361
0
0
93183
0
0
0
0
0
0
0
0
0
0
0
0
0
0
0
0
55639
0
0
0
0
0
0
0
0
0
0
0
0
0
0
0
0
0
92726
0
0
0
77509
70349
0
0
0
0
0
0
0
0
0
0
0
0
0
0
0
0
0
0
0
0
0
0
0
0
0
0
0
0
0
88576
0
0
0
0
0
0
0
0
0
0
0
0
0
20816
0
0
0
0
97797
0
0
0
0
0
11419
0
0
0
0
0
0
0
0
51127
0
0
39368
92410
0
0
14440
0
80537
0
0
0
0
0
0
0
0
0
0
0
0
0
43897
0
0
0
0
0
0
0
0
0
0
36085
0
0
0
0
0
0
32160
37222
54993
0
0
0
0
0
0
0
0
0
23641
0
94272
0
0
0
70712
0
0
0
0
0
0
0
0
0
0
0
0
0
0
0
0
0
0
0
0
0
97415
0
0
0
0
0
0
0
0
0
0
0
0
0
0
43424
41018
42840
0
0
19548
0
0
0
0
0
15207
0
0
0
0
48077
0
0
0
0
0
55396
0
0
0
0
0
52881
13195
0
0
0
0
0
0
0
0
0
0
23848
0
0
0
0
0
0
0
0
0
0
0
0
0
0
0
0
0
0
0
24451
91092
0
63449
12377
0
0
0
0
0
0
0
0
0
0
0
0
0
3343
0
0
32667
0
0
0
0
0
0
0
0
0
0
0
39632
0
86638
0
0
0
0
0
0
0
71952
0
69181
0
0
0
0
0
0
68245
0
0
0
0
0
0
0
0
0
0
85484
0
57293
56267
0
0
0
0
0
0
0
0
0
0
0
0
0
0
0
86264
0
0
0
0
0
0
0
0
0
0
0
0
0
0
44988
0
0
67710
0
0
0
0
0
0
0
0
0
89514
0
0
0
0
0
0
0
0
0
0
0
0
59705
0
0
0
0
0
36527
0
0
73329
0
0
0
0
0
9663
0
0
0
0
0
0
0
0
0
0
0
0
0
0
0
0
0
0
0
0
0
0
0
0
18522
0
0
0
0
0
0
0
0
0
0
0
0
0
0
0
0
0
0
0
0
0
0
0
0
0
0
0
0
0
54365
0
0
0
0
0
0
0
0
0
0
0
0
80222
0
0
0
0
0
0
0
0
94547
0
0
0
0
0
0
35904
0
0
0
0
60497
0
0
63760
0
0
0
0
0
0
0
0
0
0
0
0
0
0
0
0
0
0
0
0
0
81704
0
0
0
0
0
0
42170
59573
0
0
0
0
0
0
0
0
0
0
0
0
0
0
58389
0
41853
0
20729
0
0
0
0
89988
0
92411
46741
0
0
0
0
0
0
0
0
0
0
0
0
0
18240
0
0
0
0
0
0
0
0
0
94245
0
0
0
0
0
89320
0
0
0
0
0
0
0
0
0
0
92131
0
0
0
0
82561
0
0
0
0
0
0
0
0
99254
94133
0
0
0
0
0
0
0
0
0
0
0
0
0
0
0
0
0
0
0
0
0
0
0
0
0
69645
0
62455
0
0
66332
87228
0
0
0
0
0
0
0
0
0
0
0
0
0
67342
0
0
0
0
0
0
0
0
0
76410
0
41400
0
0
94668
0
0
0
0
0
76545
0
0
0
0
68825
0
0
0
0
0
0
35924
0
0
0
0
0
0
0
0
0
67374
0
99852
0
0
0
23920
0
0
0
0
0
0
0
0
0
75914
0
0
0
60564
0
0
34822
0
0
0
0
0
0
0
0
0
0
0
0
0
0
0
14482
0
0
68537
1896
0
0
0
0
0
0
0
0
0
0
0
0
0
0
5281
90935
0
0
0
0
0
0
0
0
0
0
0
0
0
0
0
0
31260
47417
0
41996
0
0
0
0
0
77161
0
0
0
48287
0
0
0
0
0
0
0
0
0
0
0
0
0
0
22553
0
0
0
0
0
0
0
0
0
0
0
0
0
0
0
0
0
0
0
0
0
0
0
0
83007
0
0
0
0
0
46689
0
0
0
0
0
0
0
0
0
0
0
0
0
0
0
50074
0
0
0
0
0
0
0
0
0
0
0
0
0
0
0
0
0
0
0
0
0
0
65162
82547
0
0
47616
0
0
0
0
0
8823
0
8826
43754
0
0
0
0
0
0
0
0
0
0
0
0
0
0
0
32159
0
50193
0
42200
0
0
0
0
0
0
72789
0
0
0
0
66194
0
20080
0
0
0
0
0
19467
0
0
38682
0
0
0
0
0
0
0
82358
0
0
0
0
60343
0
0
0
0
20477
0
0
0
0
89771
0
0
0
0
0
0
0
0
0
9396
0
0
0
0
0
0
0
0
0
0
17375
0
0
0
0
0
80101
0
0
0
0
0
0
25432
0
0
0
0
0
0
0
0
0
71941
0
0
0
7960
0
0
0
0
0
0
0
0
0
0
0
0
0
0
0
0
0
58491
83453
0
59705
0
0
0
0
0
0
0
0
0
0
0
0
0
0
0
0
0
0
0
0
3009
0
0
0
0
0
35131
91036
77468
0
94031
0
0
0
0
0
0
0
0
0
0
0
0
0
0
0
0
0
0
0
0
0
0
0
83913
0
0
0
0
0
0
0
0
0
0
47158
0
0
0
69967
0
0
0
0
0
0
0
0
0
0
0
0
0
0
3309
0
59120
0
29678
0
11092
83460
0
0
0
0
0
0
0
0
0
0
0
0
0
0
0
91884
0
0
0
0
26275
39083
0
43277
19688
0
0
0
0
0
0
0
0
0
0
0
44975
0
0
0
0
0
0
0
0
0
0
0
0
0
0
0
0
0
0
0
0
0
0
29404
47435
0
13421
0
0
0
0
0
0
0
0
0
0
0
0
16702
0
0
0
0
0
0
0
0
0
0
0
0
0
0
0
0
0
0
55216
0
0
0
0
0
0
0
0
0
0
0
0
0
0
0
0
0
0
0
0
0
0
0
0
0
60099
0
0
66684
0
0
91677
0
0
0
0
0
0
0
0
0
0
64515
0
0
0
0
89581
0
0
0
0
0
61113
0
0
0
0
0
0
0
0
22375
0
0
0
0
0
0
0
0
0
0
0
0
0
0
0
0
0
0
0
0
37500
0
0
0
0
0
0
0
0
0
0
0
0
0
0
0
0
78183
0
0
0
0
0
0
0
0
0
94493
0
0
0
67234
0
0
0
0
94861
0
0
0
0
0
0
7488
83569
0
0
0
0
0
40882
0
21632
12323
0
0
0
0
0
0
0
0
0
0
0
43945
0
0
0
0
0
0
0
0
0
0
39292
0
0
0
0
0
0
0
0
0
0
0
0
0
0
0
0
0
0
0
0
3293
0
0
0
0
0
0
0
0
0
0
0
0
0
0
0
0
0
0
0
0
56764
78171
0
0
0
0
0
0
0
0
0
0
0
85154
0
0
11486
0
41076
0
0
0
0
71903
0
0
0
0
0
0
0
0
0
81478
0
0
18399
0
0
0
68494
0
0
0
0
0
0
78594
0
0
0
0
14885
0
0
0
0
58003
0
2631
0
0
0
0
0
72211
0
0
0
0
0
0
0
0
60586
0
0
34162
0
0
0
0
0
0
0
0
0
0
0
31170
0
0
0
0
70539
0
0
0
19498
0
0
0
0
47877
0
57757
0
0
0
0
0
0
0
0
0
0
0
0
0
0
0
0
0
20617
95075
0
0
0
0
0
0
0
50906
0
0
0
0
0
0
0
0
0
0
0
0
0
0
0
0
6555
0
0
0
59177
0
0
0
0
0
0
0
0
0
0
0
0
0
0
0
0
39232
0
0
0
77223
0
0
0
0
0
0
0
0
0
0
29567
0
0
0
0
0
0
0
0
0
0
0
0
99823
0
0
0
54803
57443
0
0
0
0
0
0
0
0
0
0
0
0
0
0
81301
0
0
13417
0
31750
0
0
34238
0
0
0
0
0
0
0
13086
0
0
0
0
0
0
45267
0
0
4053
0
8251
0
0
0
31646
0
0
0
0
0
0
0
0
0
0
0
54046
0
0
0
0
0
0
0
0
0
0
50446
0
0
0
0
3328
0
65454
0
0
0
0
0
0
0
0
0
0
0
0
0
0
0
0
0
0
0
0
0
0
0
0
0
0
0
0
0
0
0
0
0
37191
0
0
0
0
0
0
0
0
0
0
18048
0
0
0
13854
0
0
0
0
