24415
26276
71009
37727
73572
68006
56774
88373
50951
53685
78007
89908
34317
70295
93590
82660
93905
18490
98103
98294
97137
69295
44009
69823
88076
24836
46592
29673
68808
3204
87479
16867
19010
50044
79568
93680
49571
24078
73244
90313
59446
46145
14573
72810
74049
16505
75847
24170
23964
38866
84971
17670
10145
51715
90994
72133
68829
1936
60346
47552
87224
12513
23982
5681
86658
27184
70181
13001
69197
76967
90819
5026
99389
54931
43078
73759
90082
46309
32639
27939
39889
12857
33836
25528
81706
61311
92684
44822
76651
57470
97244
70936
3296
51627
84165
46885
2264
72395
94086
82388
39456
9977
14723
15932
94234
56595
97536
71262
50258
11395
74246
35807
63227
84391
36184
30731
53042
7577
3024
83083
44725
38372
69897
31850
37048
28929
89945
44571
79056
80041
93513
36520
8042
86760
62814
40983
60814
55249
62792
3283
85818
87921
89399
39673
80221
51990
82324
42672
30075
82715
86285
93303
70081
32063
69864
91300
13912
25916
1019
91037
92993
59061
16366
7264
95163
96867
83493
40855
74063
17911
50400
65964
20341
77412
1015
23589
86975
1498
52364
6338
23446
1344
68630
47610
67427
33407
93965
17878
45261
49768
41686
36272
5350
60925
29868
25844
97215
90775
37358
14969
95726
71768
98807
84004
5065
2860
73159
58477
42158
18717
45385
51816
4676
33114
96095
44139
46472
52427
6820
35726
86442
20662
24286
22055
68453
18939
55580
95890
53463
47929
10148
92440
68846
47046
74176
73369
11010
24586
33998
95040
42783
67337
43017
48638
56019
77877
95285
71552
99407
93224
72177
72442
19049
32814
85105
68056
73457
9632
77754
5496
73863
36082
61543
17782
49718
1771
97245
84302
39056
56138
40309
61868
61234
86699
59581
50325
91259
4290
11569
12378
62763
88534
9672
87829
59138
70044
94658
73127
14496
78685
34437
55932
61357
79168
56118
6946
72987
61844
59581
67142
52572
32988
15187
74114
6152
62785
11392
28527
11259
98536
41061
36200
49690
35653
71851
33356
4505
48546
4205
99899
81747
75193
32545
72669
48160
89320
93001
42198
64112
12519
12272
83412
38329
31309
17688
21153
25247
11852
58969
604
52191
19551
88773
57798
53547
81696
76178
22448
10971
31679
66557
5765
62513
76390
28318
4673
60314
40678
95956
10854
93931
9035
83130
1501
11967
20996
50624
49611
71473
65017
81496
61506
43835
66922
39692
5994
38672
40909
2244
86538
53544
52088
83802
92920
72029
53694
82350
27971
62768
86052
6330
2161
99987
14787
12704
6683
64037
86925
38524
74026
14477
25151
90994
24933
86112
53360
36976
75181
84515
94428
26413
82115
67660
99891
34999
42345
35736
47582
21776
87115
40057
45894
80334
16062
2193
85596
26870
84672
16992
70179
62070
67595
86798
45622
31964
13561
52473
52511
78724
81641
73895
61594
36441
26372
5463
61443
28681
89548
85434
14461
45982
94678
25280
59109
718
89224
91535
35401
98467
39412
10868
56678
4038
9385
82026
89059
57362
26934
3411
4674
4900
86239
90193
79532
17543
18578
71866
87416
19369
82670
31418
84189
33189
86457
35810
89543
45806
17775
4987
13506
78441
30190
6438
92442
68650
83788
94012
97902
94246
94071
21116
28378
28518
82174
56293
42468
24976
13843
17125
395
97148
59148
27450
62058
93481
17185
54965
62379
16594
35444
61112
77926
78381
75463
82167
37690
80774
90327
3534
62761
38051
51425
41774
73660
8572
57698
6760
18154
39068
64787
86082
14315
13896
51733
62956
61471
11968
29354
50097
16750
37807
32136
87869
90534
80004
41019
38437
6379
28221
26357
5884
12787
66617
24633
59966
39857
90781
39873
86149
35790
35531
86364
16565
42435
46414
10598
11258
40007
99211
60678
86946
99524
18593
69423
66019
25600
78244
25909
51690
45071
68501
81409
52908
85143
88243
80687
42866
36416
19031
45727
48956
96268
14978
56248
64858
82462
97154
50519
84953
25549
34840
8009
65944
97228
30333
68654
46181
19594
79613
22981
38232
83365
90964
39050
54124
86491
34152
1639
2437
97810
6025
3495
15178
74295
68747
57397
38617
12964
9033
65824
83698
93872
7917
80704
10214
73090
27620
14932
98357
92663
6491
2814
60212
24416
99366
7383
84506
48351
36465
79683
27928
52578
12596
82416
31807
20266
63403
53150
89524
28749
31973
91207
78563
61499
67599
36239
51420
68679
24451
58925
9187
5415
39712
27428
73977
56439
85162
68061
90872
7803
58036
97075
6957
64818
33649
92875
65787
94908
12620
5464
31170
95485
22198
59536
31821
67947
23857
26982
17169
82693
43389
1831
61570
35507
46067
74031
51033
41122
61157
91964
44399
50580
42370
59847
67058
87817
20943
78139
34596
65997
58620
83813
17054
51445
5234
58514
15563
97187
29906
84898
31825
77346
31370
49420
17562
32898
21803
73020
60488
57444
20560
90982
66452
22929
53540
59672
13635
17741
97230
58866
87223
95253
73363
19764
2788
90543
95165
71710
82421
74709
52865
60728
62342
74205
51125
97101
35012
22455
83047
48033
69529
12261
9630
20682
32501
10137
56368
89229
47982
78297
74191
93470
56907
29061
74888
8528
73029
38372
12663
38049
48766
26346
24289
21007
4298
10874
58462
14570
15158
82573
33444
46004
70099
49980
52637
67950
10288
52938
970
47177
13357
90251
42618
55086
70368
2419
52300
39698
38642
84336
78593
13862
49177
3989
84504
95275
23108
29010
2839
1324
35134
22212
10080
56418
54746
54274
63590
25634
32495
15697
39509
57695
42316
30807
34708
64428
72719
25023
88041
49295
86332
66589
67
11599
27879
37739
6823
41130
61926
93304
6207
71247
58281
29894
26586
14966
50490
49103
71450
71656
75424
7508
85279
62095
26426
95078
79840
97072
78853
55982
36015
75006
69400
11512
77309
32066
18559
67493
61358
72570
21413
18316
75911
7543
97295
81011
14794
7450
3958
56867
22771
15167
69271
51084
76849
18911
34389
82996
33112
45623
67720
96143
4800
88303
11655
23719
80748
27565
94046
44361
24101
68084
34461
60632
95519
3088
25595
87466
22143
50611
48269
40431
89417
2183
55381
84047
71983
1566
66767
29743
75934
66958
65936
70397
80534
81921
69869
24093
21150
40447
73370
12215
55913
62957
68438
78934
31308
32701
1878
94355
30686
54601
76427
95813
95026
60472
12608
55780
16122
12904
5482
23948
171
42111
79656
82930
71128
63257
86300
9874
38844
58465
33583
36945
63624
7575
31732
65039
34720
66469
71701
53883
98003
93730
20801
92237
12271
78315
33589
12853
73815
82651
73615
85658
61377
99659
96321
75278
57271
23766
3689
72299
5556
16630
34267
23018
89314
22970
18017
24366
85274
29156
48042
31382
49275
33216
23333
49015
43135
92991
40398
14967
61675
20966
37554
51096
69181
95047
37677
81129
68678
41232
66209
63527
43341
15300
66470
70716
72900
80340
43187
53723
46670
35994
11207
14860
41860
25533
56021
56487
10203
21791
81827
22419
19345
13124
64835
30360
53463
47384
19717
43233
58921
32797
10492
14522
11177
85213
94623
9965
61960
90179
79292
97615
67797
26085
19929
45916
30042
57962
34612
13902
25935
4530
99801
20392
72769
39499
30540
38832
6907
7766
93697
70923
87496
23269
80783
33825
48322
3305
6439
3679
6261
76357
68633
90036
80095
50267
30142
10249
11708
1449
61086
26540
14284
13019
60675
58996
362
95835
72911
62155
65866
21907
40714
44416
24829
85717
32684
85389
50283
57175
77800
81427
67402
69203
44780
31551
73176
23830
8422
29626
24935
59161
66911
34699
37042
83571
67524
68634
91554
98491
74869
6448
3927
12493
88118
66289
82058
79870
95544
35099
40188
13626
4221
16902
25862
23630
48547
47307
1152
45835
41242
85193
24121
35245
66003
2524
85274
67281
10902
52348
5595
45564
66956
46653
77662
86212
51036
63347
81073
93872
70407
18861
41429
41514
88730
74235
31859
80732
56636
69525
11139
54863
38386
2981
32723
85243
57537
13191
23531
29216
87703
83804
85171
86142
43138
34713
79078
65125
44679
70961
48561
79329
26463
90985
35633
23162
34253
92055
77049
37604
44561
22715
36558
86570
51037
14891
19877
98386
73033
87291
78253
86105
18802
77388
81456
96573
57326
16092
47718
87452
11502
73440
46391
10379
4595
8657
39886
34346
95083
44773
9484
68082
15449
87162
99515
67627
4729
12353
62522
76508
99585
12653
90859
24735
50172
74018
14571
28306
93623
7743
57763
18046
28826
54601
81746
2045
50710
74012
88272
14942
6548
44718
3638
79688
9791
92951
49094
97715
9279
9211
34051
18068
37788
52971
99294
74433
14811
76832
42278
25387
72656
12873
22167
34665
10906
83741
60454
57595
63584
17854
64349
34008
55215
81286
37499
42102
73233
36062
53670
6329
99684
86477
8395
2732
25581
91166
41682
40005
30832
97667
2537
38535
37224
51009
49111
12723
79627
74079
36009
75240
74195
38296
25531
72939
60102
66213
90724
46421
5710
6823
39134
55819
47859
771
51607
92709
77113
91514
46268
25495
94802
72087
70327
70349
89695
26252
19783
74882
76723
16192
29897
35633
2625
34615
97621
31426
25782
44428
97201
62915
20556
83642
4741
74792
77914
34057
44170
5692
61946
6674
72866
89281
16143
40228
79990
44009
71109
72144
76347
93667
58896
30069
97374
58270
525
18234
64936
89796
56608
74580
52200
29024
56730
50203
69596
65002
82917
7071
4418
85902
94189
92188
23090
42857
80158
88027
60374
83386
94809
8810
1783
56126
76866
6894
5115
47802
26874
42139
13420
40139
18042
31604
79614
40642
56079
1612
83940
69558
73830
63892
69317
994
7667
78732
82393
18121
68624
78837
57485
33238
58752
65727
32312
70510
51342
15318
1884
45555
55205
39669
10381
3658
73560
48625
58023
7419
21752
39984
74115
91247
21393
12961
4268
27088
91455
38380
11951
59284
24072
66680
71353
5950
76020
23024
70698
30922
81382
46253
19698
65412
53101
45351
37310
85005
99324
43954
99990
69753
32338
62778
63793
50698
84039
3602
34087
75357
54228
69158
98440
72654
53761
5393
6925
30080
37013
26606
11455
3992
29039
17008
69844
75185
85250
6570
64842
45709
70298
66403
69086
65323
83795
11081
29440
84841
85828
12176
61695
16388
98654
81288
35366
16094
2972
4898
7086
96817
69181
67039
14575
69411
60651
39370
32518
96447
97707
97270
41719
54135
61461
72413
54960
70516
5907
62610
56979
3419
60173
19693
52815
37938
84142
93442
94261
60057
14430
90886
26666
399
36088
89278
61481
18812
8389
79132
77228
36105
79593
20056
47802
8849
88261
72056
60542
43736
70659
94487
76910
71699
8409
12847
24979
77392
3437
66443
57655
20954
24237
96591
72289
22487
53511
75060
15543
97167
45975
80061
24058
82091
52897
349
50978
82219
38328
41363
10808
50095
33459
79068
39271
8530
15469
3609
81293
4784
39762
45631
65531
45558
58488
587
75334
31487
13425
77249
63474
57517
88307
68885
22829
38163
46019
50267
43485
93699
93459
33988
52727
31193
7329
73445
51770
99835
11692
30492
20955
9795
31814
64799
7568
60483
66769
38222
37090
92400
28908
73619
96004
58756
23504
33192
99385
25393
31605
96583
27481
72438
45822
78736
37594
55708
3145
2560
25683
83154
50319
56757
79921
1878
40660
44831
90871
81897
96825
84451
45611
11012
57404
83403
84991
80107
27740
611
33289
97874
25323
69992
50956
82062
45033
50508
37857
23282
1531
30090
19981
91348
16137
83395
56218
61675
64904
7940
42102
47597
68602
30032
11330
5864
86395
82868
95945
89218
88483
36850
80522
58458
98282
25104
24695
59843
14066
56130
89665
84559
75781
88148
25290
70179
23246
8046
58361
87942
96202
73116
67770
45457
91210
9829
42838
49456
13308
92268
69729
49189
26946
20203
4954
24635
54639
12698
4495
46629
32337
93372
12633
21609
63570
59315
73792
69775
74491
80497
73128
9714
62372
29881
78257
74507
93633
91357
48809
10107
27404
73976
18846
26594
68918
96091
29391
77169
79063
82740
74968
96033
89510
54536
5032
57598
41365
67599
59483
39519
3474
50129
83831
43777
66632
46101
20530
64525
11422
93887
31160
47641
51678
38116
92910
29424
36331
50273
53702
49548
99657
71885
46311
42109
9564
35420
41964
42392
54595
66165
11800
29837
76511
65510
67110
87084
90819
94894
83478
83681
26159
43117
18402
87709
64553
8806
50311
6713
70250
99492
80110
26375
59385
15137
55420
44737
21074
40630
5043
65415
43067
50240
95587
17348
46587
3753
78939
64740
13821
44252
8591
47463
68034
37537
95691
95312
23634
6098
50938
72165
38669
31421
39333
84690
35539
47405
51320
67016
46971
75536
48521
23038
84933
27533
97691
66071
33733
22457
30624
94869
56615
91555
82148
72069
81659
27196
70810
90284
63987
45648
58676
36984
39336
85935
92691
58198
28085
92185
15932
96087
50118
38306
80477
2043
79913
32527
12363
37536
40226
18660
33200
44001
45077
22490
4951
83377
10744
48250
88769
57614
342
57104
10073
72524
89385
35522
24458
20114
86592
18164
66761
10003
32675
25401
44701
14683
93340
65111
93731
41874
50704
35464
59281
75443
1691
73616
52474
986
29293
60478
54780
51958
61493
58925
49672
89195
53842
85738
83835
49127
40191
57087
76787
87746
40026
47397
64149
8650
21069
77958
26428
69729
97896
59203
62124
21375
56145
54973
41437
39360
32241
5783
81292
95320
50328
20253
1428
3606
30890
6689
25798
10816
62162
19237
91652
74309
14948
63330
80400
92254
41623
95386
64781
39902
64273
50110
78641
52316
69637
83400
14256
75419
72395
20075
77764
46659
21995
83963
25189
44794
56971
52478
32840
93825
1118
42794
39346
3190
7027
37676
29255
58503
37102
38673
66632
87501
69813
98877
94431
64412
89892
12536
67723
43096
10977
33595
78391
46995
530
15905
26618
48299
58030
43844
34903
69256
26830
4175
80941
42288
91785
9829
156
8363
87245
31563
89701
61304
2865
39548
61883
32927
15462
50234
74822
49866
44314
51330
79757
89501
17656
82513
59403
56678
93855
96898
69857
15203
17055
18791
73403
81090
13256
33274
55793
60832
79256
37651
92120
91348
3338
57742
39061
52780
9303
60045
68523
95128
69601
80740
95750
50341
98833
11284
70020
48563
95191
44602
65096
62495
24313
19288
37219
50305
46681
65222
31463
72546
43251
75497
72294
89902
9065
15572
9832
71160
92530
92404
77256
80719
72337
17233
77229
24843
53554
33346
92938
869
77236
92275
5630
18849
1134
52537
72436
40584
68702
44906
9803
29942
97247
7549
5411
51313
67914
87082
99794
16666
29368
9888
79133
99957
90043
89391
53233
361
54991
97332
31549
89950
550
59134
40995
71203
44186
974
26027
52500
1529
67445
57065
3800
34890
38778
94627
22598
85849
5336
92998
9829
90140
50633
44099
53427
67567
88437
25776
8146
57408
40445
14044
8760
26012
90312
61422
44576
79829
3899
65817
75260
34735
93160
68293
28588
86904
50195
40943
30338
28451
84624
13626
22061
42045
98297
86967
93016
45974
67847
79733
17059
49226
7780
3681
96372
65231
55838
83212
40665
13851
71194
28939
77622
30169
90168
83614
37818
49632
40675
80647
99214
36021
31360
96848
13259
51186
93596
94715
89384
46104
29672
1898
80791
77148
91527
23928
14947
21686
84368
4108
60787
4371
33694
13308
64105
46840
41052
25738
68874
45897
61028
48079
84815
31407
281
79362
96432
36231
21337
58514
8016
18307
63776
89388
57164
57407
58699
74143
36538
72558
3474
48989
80389
34727
10060
48214
76938
95177
44789
63241
94869
4859
80863
44685
92134
33128
9571
63798
35007
47191
31783
70533
69965
21635
9369
34900
11079
65114
49363
33307
40393
10943
54082
81712
6686
61447
18969
48652
65126
3494
7230
53771
60384
43972
43190
36739
80178
96444
20953
85803
14732
75055
94062
90527
59018
29187
13196
92283
59320
98046
37144
46515
52283
32269
38245
77098
43469
69020
28444
65218
37906
88297
79366
12072
96317
81254
77010
6828
79450
98215
71751
57917
4371
97661
27287
94489
21369
71701
22762
63311
58293
71203
89730
69335
46778
38896
37157
70787
37571
46997
43935
65657
32122
50268
5556
80558
60575
69101
62646
91331
51703
57173
82045
74225
86736
51429
44205
75075
80370
73935
82139
30927
80437
34924
29347
49313
17495
17456
91461
83091
13397
41083
5346
199
1441
87474
82778
23120
90129
46807
54029
27007
88097
59465
4928
64213
83227
77870
96151
40078
14064
74121
58226
53286
1922
92291
73660
35533
94649
4029
26778
50191
70018
15466
43603
18404
81328
3585
27355
83979
47798
28616
37946
3432
13768
6503
40698
26373
4064
49683
10089
85237
84631
44223
78986
40786
93794
63446
94049
40223
577
4649
95464
10047
25090
71925
72116
98419
95025
60302
24730
3155
94590
75438
18040
91038
93900
63209
49259
40198
54223
99450
73724
95486
47064
50470
65035
33797
88705
85417
50352
26807
10842
54361
3207
78421
42047
1457
5282
15838
71611
49831
18818
71202
77211
18678
76342
27177
42284
33279
50449
70450
45742
98737
78027
74235
87355
70029
3157
78757
92140
9973
61912
96417
26194
81335
87158
76791
8998
91422
32693
80926
36635
30889
6302
48407
56271
19880
87221
25529
293
9932
67883
19474
75236
83180
88531
25737
4862
62646
49917
19130
29366
94478
57490
66311
56372
28354
84623
74865
70855
6288
89742
42707
63714
68802
35236
65960
85187
68757
49771
12152
49191
71192
8184
96819
54987
25663
45800
41107
51518
63433
83685
2521
23891
72264
75529
76357
53452
70210
39289
75733
2150
32974
38304
49523
92554
48898
47768
20668
12518
50910
62619
73310
89898
80364
72609
84779
47194
49994
3743
93724
66975
62289
45549
30159
12365
65710
1438
13369
38095
33179
23654
98407
51782
30771
6754
1776
16544
97345
68555
51291
49892
70082
25672
5257
59777
12991
96913
52118
25686
58730
34034
29073
35183
62318
63960
14598
83823
4843
74914
8577
63825
77796
26650
39175
17119
94163
95654
95556
79020
95598
66395
23559
44347
66316
94210
27198
49990
61591
3631
77868
30946
98632
20475
99399
37307
58098
1024
31008
20925
43642
13030
30320
81421
83075
84498
39365
89764
9143
90499
82169
1948
6742
55998
52642
74573
64978
59898
52558
25228
12355
72206
65581
17335
45992
94426
91222
53195
84426
42105
15668
95366
90360
24919
63524
48121
35087
44302
16095
98842
89841
69619
9462
6066
71927
29260
1420
26616
99207
63741
73667
75887
92190
12838
33903
50591
60385
2756
65533
76329
3724
71289
60487
19282
94492
97226
76445
55881
56507
75488
22975
9019
24770
45918
46580
40138
75047
48537
36270
79968
34304
43707
72871
68057
29501
95071
9193
48481
81105
29930
25401
44822
87480
77267
99755
37771
92806
58416
20272
24962
76466
78490
26416
85240
61263
57438
21585
66060
47800
84555
17435
83222
97795
88124
51451
16525
86385
3447
19097
93238
9245
10626
31333
26514
2602
93964
55983
61976
92856
16953
5283
24060
60258
9301
11331
40077
33244
88859
26152
65401
55530
28958
554
50452
39773
99368
52483
40896
46887
61376
96009
3736
76518
27940
73166
14031
93235
20503
1647
75808
35681
46521
15371
36961
45112
6884
40460
9080
55064
53334
66332
6931
40150
66642
93903
38735
63535
82371
34092
98425
34036
51622
47715
23551
98187
38069
11030
32029
23792
18437
77567
52740
75609
7859
43172
90268
62595
55443
35360
62088
73841
4712
57269
23386
76943
92268
64730
96183
15347
4250
52547
51293
20175
90824
28538
41553
26769
46773
94863
6442
3914
37392
8183
9529
91501
23157
74503
18978
99910
72197
77129
62338
26944
77652
61843
43266
81415
78439
67337
77845
54905
74674
52964
72398
61334
47625
77589
23287
16362
20863
42973
56593
44002
22111
23301
3032
13557
51436
16223
87007
21139
39996
85372
27834
54751
76283
62162
13526
32168
35007
81572
73719
70957
23899
70432
71545
95624
6216
16414
82886
71436
90863
68263
1538
68516
31014
61852
29395
75459
89927
57606
70840
66141
27145
39018
19247
80339
66195
29432
79009
20012
60838
74956
20137
77945
87193
55641
23327
55979
46725
36147
52587
42177
20335
65634
69046
20175
75833
62282
69992
64924
71737
96048
66590
45855
62412
49075
37830
41144
91153
94247
12725
60999
72015
17127
90639
68951
87754
72314
28099
43653
52726
29706
68952
67602
33970
18996
28231
61468
42884
2567
51194
20508
18935
60902
61457
74649
85864
53843
17797
3057
77729
68215
74385
38894
66752
99407
88217
78356
64524
32657
34201
46897
28447
82413
61055
52452
73950
1329
56009
97595
74728
57388
31460
74056
39949
85193
37632
60530
36150
10390
61071
97263
52526
49443
9729
3839
55249
18388
87694
33384
34719
3639
50405
65611
82337
20697
46509
66967
98096
70224
89937
83313
98105
40204
96565
45430
17431
11024
35231
13672
54785
47874
89691
34826
10107
93540
20175
42150
48836
9518
572
21672
61067
47901
63369
5070
17822
67631
53157
51677
71943
68795
89565
69087
46347
83276
46612
60445
98854
33317
91346
69799
60632
47112
99110
90024
27855
86191
4068
89878
46669
85346
660
44669
79081
3957
4969
90245
38603
71316
33079
57359
31227
24732
61216
24638
51152
91977
90296
45271
20507
72839
51317
7187
62726
35977
94097
52138
94133
41325
80583
40858
2799
44817
67766
88459
31627
74225
24822
4281
31773
23333
62214
9940
64299
99340
28377
75389
65088
10681
8221
36953
40368
86889
8718
18412
3707
55568
77593
79779
50681
54249
9860
19123
76376
58994
80245
28041
48882
28133
60858
70309
75732
60169
48059
22698
85844
85792
30283
20787
77372
88961
97383
80550
40282
2691
77747
24049
88097
14877
31760
94028
66231
12732
51041
88645
71834
17332
83150
8932
94197
365
86322
63115
58043
52211
71295
28971
78257
94687
40940
25425
22738
18988
43533
44719
2586
87548
99017
5087
82365
30185
70740
60327
35941
52029
40642
88980
79364
82530
79487
94444
63331
10000
94801
53650
92957
17149
98069
39858
30927
14136
75889
60232
97874
81793
90527
61970
55876
12634
86164
60432
40753
12093
31549
49523
69410
86304
98429
49762
93818
5276
23651
33115
12547
42806
21231
48350
48082
1568
82809
22341
76858
30725
74511
1181
94947
36726
45384
5537
31927
99433
57953
46644
88345
72888
60048
87089
62539
84908
44906
96510
60586
68687
58728
52692
71671
4542
62008
33513
563
59051
94054
594
50904
51879
72982
79958
21771
44954
85466
85603
79188
24404
68627
13203
28177
33715
58027
36449
28579
76773
78611
86328
55815
87038
8941
16807
9067
24639
31504
86258
45682
25810
60963
99036
60196
92023
94401
53604
4074
23364
497
74108
83390
49034
39156
99833
73617
61581
30018
93156
14104
37367
84134
60576
63864
84493
49364
23186
13658
24324
75242
29122
87566
39151
48463
96344
36366
12131
20486
47158
34265
95177
97065
38060
93026
19245
48630
72775
64684
24290
15158
60966
39355
17973
41949
88846
71907
21358
65975
3462
49172
90794
32273
52170
28052
74989
27156
92033
7073
81496
39528
69476
8660
74195
90250
73788
68231
29300
86730
24354
4135
11847
77338
13602
50843
12966
2973
8723
86981
59971
17786
16863
93119
73762
50876
34111
2135
78337
83996
24340
51135
37293
34798
20005
31865
59328
7908
51998
16295
59560
76825
19196
16554
41436
82499
98728
79812
75579
34817
55300
83759
73503
83388
70476
9294
6538
13526
81789
53693
17835
59126
5947
2477
78268
13286
84821
52513
98772
65686
41642
59108
93445
40616
34318
68258
51021
13560
57004
84990
93728
48113
85137
22895
12186
82225
57967
41287
91918
87477
91201
30518
86021
72733
53018
72563
59919
49963
79285
80635
83928
86728
3874
92846
77739
76806
58527
47451
52599
74950
8268
20516
47320
62662
86916
69834
34662
98478
90694
4190
78987
33267
68908
27896
12708
54
93553
7554
75598
2750
4979
66232
89589
80907
40604
12967
89396
77693
44561
60542
44988
14761
24867
67136
55472
80058
32404
8106
78285
63598
924
98848
2331
77099
38966
30545
71086
81523
94537
58141
46842
68946
2765
98904
38142
31738
44669
69449
76576
16860
65919
23907
62670
49782
33697
11018
65798
42145
22867
33719
41320
14256
5412
49625
43787
68826
63817
33190
2883
74231
61121
93839
67175
67383
66404
86418
15761
24822
23799
70544
93779
76126
69959
31374
84085
76964
89696
86808
17139
99704
9460
45058
18083
59750
83551
87071
63301
17252
57924
47008
65312
37082
72782
70954
64658
28863
22863
68157
39182
17175
42153
47089
62818
38797
82229
44676
902
31538
3172
89788
47090
88544
23452
25656
66254
40199
45354
4095
83655
16237
24774
51120
64176
37405
98704
33912
15831
65768
45641
31351
75054
9257
48462
77501
66921
63248
8888
49779
57849
17901
86231
79162
55962
66771
95106
8456
86028
95529
99088
73728
51217
44319
83837
4322
4958
24722
37023
1263
98226
59728
76793
49734
16178
91889
10635
27603
44139
50745
12358
31102
2286
87414
84201
54596
76546
98465
35562
36529
30682
98082
87096
46684
67169
73857
31565
86626
75191
48797
13833
27869
87286
15921
7194
71132
36152
59340
66073
13257
42695
919
22726
36557
8542
79943
62532
34894
67492
78547
46495
65641
79411
45643
67858
99739
17844
87450
84430
64420
51609
2423
73672
40287
47593
98447
12734
45896
76359
40066
64854
59448
41778
50491
3563
94734
87713
93802
59012
30388
93444
64124
70348
1857
1712
19740
61998
39193
70703
88406
55465
68929
87846
35836
91235
26316
726
89383
65517
68047
97175
83164
99528
13492
9231
84276
10372
30918
33704
45924
7564
77351
17885
64723
53148
29807
1357
73942
84845
83909
68041
64633
50635
12640
39517
25432
11219
175
46019
4246
7805
71632
5111
31557
63915
67101
39697
21703
51648
6725
73118
36971
2869
28980
83667
37598
62968
37851
24315
6273
81179
76860
33576
43487
43884
16880
8525
48076
9835
