1112
17339 21235 71235
5634 595 12263
1847 42215 68912
4556 25317 92408
16127 846 68261
10348 22137 10912
18237 13327 86517
10889 4622 77890
6101 171 60250
23142 41039 57127
41084 30857 87040
11622 25404 15759
20697 48369 36659
6358 17197 48129
35911 49196 31483
18908 28316 89842
32455 10319 68095
47342 48626 75688
34575 30708 4404
6402 5999 58917
18512 23555 53632
21145 31625 19615
46475 32672 23788
45347 30005 80158
34980 1833 24985
20634 41223 16345
12721 9241 45839
18223 21141 39114
28422 25738 37638
5324 40823 3857
35450 1499 96122
21571 30281 47833
35267 13673 89948
6411 48559 19999
49463 8699 2476
43794 17551 62224
43605 41097 96149
13823 16708 27389
26363 21481 60929
10951 48058 89794
44709 49928 29551
19846 41790 85590
14085 32148 98567
4012 41181 5549
24988 10066 64642
44625 33232 46265
41026 10648 28610
10042 35668 7814
37774 473 22889
26671 1617 81051
6893 9073 97084
20670 3262 70948
26731 12487 35480
2300 14354 88036
11287 1668 85130
8209 16973 37903
12187 27543 13518
35028 4227 90601
219 32578 34751
10499 15672 2518
20120 44673 8890
22923 13650 41483
15621 39863 24400
28810 4248 9648
20829 14742 37795
31967 49378 31524
23505 38148 82453
27476 22222 59606
48762 18517 15297
11136 16813 31181
26391 47858 45106
27181 24264 5297
32295 13557 3930
5580 40477 56036
5453 2857 44961
7326 27473 68463
33549 46359 66311
34021 32085 84471
11305 49468 68652
20919 30018 94736
21983 13362 64533
39635 34227 69697
10396 19331 75961
47744 7492 30057
37007 2556 21179
31790 38779 87151
8350 33744 30851
38055 31340 55324
26453 42564 93639
23501 22057 14439
10571 16009 14114
7772 32089 39
47642 46852 35892
20138 9768 28899
21222 22204 63606
18271 22634 98423
21512 42308 7846
47889 42308 7295
580 47824 481
44611 1784 78017
45338 18328 78057
13487 22882 29138
17256 20035 38126
35279 18670 67978
48115 722 81624
4820 21352 4930
44740 17507 67178
10222 7585 75640
22577 39461 8730
39035 47770 9948
8418 31612 70631
12291 20558 19805
8165 38694 32228
34689 8733 72625
16402 14936 50021
41513 43133 43462
44405 44640 98475
39103 33440 20134
30559 49814 95539
15456 15310 33702
6996 32782 22228
49799 4230 11741
19830 32341 85544
9954 5205 63657
15273 41714 38387
36575 1811 95686
41880 12017 48051
34089 20978 42331
28503 37856 50240
14517 42996 15167
42447 40530 31580
11768 42598 49812
42800 28334 6164
16455 13399 81488
24400 28966 31787
40526 48417 59219
2936 48143 38682
21419 29973 90625
17560 25561 93012
4850 26421 89943
37015 1597 916
35578 41665 85680
18586 14847 79180
43737 19909 3295
22085 25859 94457
33651 16211 26735
27959 45189 50467
13531 15840 46211
16010 20436 16825
48625 12335 35077
48199 7222 56357
114 16612 85647
41716 44560 9053
32755 49736 84125
30452 41607 35469
1381 12948 41508
49153 37389 68057
35371 21376 10165
28252 27299 3038
9345 20421 16664
38401 39481 72684
3349 35606 25088
28131 43626 17077
12 16461 31136
22417 49615 24455
6396 46029 78765
42049 47996 87412
21463 16107 32099
19263 6207 50681
16049 41550 39569
7963 39413 88806
35273 11776 42295
35815 35880 26800
18688 39147 53379
28017 18165 85035
35528 48627 89677
31271 3398 19288
47825 23454 65383
35144 49997 37994
47136 48203 64911
35871 16237 96473
34324 14578 34240
19404 26515 40636
28845 29500 98583
12298 35759 60752
8782 6044 71716
33889 12179 96789
15691 9348 18381
13508 26492 70366
28720 29441 350
49087 36985 76419
40725 2345 45447
39502 42151 41521
687 6181 90526
2361 43109 9617
41044 10001 85252
6533 9561 79028
37989 12489 20858
39312 44432 99106
18499 3210 97551
39467 49547 21959
21349 3732 49266
44866 48555 86844
2766 44960 53977
37595 49349 81105
10605 41991 34844
18367 33649 58885
28593 47910 96310
16099 21319 90935
3980 44011 58094
16057 11175 36599
2297 9997 49235
48527 23375 10653
39092 49647 92765
9658 23925 86163
8274 20410 58174
10827 17239 49713
49914 32768 45642
6750 4339 50820
28878 48875 30909
30451 25217 28904
42141 45078 96646
38549 22785 87271
25546 46845 15252
33078 23373 61496
35017 13041 75192
11336 31395 89578
31651 41353 98644
9216 40812 26201
44721 8036 32739
16706 25484 7346
3942 980 55749
26850 16053 9159
3373 42667 67272
36536 40157 86623
38292 7508 96784
21082 12165 15651
31517 48662 66419
3742 48882 76592
22686 33025 91640
42676 35957 29767
41282 2306 35932
46005 38655 1142
29278 12423 72464
15158 11654 23134
1 0 59896
10046 49827 22467
13959 16456 46333
5960 19764 44956
26487 13691 20661
43946 34569 85790
29342 37261 48809
41554 36673 96117
42765 39597 85402
29079 27880 37591
27903 8730 66002
21849 4899 95563
35348 36398 48877
24128 10167 42080
21810 48148 16500
49001 37202 75365
3808 14517 79071
15152 290 54991
21881 1733 83385
14053 32851 34012
11044 9515 29398
33289 20104 75085
48785 48030 31452
21076 22667 28053
10865 15555 72765
30217 38798 8835
12734 20358 96357
32600 40733 65322
20216 12320 25904
35991 39487 65765
21680 22578 12495
37586 43568 66989
13189 23236 44804
37724 10409 82453
3472 15080 8244
45632 11288 32298
35980 2683 85835
49805 47688 23506
6920 9199 12621
1425 1516 86337
18114 32008 96447
39554 13722 45307
11721 3787 91324
19316 34435 60784
40224 27775 24254
47530 20437 72179
20164 40933 78089
7369 8634 12256
40162 26787 4957
42749 20383 45958
17179 17255 11928
19656 1138 66186
7628 1182 55360
25673 22097 40609
18131 23246 83176
34655 37907 60854
31055 37325 16632
25091 40829 86654
32183 40673 60994
10951 46389 62618
41703 34037 99669
34059 13901 52130
46604 45692 46645
42478 1458 20733
14196 39435 18724
35998 3525 5754
27415 7185 30583
45092 41322 54708
9001 27036 62536
31666 45873 26842
28427 7585 82017
18404 20592 54200
2658 33312 32731
27990 15870 58098
39889 43932 5208
42532 16879 58052
4324 22040 44789
28301 38826 64697
10702 24504 63916
37360 851 9113
38182 4146 82716
6273 29312 87721
11858 758 10511
38645 36817 37059
46389 30940 77456
35751 3219 6415
21486 13274 80986
29239 1757 81923
49611 32116 34227
34481 4024 64420
36924 13800 65086
42212 30122 11177
15573 39573 73503
34381 20727 3701
1886 3185 72016
49192 39331 47714
12415 5189 17151
34373 43413 48073
6730 15428 78681
35296 2978 1282
8524 9517 20449
39448 37922 89126
7315 4086 65839
2660 17703 78892
47198 31581 24697
9056 10092 40663
39867 19448 1958
42370 37337 1837
6486 18317 4032
24313 27979 82865
36152 47626 62892
3136 14459 34086
32345 14603 52558
37847 26086 50213
47859 37466 51480
9158 13981 66376
6331 17302 80166
12402 40937 12789
20091 14074 82288
42015 32881 47118
46578 11856 22916
41972 8209 32438
29722 25382 84288
13923 8525 72180
47934 2510 71941
16102 20916 66630
34530 23186 56301
1483 32324 1707
23702 45138 33449
41077 14809 81317
35061 12637 93507
18335 45052 44953
6218 12334 98365
353 47474 38692
2262 21532 70347
49243 1516 84424
33144 34962 88134
40702 6453 25265
47769 31107 3390
36305 5070 31873
36831 9653 90685
24584 21098 68990
32055 32035 7843
16164 18033 68746
40955 16564 88095
37981 25998 69656
8077 7172 80791
33894 39928 15868
41967 22361 43288
23492 24917 35760
12901 22285 85960
43778 2080 25521
8196 49766 83052
38684 48659 67861
47052 35393 85495
3907 27392 44069
2668 4798 66
17423 18555 84625
188 13163 58519
8396 22512 8193
3625 28212 1632
38646 11880 36593
23435 18017 11041
5 49960 14414
2417 29795 15352
44108 7660 88806
11875 30950 13449
7354 3491 43240
12400 1740 90845
31433 35835 21388
35683 14586 82666
31473 12758 38286
23948 41422 25095
23770 43000 62768
48394 27813 95466
23682 15331 36588
13989 16956 47821
38290 24342 21950
30620 24528 83278
4676 42388 89842
45071 42390 53754
32722 2607 44121
25299 43020 50290
40982 23950 45692
35530 45780 20021
48316 26004 77485
7743 34299 14778
18785 16206 31926
40801 23242 28053
10351 19234 7653
14204 20094 26009
31153 22639 87301
22033 8786 45972
23510 33130 7105
24274 15330 2662
2794 11592 61677
26141 36899 75821
47393 17454 97793
34602 46674 58605
49161 21866 77301
14195 21071 64501
5192 21757 17876
7129 24029 90702
38458 47330 21621
23438 9235 38026
49725 48531 77214
45280 46212 16032
28344 11300 47216
7398 39854 753
42026 5998 26250
45766 16594 89738
43736 8847 72278
15988 12645 40627
26260 48673 36857
34859 8768 22024
35279 13301 84980
41192 45760 47723
19682 40053 12808
49138 33732 30783
9405 15551 12957
15459 23208 87894
13077 34975 10973
37315 35253 67016
6325 14681 93749
23075 17004 61401
44095 27707 15375
26632 40619 17719
38187 459 43372
46528 19489 98799
6837 8188 45944
30402 12558 39673
42908 29490 48293
9693 19118 31122
9077 12262 62831
36773 23043 65309
11125 31147 49824
513 30769 41864
17673 23734 85752
39788 48008 85206
48440 12965 5581
47028 20463 20818
22796 33405 47602
15918 31216 67010
45597 20348 68914
11523 19825 89813
36833 39479 19088
48507 40487 88326
49719 44779 63221
8074 10774 63543
22451 32638 60590
10378 31549 76561
15472 29959 21160
38276 30277 10103
26256 28230 98828
8480 33972 93922
45508 38071 91222
32193 9065 8246
121 42907 36219
28894 9469 97836
22691 5835 62647
2447 29397 15763
23401 559 92772
32339 8558 70576
39087 16488 9533
18547 8920 28284
49113 24380 86382
4107 28050 64707
23479 2101 53027
31241 48867 81266
18947 37196 72843
29909 15650 67821
33090 27038 37756
18602 34946 59316
6034 9869 35631
25988 27909 28334
17892 10561 83693
20241 32928 99297
26043 49552 84429
39011 39845 11069
42108 40940 33001
43406 1222 80501
39963 46021 4051
4181 27652 84441
21982 2723 52748
23578 17082 85358
45644 17761 26383
29098 34749 38861
39049 25641 92123
19794 29219 58177
19501 46782 69585
33314 42615 28453
32548 27086 51864
38306 44821 61253
37450 3699 54653
33519 40314 88932
21006 38558 64205
15463 41092 39672
29659 24800 5457
40153 32453 52028
44084 352 33434
10127 48975 5684
16951 46678 5002
177 30685 14688
17786 24881 47209
11773 21143 89451
28456 6966 76850
36698 16093 30762
13080 38728 66648
38151 37193 77983
34975 8256 9241
28602 3193 57740
30962 15906 60741
12487 17787 2405
12120 43898 47832
42744 36273 33278
35414 37840 37490
8714 770 96674
11965 41964 52044
8239 28994 73486
4577 38856 84464
44081 5408 95632
15879 29837 15638
18428 19137 70156
49721 29088 47086
11455 32429 32000
13540 16186 67494
3841 8981 94455
41665 48187 16547
14618 26166 27214
20283 46954 52269
41125 12751 22694
7383 42628 45837
11805 1650 88466
40054 24325 42364
27871 19173 85852
46037 25424 86930
6845 46848 16467
15992 19789 73795
37266 22017 75961
31646 7510 48916
27948 15227 38051
20668 9429 63567
14937 43022 86052
34682 28974 19029
16012 14055 29089
16336 10618 7439
48869 13845 97661
39352 27324 50590
46288 44980 18426
17939 45192 33516
28690 25845 52474
20630 22964 2706
45597 29781 40751
49596 37539 90932
38533 11471 96317
25089 11469 24396
20875 47574 19697
19682 35746 29165
31037 25282 22407
46209 14774 96489
4659 1429 34370
42577 17911 37580
688 21846 36290
40602 26734 3240
38775 21758 60914
18402 36702 71187
32926 17982 36698
24050 42610 50272
37144 6241 93448
8269 22259 87912
10725 3399 49714
5668 24648 98020
28116 43290 2771
29299 13775 42693
1923 20988 89703
48495 39178 10965
42755 12451 14422
35601 34483 96083
48413 8197 46764
17946 11321 54148
12807 39222 60455
36845 44753 96843
3491 25973 30361
2943 20559 48463
20390 35356 12743
13972 24258 84345
32006 12430 12730
19074 18246 24045
1777 19408 65118
37540 26574 44821
49882 44650 18781
30833 47483 31583
25711 14003 91611
41044 16269 69327
16492 26203 85957
6796 27017 18469
13912 23029 73255
28899 43195 27733
20072 43189 25813
11415 6486 31088
35867 1638 83819
9066 30440 77889
3974 47946 23778
42081 33082 85640
43388 2299 79864
46297 47687 96458
7583 42975 9218
1271 21457 34168
18998 2604 30919
49830 12333 51691
11965 40375 34548
29331 605 54160
11097 7720 5676
26586 27895 55896
10255 2953 89407
46113 48611 71758
24589 14900 61310
33211 13759 78502
49229 25106 92156
5881 1720 16153
9647 36941 2875
45716 35320 9476
30501 23194 25596
37690 32653 83029
48098 5272 7617
14218 11840 1715
10414 36645 38432
4556 25643 36350
45974 13964 85666
1120 30868 77363
25959 31487 62915
46418 24437 18377
36740 17588 99742
29300 41582 97603
44113 36430 26095
19060 43449 64808
25241 16132 70012
4447 44016 96315
25514 2367 78950
22724 23050 99271
6096 1735 40343
24040 37749 60691
4049 14276 80712
28173 311 57777
43001 547 89556
1458 8227 49227
17420 27438 90778
35856 17205 10555
24721 20914 2996
47774 18669 45554
5709 11476 50211
11056 13701 52800
8837 27583 68364
23758 35574 65540
10486 34613 69667
544 968 57192
14114 10001 90874
32186 33757 65735
34063 26753 59468
24082 42822 81514
19245 45036 84153
43198 5935 2134
2309 19999 50943
24056 3549 99183
44494 38386 73963
1403 34671 5385
41683 3373 82878
11849 1396 44676
30202 40475 83878
2698 48683 84311
33998 45072 23529
8146 12853 48915
28557 40679 54264
34326 10094 89717
18044 14298 20619
18435 29643 92064
6122 39374 79342
9712 25960 11626
14947 14487 56237
8691 19825 85074
27322 33152 28526
5748 14193 74351
44464 41472 13702
22565 44042 82592
43364 46151 72833
47701 41901 22506
23101 5992 33549
38644 24820 94818
27466 5317 36172
21913 27689 11874
10071 9591 96725
4781 13982 82364
43829 9614 63801
11421 49416 11557
9937 19986 95201
45056 42174 3964
48153 31176 21516
43266 9523 97547
8062 5514 46172
20104 29494 84911
45167 44538 62743
12135 9567 92963
23729 13168 13292
21603 27949 66359
33143 26476 35285
26363 26938 90376
4755 20014 28377
33132 39347 58795
32912 32377 96398
47546 41056 33685
9763 33276 10096
21834 49932 66823
39621 38784 56549
33609 5998 17874
21357 42910 22238
20161 48338 89265
4026 22944 41513
18939 6098 72788
19144 41488 28535
23877 36733 17171
30779 33723 45211
7005 37882 35615
21720 45598 80990
5299 22828 31942
19879 2500 32714
25340 28190 56768
35959 984 814
13635 16678 22842
5819 9032 1659
26264 13179 10986
12705 39447 20419
9820 45997 10428
28697 44529 62051
20556 21736 15868
39596 20127 41592
39170 11529 28470
27115 6306 74605
4199 27529 53990
25100 45385 42594
23786 7992 38705
33210 43705 73645
4130 12336 70117
32932 22610 2000
7135 21338 27724
41941 32138 57813
3951 7132 52801
37215 14612 78429
46149 48521 46060
7961 2289 55578
43035 13577 85976
10746 13202 62644
46983 12768 85053
27575 38850 56191
36085 8277 20338
38367 22295 9439
46707 34505 20807
39292 19833 65886
141 35316 76836
43221 49044 33180
29259 49100 99614
32317 44965 23835
27650 5917 94843
27020 12181 44389
37037 10264 15272
30891 21982 86967
46888 26570 97782
31265 8242 41202
46061 26275 78642
26370 42576 97785
25117 39139 81814
29040 13566 1215
39663 3106 19547
326 40994 18936
20533 42920 87136
3652 27280 75665
5767 33281 89211
194 14593 17986
14106 35909 30303
40357 9631 41496
24828 22766 45698
37941 14034 48029
25405 18188 63120
9389 2695 9266
33859 9325 49013
48471 21747 93647
22925 49332 3034
1572 25698 94264
23054 16563 39475
40070 35756 66300
35148 19418 23586
7265 6705 76044
37455 47077 96201
15310 9584 71140
22000 40012 12617
46229 47089 95919
6180 24544 98811
31546 36740 53813
35380 25215 55232
34571 16501 45531
13653 10222 98485
46319 9806 6063
5199 33474 63884
12573 6682 12718
24972 45946 82171
30499 40973 30295
2163 3297 51191
28114 8004 52844
1043 35963 31501
8233 31073 50798
11722 15011 81161
42403 2567 1416
34058 40716 3887
18519 49390 35362
39697 19821 58796
19165 46145 82429
25660 7032 94774
10628 25861 70942
23497 14216 54394
6771 49742 78384
8082 42002 4344
942 47461 25526
20859 30245 42009
23666 42111 76145
27357 26230 64161
33421 49062 9670
23275 33458 34319
35533 32487 97092
9163 10900 2234
19038 20302 8018
35454 9872 32152
40648 48084 40120
13813 11951 10404
47453 12043 28715
41870 42824 35551
33280 15817 82097
7677 34541 40029
35708 27112 17367
42333 14012 84335
29515 1183 89372
4916 27103 33915
36674 10502 33635
7968 25799 3860
42497 19905 63397
10616 25642 13701
10632 43089 63834
32266 31509 29422
36803 37938 15395
42778 1227 46290
22634 3554 78828
38996 43018 59853
30112 31083 7155
25851 19105 78336
38363 44032 40523
22454 35492 15185
8179 21810 14496
10450 40307 31167
14802 21645 68688
3541 18480 76688
20848 33752 95594
5330 41550 12832
8512 19122 49368
28363 42954 29913
25917 20774 82987
869 8246 72854
15743 44940 69449
4523 20049 14343
46041 44420 82287
28814 12982 73467
33677 43115 18118
6177 13219 30669
9639 9135 78717
39062 46333 2450
19674 12886 55616
18333 18551 57898
43940 35831 84859
30480 15878 4930
32456 31322 44556
7902 6145 51536
1984 6577 94649
36209 43055 10890
45467 36485 70568
45633 26112 97442
19329 13831 3229
19578 35080 40196
31530 7564 71778
3591 8450 47065
17311 443 91482
36275 3812 51517
34237 6568 1292
22403 20404 56362
15847 45224 7174
48973 12086 72663
26116 17112 12211
42672 21311 38661
14123 21564 52070
7386 34307 67973
26015 30213 44654
18046 1298 49868
5730 16672 16855
40902 15026 81081
28524 39279 1303
2066 23873 44896
15395 47393 27099
5415 14051 98199
5730 13552 41778
25 27367 4918
49105 37767 70660
36730 9537 80554
413 43691 89338
8757 33268 34313
37223 39122 21463
15231 39224 45659
48857 10880 27201
36156 8172 94474
8152 11638 1991
33454 5387 81861
48727 23293 70651
17463 445 62436
20760 10725 25844
42187 18217 38368
25671 36761 54382
12785 29169 81723
10458 14633 84005
16135 28787 30474
28718 1358 72032
39481 41499 3400
40178 2876 95758
47588 46942 48599
9909 38635 47571
19072 32557 59958
38379 20890 91652
12601 33069 65203
33312 18026 10761
18496 5617 21815
15081 15337 18439
11062 18324 20795
47937 6736 17376
19406 1997 27865
16606 46264 82700
29760 8820 74360
4460 20760 8754
14203 8131 28145
7358 14555 50963
11256 38196 83259
21556 44147 23621
4013 47055 70079
37777 5154 66173
479 13114 7239
14954 33238 28262
3007 394 64334
9556 15446 6084
12303 34487 6529
38468 8191 24401
26519 479 24674
49342 20996 58902
25507 41742 92526
30177 31511 1174
19380 13074 78707
47651 1032 3667
15332 34176 52216
9803 15188 24520
26626 39242 60320
24231 36519 21002
10019 41251 64228
28658 39416 10476
44344 13914 8150
25378 21039 8373
26212 42461 56132
48672 10192 8932
21234 30049 35377
43960 18881 52852
13911 49029 99386
36540 5907 63461
45646 44902 80407
17227 35060 86507
4283 37824 67763
23977 26202 26133
34377 7942 58815
18798 37854 3244
10658 37704 61015
394 34990 28381
23482 48824 35294
34933 9443 22573
37648 32950 45204
39825 29478 38076
34334 37517 49481
46708 967 13436
32777 22356 49078
26018 19270 23317
11529 26197 81508
30101 45387 86652
38306 47587 45314
47339 10279 36901
28253 37629 23338
8722 43260 3228
37998 8841 81522
5047 35218 85091
2931 10140 37980
21740 35326 5064
9024 12984 58351
31339 2779 11575
29131 46580 79488
41407 4121 28859
11508 10480 88673
32749 48342 8493
38668 25662 83994
19542 38363 13880
343 15847 70102
4515 45531 42464
3643 37757 35289
39339 5270 65110
41285 9812 23190
46647 25846 72075
39615 44660 64977
4864 4179 70671
20896 718 60544
33192 2053 22831
38167 11319 76272
37428 40153 60060
28118 23070 57956
34781 49669 9683
17944 29672 76518
31674 28513 18555
7929 20087 697
33683 2112 11130
45363 42450 85534
10381 22074 95049
28788 25353 84392
33723 11031 83205
40202 8340 31059
22567 29040 17105
7955 1320 78108
28885 3532 35360
25205 8375 36134
28453 4193 45084
35926 39973 25280
44352 9097 4782
37583 46316 35042
40086 14402 90735
8051 24394 72264
1155 20255 46554
4228 13324 75932
22628 10238 36654
42946 22777 5823
38490 42283 66076
42652 28446 47586
37562 45023 64187
39062 4098 52346
38201 27816 2015
5791 34375 49419
10805 2742 96670
1981 47413 82753
10008 2654 13680
30036 7550 94390
35772 2739 77502
15323 25160 8963
2288 3734 42817
21195 12797 66739
24325 15712 55635
14461 45180 42272
34760 1135 51892
28687 29650 35731
15294 37708 67618
12661 48782 97648
18488 23034 63709
6656 18675 18455
35440 29631 3848
