181
1 9211 33647
1 3967 72810
1 33333 22104
1 47387 7776
1 132 42243
1 46914 11018
1 19045 64447
1 34598 48779
1 29474 20598
1 3613 46863
1 1551 34737
1 22629 43750
1 36894 35488
1 8494 8286
1 36884 98543
1 22294 86970
1 23443 86241
1 7702 2114
1 35201 26036
1 34961 61955
1 37041 72134
1 13810 24843
1 7159 35887
1 12565 63109
1 30798 20153
1 23519 64214
1 21265 92498
1 28453 9073
1 20666 56910
1 46513 60421
1 39962 51389
1 43925 55721
1 42427 4056
1 47319 33964
1 11271 51393
1 33123 63851
1 2427 91222
1 26858 74580
1 14972 60223
1 26205 33980
1 11486 84794
1 47867 71860
1 14565 97293
1 16351 32664
1 35156 8524
1 23849 33091
1 19208 33141
1 47752 87840
1 38511 82420
1 47876 59873
1 18723 44735
1 12915 12116
1 284 65649
1 13346 98887
1 29747 83998
1 15341 67877
1 28201 25149
1 44246 35020
1 44132 97090
1 17524 41923
1 48321 9805
1 1452 34746
1 39770 78267
1 31131 2176
1 23940 20808
1 14169 59400
1 47544 591
1 9876 63007
1 44389 48499
1 19154 42522
1 5001 20012
1 6984 51908
1 6896 22342
1 44072 96590
1 41549 1813
1 25294 19650
1 40080 16432
1 3589 49972
1 2279 28749
1 44689 32693
1 35801 80597
1 860 38391
1 1781 92143
1 49043 89545
1 1328 49326
1 0 43928
1 31384 1968
1 34001 74996
1 31715 28265
1 2356 9199
1 12566 97184
1 43338 28874
1 10178 16974
1 12794 66325
1 6318 92150
1 26191 65597
1 17196 17211
1 23455 87790
1 34727 97321
1 9101 22589
1 34804 67161
1 3920 67813
1 7835 61233
1 2820 89774
1 38057 25309
1 4428 48390
1 13062 77744
1 23388 66009
1 17701 2891
1 43461 41716
1 36120 843
1 49079 96064
1 36958 72860
1 35886 48227
1 22710 63890
1 40280 42737
1 40538 10536
1 21788 79009
1 33773 3816
1 44216 45511
1 33931 43514
1 34037 95305
1 15176 34394
1 12151 38899
1 14145 57554
1 35506 52944
1 21252 57325
1 48014 92544
1 11410 35066
1 14332 44991
1 581 30841
1 19431 57837
1 22653 32594
1 21200 96927
1 48142 98852
1 30050 71769
1 34573 13951
1 41609 91814
1 47032 86129
1 44881 90814
1 36578 12789
1 9629 74571
1 22397 39944
1 42166 12743
1 49607 46059
1 13579 42425
1 11970 59451
1 4426 82099
1 38025 26135
1 45540 53732
1 35483 94027
1 7200 37973
1 45876 27646
1 14435 24032
1 9368 91909
1 24748 66390
1 35116 62165
1 7941 24559
1 27905 87603
1 10157 16504
1 44202 59255
1 2919 48670
1 31891 69962
1 15724 41958
1 43221 92093
1 43327 45218
1 43188 80954
1 15208 9282
1 25361 56820
1 33117 84526
1 27191 95511
1 13228 56033
1 21305 51247
1 15940 88144
1 33393 28659
1 2164 49897
1 41975 4026
1 44511 47221
1 19744 61020
1 21367 31105
1 48085 88040
