33820
57210
80253
770
17990
26371
80850
14717
14314
10645
91309
47514
60984
42137
29327
43570
83564
41028
86634
32351
82983
60947
14457
359
499
25977
96938
72104
42776
92189
49696
72311
80322
83308
34259
94298
41051
23366
88286
98962
35426
78064
12671
91538
85217
12276
35310
13674
24531
49567
56464
91569
64005
81845
97701
47343
14833
68307
78366
29088
70969
70538
66006
16977
57392
85901
1220
16455
90913
20995
8788
30802
39811
70460
11252
7250
62087
88039
51409
80151
5518
26937
94030
51758
75632
69425
3480
63322
55094
25718
7614
21973
79736
36307
80846
56583
26874
91625
92309
71895
18311
69414
96418
44969
31690
70554
17948
1567
32897
25763
78536
82156
70440
61898
92726
36478
80273
79640
19396
89300
68078
14035
97690
1999
66264
89637
85843
94802
77924
81462
19976
83071
22781
42746
99546
82346
46195
55531
58159
10577
76821
90476
96897
31704
51711
87211
37954
37214
74444
69139
26636
28561
87176
1635
91439
62599
97630
22744
48527
81331
46038
57200
58190
1369
87624
72446
95107
70082
57483
85078
21638
98465
1546
90312
80331
25310
13839
84528
79870
23755
97681
80693
96363
12006
24554
75487
58471
6793
88146
83848
5446
52042
44070
59729
74614
31594
33466
96217
76859
61509
66492
98884
70800
12346
36938
48880
51770
51487
65162
56406
87901
31588
46520
86844
88938
63555
5575
35528
7212
86102
6755
38982
78633
13506
11187
20427
75996
82607
34346
88591
62555
44227
67198
7666
92343
77131
60369
20720
77646
92448
73543
69477
12897
29302
78200
36906
84856
89632
2379
15720
56383
25716
87945
87529
20157
97522
16264
94171
38749
96580
93584
24091
32776
43477
22861
62792
19584
53005
61244
81638
55124
94987
8493
10293
22304
95433
12532
94592
9670
83606
92837
7072
22551
72228
53418
65576
47531
8182
2004
69600
18010
82330
16657
36222
15403
55298
46717
70974
28371
73958
59721
20969
27377
27299
99931
8489
30033
37370
36185
44094
35099
2379
46251
38021
66502
93805
25857
41014
5217
56888
31226
4121
16438
50347
45614
58719
86401
10051
25140
81210
87107
93515
90500
56811
95626
89686
82785
38303
71576
25563
940
31614
42905
54042
95342
62887
13941
56979
83792
52271
46092
15382
27036
64019
91875
32253
21283
62699
59443
52740
93096
40116
26964
31620
86874
79603
40249
1377
2902
73941
20739
62910
89372
6068
13612
78372
41783
44762
91845
72844
82242
60557
38799
96136
34848
60016
30761
78897
46959
65492
64989
79452
16339
99581
87146
1855
13404
89290
26332
2968
336
20742
9963
47979
87921
84426
14300
65045
29565
24906
45047
32649
64133
38571
41975
11292
28959
45825
47742
76962
97316
66610
29399
61815
59923
35366
46706
13576
79803
75656
50679
10488
68855
24250
38749
11988
5446
67669
30788
67511
91392
84216
78042
57870
12554
73285
4864
33535
81255
1894
73567
45107
99532
43343
56909
48046
2654
91933
91140
40905
40437
59903
58272
81081
73653
74136
55190
10679
85128
58433
35497
88242
73177
157
15996
53100
35754
37376
55213
79172
62860
58543
23869
23100
4801
47886
47911
57414
38747
75588
7134
12885
84389
20201
29486
16563
17046
56088
71188
36851
45932
59664
17836
73805
78889
59541
40884
70159
89151
4405
20723
41950
29580
37351
97641
95311
19006
10775
60234
99210
5594
90603
68486
17814
66180
38990
11985
29740
78947
36467
95599
12982
68428
31978
16503
33717
20963
54448
63795
96919
29116
2329
70242
70603
41657
45588
44229
47096
52038
82975
29992
57572
1489
86054
33031
42323
45430
92938
9301
77710
70622
99122
22453
28610
25903
69006
32199
84629
20644
31439
37900
60563
21047
40570
31615
52791
86354
69339
41444
70254
2004
37351
96634
50517
41330
22124
17378
39828
75254
14484
41995
14616
59709
78658
9189
96022
39596
59522
23313
57167
54691
1274
62812
37858
82357
87036
59297
83009
97258
5427
27415
36539
64676
7874
19311
45121
43837
74932
60981
31604
98508
98668
75554
21693
98328
34629
60444
13786
49423
45802
67946
35129
7294
78058
66537
75543
94892
24368
38896
99403
65254
17742
46176
92652
68440
40251
65246
79987
4214
96332
30903
40747
84677
60952
23177
95174
6988
90531
21271
44217
50117
56193
68924
2997
63192
76527
39525
42092
58616
20707
40676
77976
59130
1848
46782
91969
92168
67937
21227
80683
51865
53419
28393
35400
78283
72622
86785
17786
10338
89892
44035
78380
8380
7952
63601
91065
65438
83696
5510
33999
15656
7422
95323
74473
38
23359
19779
10186
66056
4201
33516
42586
80022
99040
75645
70391
71540
23091
82574
20182
50890
88188
61668
57811
9395
65588
17116
40744
4532
22954
58854
27073
8078
46296
72275
77315
78639
64313
51170
82188
49870
61360
89512
73287
65525
43566
9226
25025
46764
12033
64710
82697
33937
73204
88535
26700
79660
40622
49240
84359
61831
80407
26037
31662
51068
77745
91007
53882
79429
38510
61257
1401
43297
42934
18041
51436
98520
16758
69073
21366
38063
32934
45345
29689
80406
4774
42125
12141
82744
48514
86065
35995
68984
72658
1964
24994
92046
26733
19564
87814
61166
36760
2962
37505
14119
45221
12117
25825
17649
81219
4157
24582
91377
49772
20894
7687
84057
9760
10746
85164
87512
50328
57234
11504
30220
58095
17855
80900
64861
20885
39710
35693
45536
90314
1969
98316
58392
85263
85541
48994
80656
88374
78224
73335
97971
77715
99023
3720
47598
6287
48261
92967
22031
26324
76001
753
20123
26483
40819
62301
15892
41715
11511
51040
54677
98791
51185
44209
16530
12452
72382
73980
63139
25001
89050
44800
77757
30201
17225
30170
72590
8793
15715
84076
72630
1078
56413
38484
52345
40961
99702
37856
97303
22192
46677
75478
227
30304
14514
25381
89080
77217
49569
5923
13881
61198
89928
88277
45031
14119
15122
98892
72395
48686
96598
58860
75960
99024
15467
57709
56057
23029
49092
73604
69853
112
36255
25077
67195
1009
63
1839
90109
46953
48939
78280
2396
64058
96036
73968
31108
17469
68636
18429
86308
11607
3759
69176
65573
22805
11512
89841
64275
94982
59846
9385
74646
81969
85906
66616
72555
77174
29058
71462
84722
76969
74208
40214
99423
52529
40314
68843
31676
7179
74229
61187
471
66620
40790
55974
78156
60133
42032
83040
64119
45849
31455
91883
33998
52548
14776
91140
46574
22942
62875
20543
35421
59611
35149
81561
76513
84491
17647
52632
33557
33119
9644
37525
793
10942
73912
38603
71049
14845
90961
21180
75790
32925
79962
49693
51808
9326
72390
59474
13975
3359
64877
70401
34207
36421
83567
35331
71401
37366
72087
39215
22637
22821
15698
90104
87288
15100
4782
10949
766
67045
33861
27820
4968
22513
36090
91981
91975
87242
16124
30332
1517
69998
65528
39508
21024
93785
47446
68041
90434
6867
55286
27380
60931
62976
87515
21134
74684
19262
23969
35581
2011
85640
60986
65623
3854
17727
14619
55929
78091
51145
77386
89443
6375
87906
19048
39438
27041
13026
84972
78685
63250
34015
82229
52356
2265
91322
71142
84999
54574
13271
97981
65205
62831
97078
85349
91392
30684
36473
77700
53378
91275
85116
44219
91259
17593
18117
28107
48980
84220
66578
63448
62173
59277
83587
27717
5322
26700
8992
16387
38295
10987
95383
30849
49448
21517
45880
40086
59295
36905
37174
76328
25970
99237
3380
96233
42129
72398
12050
37881
96409
22208
50359
86408
40580
36783
69358
47247
38039
73271
79914
40625
83915
8242
98166
81963
47331
47885
92561
27426
26773
85142
5647
53625
86121
18482
7390
97115
30337
41664
90063
26554
29798
78394
29243
17490
8611
33425
79630
74859
91739
18858
49411
54380
84189
78212
8799
86685
88699
89155
86249
57904
26322
89059
81788
38046
9272
18306
79999
34053
5217
27988
34703
28282
14565
67926
66287
92635
35990
37819
97556
73346
58142
97832
53915
43167
27125
34308
78311
16753
16313
8041
18672
72375
77387
64959
28619
79706
94765
13812
58103
1295
54758
78167
98582
38841
48605
7794
3226
37876
73693
71626
32347
52019
38958
16548
51913
28485
56486
33884
27429
76627
56834
64338
36165
81143
85057
48530
66608
2158
85068
69866
59225
56288
25139
63908
71657
73341
52075
38048
18794
36339
86942
83424
25043
86925
40758
55257
80480
75114
63434
26389
89562
9961
59728
882
72936
92211
10253
80056
26141
70900
64054
49644
92969
68498
38611
11194
62925
53769
159
50639
22489
17394
81282
56991
29110
77228
75903
55558
71125
64655
50468
75089
52389
39966
32643
36097
67756
52657
67389
74877
90574
71144
71623
59983
4939
91359
68
9565
18006
84886
31913
9387
82454
1583
50685
21994
27403
57613
44541
16357
94715
4238
2919
51498
46641
51009
6613
48142
68581
51908
82245
54952
29405
74412
3489
56371
47725
14722
37238
87630
85640
622
43258
28824
58074
91375
23515
11533
28382
52449
88285
15248
50614
10893
9016
66093
66934
93085
22469
1837
63737
49307
80664
40369
99430
86223
46700
16717
75770
71403
76327
70757
48679
35062
41162
82360
87421
80096
1366
36561
26811
37985
78739
87961
533
2697
98188
93270
60145
62562
64944
76775
64147
21412
96413
87728
29704
78746
36679
40713
35736
53367
64037
28425
95817
46657
36844
63298
24582
74641
14620
74480
29996
98501
51851
37074
84673
8453
84882
40440
90021
69771
82973
98858
76550
10906
43649
88942
7869
75262
82791
91713
27759
95167
55803
54929
42563
3329
64715
54654
37338
89151
54939
63563
77054
44102
55509
76905
31955
47250
64930
57854
34019
34989
90791
41724
67071
96281
8400
26011
75315
65104
16762
54067
87718
90943
7430
97466
98590
17359
43424
74040
27187
90193
50416
42620
46255
9288
96453
96635
40368
97366
27578
28361
32485
41661
44052
91854
56290
58635
8938
99802
32682
97555
87224
97769
60189
11583
75723
484
19342
63360
10915
72426
92482
32132
77927
6364
61222
68147
73307
38569
72266
58493
18707
77415
14145
69015
33928
20811
89890
69704
88617
61955
81298
68086
17609
69986
68664
4078
84564
46719
15673
98884
49288
58857
18335
64034
81962
91461
57790
821
68686
44612
65877
81146
71968
84621
28137
13382
66007
63502
4565
91103
617
47590
91097
53857
9169
12816
62830
78582
33382
78354
78986
8359
89621
64611
88509
8517
90186
45189
10200
99238
85043
35747
47867
51017
12280
87853
84982
73867
66772
27426
19735
86582
83574
39918
73267
43952
67503
55893
13686
82300
64128
43733
37086
25712
38981
86903
49323
91956
35632
95097
2874
2867
13812
23458
88608
34955
63624
81129
69435
63295
31820
69064
58663
22862
90988
94994
26167
19794
53518
49562
24596
74172
74226
61958
62740
54678
47199
20833
40712
43720
21599
61287
49457
38829
38516
67906
67620
5560
81954
11105
51883
23143
85595
54932
97856
62005
6745
34595
56997
21455
38845
79720
52678
80872
6891
98888
59006
86370
8846
89561
66073
13381
25406
90607
46291
18586
85356
57821
63713
21047
8650
87919
47488
49546
55137
81646
17934
71955
31009
16477
70571
78251
38809
3201
7007
51357
39867
41273
91843
68124
35675
82634
47692
94148
53523
55643
76279
9331
5650
33189
88807
74591
80227
11622
7537
44107
41785
33961
28665
26177
40378
75182
12939
24404
98830
29212
12167
85570
45614
80519
45007
32177
23453
51712
47246
60134
82152
2136
66965
80739
74446
84457
66834
80249
66123
30908
21152
30624
3016
47005
79930
68289
39535
10577
34647
43456
96010
49916
38020
47202
39010
30977
89112
79981
49546
54522
36209
68222
56770
88065
15691
39286
43908
68161
53648
74765
29410
61677
63968
71543
87027
89165
18041
20107
35172
18709
87530
66565
5043
54107
41954
55271
70872
59009
87764
51177
20171
14899
34255
46048
85514
9801
6916
57240
17541
4716
27867
59656
78836
83117
48088
3619
60978
87424
43788
76131
79964
59253
97680
26534
39195
11014
17300
13500
4718
6412
96287
81035
25820
64582
20796
50312
76336
46106
36184
95294
18696
43967
36232
80896
43165
23551
78165
36822
16021
26541
19325
83169
39780
53540
36695
58557
44439
10387
65392
28278
57773
70345
31325
85244
26131
58985
61981
72374
39970
49179
68791
69894
43242
22809
32195
75409
46138
2653
79312
50853
63883
60503
91437
93230
20299
92812
82613
74445
81930
1456
66055
36064
90827
58020
91073
25509
4965
84762
43
88213
60156
15642
24703
16630
16713
20826
68587
73677
8244
94850
54267
84446
95287
21051
8193
43415
43114
19738
10713
96429
6686
56551
45937
95109
85434
88308
56815
12513
94171
76461
26289
68660
18126
9128
33343
71085
87142
37416
40877
82442
8484
41334
17780
85549
94514
75448
43154
72527
57752
54816
42649
4943
26363
12969
52798
97734
35931
82341
118
74178
72224
28406
54390
56622
22636
58575
43198
97323
15929
38593
97030
29566
231
96077
55500
40959
37835
71562
18350
67578
7926
44509
87203
15301
91784
72504
35591
99467
85866
88804
88974
54546
34740
24361
3080
22319
1485
15225
53806
38164
98538
44499
77931
66809
92640
28804
4987
59693
88007
59535
32950
25564
34926
55152
88472
65434
31927
23128
77569
81400
65993
43018
51191
73076
95774
8469
39872
77075
83215
63840
69676
21587
89405
84855
2244
24275
62750
89132
3016
43373
47404
68670
77501
29243
7494
58075
18430
79822
49330
17640
99516
63782
30348
1816
52263
83295
71480
57343
18961
69686
50690
20095
53161
15943
33613
37398
55782
41241
7758
56158
74888
5527
97468
70415
65637
90351
32602
37340
89472
94187
38963
18236
83294
64014
51242
94283
53080
64367
20832
6457
44099
95331
60208
12013
6446
84881
27490
96049
9770
14961
61761
11042
36766
22134
28526
70678
8697
99121
25258
3206
3369
11304
62646
37744
25020
17530
41681
1600
8783
30028
27557
39128
67167
98432
28722
99333
28322
99468
97166
77131
39033
95402
65842
93937
26966
59366
56666
65197
70420
96915
29896
43152
45065
39790
1872
96904
72287
31200
44677
402
41876
11471
16194
28566
53641
88956
78883
4621
52411
71416
82368
63104
2270
79890
50740
47314
51920
74869
59319
63279
42188
11840
39224
78167
32417
17324
32274
17663
63817
4671
49683
22601
81157
41185
32722
20953
93739
59428
23327
68688
38046
30412
73537
44291
75690
3430
95397
96942
42177
50167
65990
13659
72292
95523
59940
26812
44301
42966
77242
91101
20398
64383
46120
53688
67418
91910
95987
18855
44623
54306
46609
80590
8596
57992
21006
37825
65360
53022
75748
16210
70168
57544
69967
90742
28950
80603
31617
51556
29879
46903
81823
45747
15523
34864
79300
65054
93385
67801
48047
36648
95020
54290
78860
97639
19975
77333
53567
16705
35545
56490
94841
1972
87506
97905
18818
70371
15474
81408
24904
88027
23514
64763
5711
86031
13705
61747
67171
84443
53886
33743
28185
58196
77119
78529
31682
40532
23506
75238
65794
36578
71667
9122
47847
47501
25503
20960
74991
30265
88626
31980
739
8985
49516
26017
10403
44694
96389
7165
51300
69270
39668
15746
42794
31821
14738
6363
97078
59253
81465
93963
3539
7119
28314
66518
42596
49446
83009
3936
42341
25293
70050
69254
4390
40899
44315
67529
28556
14304
51804
63236
10898
79681
65779
7454
89291
1290
70525
63540
31342
86475
86747
85307
69205
75768
31507
44346
20567
7067
72286
75940
83848
95698
43692
19684
96098
98845
16304
8851
43613
51440
88473
7160
61803
40255
63876
49950
6421
94781
61413
82575
25012
42853
80543
55747
14027
76909
66804
13615
95571
43476
78251
37999
95183
23984
49513
38412
92372
76249
37534
96502
73531
43623
57867
41796
84539
47330
58915
12137
91141
44059
79060
98042
95315
57105
85710
14889
79558
96600
48605
22022
81223
71091
95980
20143
82021
57077
24025
18799
14675
63475
9848
75845
50536
47490
91903
94778
56259
59228
65406
62216
27007
14818
43488
59074
76016
36759
74049
12835
9502
30467
29293
74103
92329
59584
51700
54634
85470
20145
7638
18731
89594
35819
31529
3890
48025
60886
28172
70106
87158
97224
40275
65046
28038
88180
54705
8980
15232
78186
58931
63248
13007
57833
26299
77780
92086
29118
21868
58348
25373
24496
6046
73798
6383
2292
16620
65228
79424
56343
14935
55780
14597
51513
80437
30951
8790
95201
7006
79735
87256
1047
84210
88337
33516
43281
67421
75206
92252
50985
76898
71603
1850
13207
86176
91757
48383
83882
53987
74523
32321
72308
38065
64459
52098
23922
13007
12234
51812
75443
93363
33230
24491
61728
54789
4152
32187
54882
88613
15879
62701
96156
76761
58306
91608
62359
79976
32944
68021
90357
87986
64651
58004
2982
20215
60017
35412
9810
7595
4784
25864
91934
11104
31530
17094
37083
32333
34196
97552
82614
9127
20078
63019
35998
54196
82729
3191
60393
1632
90119
96426
60092
1176
87541
37987
15344
34773
50667
6307
1353
78696
94722
74913
41043
85342
69954
1912
51028
25287
89304
60966
4901
52544
91594
78343
56258
66936
41436
23745
47671
76189
41192
63846
24484
10994
67965
57007
34547
74545
19655
70683
92205
97463
89888
58919
19032
30862
2620
88128
37540
96501
6507
15213
76406
16390
66065
98864
73646
32268
91149
55462
19729
55627
56365
30692
75051
9786
45904
75558
96072
79507
8712
29104
72833
34679
93585
26603
90884
69541
70904
28778
11988
65931
31531
50929
51688
66452
91847
95533
96272
88086
53599
98070
65853
67840
98471
10536
13080
56094
5843
3532
4034
71027
17171
70441
76631
78511
10108
79475
74213
90923
84770
55854
77117
53874
66896
29364
31977
23847
55982
9807
61674
70891
74721
42998
83197
46292
55961
19519
98038
10646
10638
84237
33463
12086
30075
96195
30323
32264
53351
8149
9428
29025
74645
38270
25136
20057
86719
92653
51738
24665
11173
58444
92281
99037
92352
16792
66917
73325
35097
67398
25050
52388
5381
82919
26225
36381
88495
89078
70275
26302
44722
27453
78965
86213
46513
84416
55199
47690
11915
40719
71710
32529
14785
25727
76151
60470
38636
48053
63640
88618
17260
78463
91673
8923
16716
94550
55832
66180
15192
61777
71995
41895
58647
41149
6931
33170
37190
74486
39233
74059
84989
6485
88627
39922
36637
55117
63109
18202
63216
51468
55252
63797
16676
33108
59419
42708
83243
86363
68207
11464
13916
75202
77800
23762
30095
45290
61507
51971
14124
6785
64942
73159
5658
88441
18428
99263
29149
65879
90918
89288
62772
14120
99078
93860
37988
405
47448
56034
49985
60430
22636
53145
14271
26777
87831
90314
99688
61197
49840
46831
15455
24935
45017
73164
12077
68151
15287
50488
20138
96595
33688
48960
25465
19133
428
25705
29731
21102
50242
74952
90740
69646
29387
16491
4209
25050
36351
49814
96730
44539
98241
67034
73936
72761
87044
75607
79493
48719
36450
66445
21157
100
4987
74047
19568
42726
58309
571
79098
31193
18504
37594
53069
55401
96398
62919
76340
22900
73158
85414
87724
96943
13908
14891
40443
14729
85040
51109
25933
60843
53953
84953
51583
8349
39804
26461
37549
47198
95357
88115
85098
63974
84568
81896
13779
78551
58471
43531
35714
1883
23685
9223
94309
99414
78799
69610
64893
89284
79894
26188
98620
81325
43148
23180
354
43274
19878
46103
66902
93933
32084
91175
55509
2344
74290
26602
57972
81161
48127
91973
37880
86525
31948
47303
54752
18317
85909
97347
42702
68906
83048
10814
73975
38060
18287
89012
39605
98615
89761
24845
25973
34707
53666
22393
72172
90273
16552
66195
2109
50511
7371
26648
50089
99462
91036
10747
83371
9751
32097
60056
63474
87685
30641
71368
72687
50560
4054
31958
36572
56443
69719
3301
65914
99596
16503
73676
53166
77354
51678
65354
56077
71298
16809
70123
66495
64127
46930
43753
63107
65426
66827
48926
28128
3991
77662
18974
14906
32890
64219
86503
44153
63486
64627
86670
40734
53409
3496
6767
917
12697
11748
55597
63846
14492
44356
25832
15294
45574
69476
61053
81229
45820
90757
94420
91009
20646
40564
52677
88758
64447
63039
30911
10049
67593
58778
1500
93909
68248
99934
96689
99441
35959
65325
90541
86581
697
21422
91055
95443
19045
74497
59187
99924
73247
50423
18770
84656
59683
20648
91482
68669
28012
23119
96497
42042
42012
80895
71891
15443
40331
58075
82476
81724
38954
56742
9113
88265
26953
5583
40251
10432
81144
46712
61414
20278
57796
54449
64908
35939
92472
81556
50977
20595
28238
25888
21372
13959
99575
94608
39537
99322
94805
76891
28354
25313
73385
62964
22305
9300
77855
66268
3008
36847
97636
52202
34856
7492
96934
46868
25222
33905
71905
42863
52163
66863
6089
72191
5191
87548
86209
22897
88153
82031
42742
56567
40193
18973
6286
58097
34686
78320
40879
59260
84808
90620
49892
44907
7651
53876
77815
15799
94064
94114
37799
59488
18197
66267
18322
83467
71617
67980
75522
69504
59351
49927
90995
52846
26481
52955
54987
20313
74796
12767
65058
92376
6763
69961
21084
73702
1178
80415
99905
77639
32273
81429
75768
91159
14918
25287
16916
61897
15985
29586
35195
24220
58807
2106
14513
70393
57769
3585
49658
91842
94900
77799
58993
93604
5132
55244
39299
20109
55121
36989
92499
52215
35248
75804
68483
61947
73451
24950
8188
48789
39883
38708
77249
97475
34541
15788
85105
46779
15121
57799
70363
42975
51371
15142
24899
64268
97813
21568
31771
41484
62133
89219
82842
3066
80937
6599
31286
53681
181
99176
99185
99130
6458
67070
3529
40926
2761
66220
3040
86588
56183
87751
3908
36257
55211
53263
41433
63459
9614
92477
44881
80947
99405
68912
93276
98893
32457
56716
78122
99920
95327
14792
93136
566
15946
13120
78949
81108
80720
923
587
68481
9762
88375
71434
35299
18306
51829
5167
33487
78827
18765
95258
59037
71024
53062
6921
11823
63253
3234
13957
34568
3957
33875
92280
70479
99817
69362
24121
53666
4391
89487
81886
68828
92492
44828
25844
28235
42731
70544
8510
97977
63006
25637
32726
13232
79667
54929
42559
86623
25613
70994
59812
39362
34458
90325
82844
54861
64315
97488
83609
52050
33848
69584
36734
97250
90429
9710
83739
41484
5958
70512
1313
34872
21404
79795
50451
17194
75319
33808
60894
85238
42377
64785
87402
58225
36826
17056
50948
35479
39600
50878
39814
29651
17685
36080
65013
59157
42815
29296
21736
23805
69056
74167
73456
80346
29137
52986
72699
36525
24902
12599
27174
51976
76258
24447
79167
56034
5616
9995
48279
41110
31968
3343
28694
31094
81251
83784
10354
77246
97340
13814
36500
87414
44330
46838
95640
78581
60056
79132
36234
99399
8082
81129
609
59513
61043
25268
16827
56418
53620
50993
54348
27844
91247
31486
25732
54892
31166
82734
10256
87535
63162
10320
29490
98318
74923
31913
82805
90998
8303
51930
30412
11320
15715
65345
93602
45058
73871
43564
27116
53023
93860
94737
37318
45428
76226
39876
62525
37679
27886
61626
74690
30530
68904
2409
39964
96771
39901
12981
88432
41654
14759
652
30516
65027
75873
93328
11454
56932
28207
81424
90736
58694
90114
84090
75985
40937
8954
85900
27489
6132
96526
24082
42633
64178
81991
3292
65669
38714
61064
16842
69665
35957
57779
17665
556
27995
85457
12707
10499
38674
43443
23148
91917
64545
12312
67504
14965
38332
22225
43393
11085
13307
38009
54154
55212
53899
76729
28324
98842
81591
45537
3302
34719
13028
24462
81840
11618
1739
29880
1876
33482
10713
89289
76126
10047
51586
71563
73633
87026
42021
17137
26115
43050
47791
43876
97085
90028
84533
29828
30984
97717
34781
53949
11838
75750
2320
9256
51512
80971
15881
48541
29003
16199
13324
4901
28937
11544
72936
98238
6265
86527
63391
49836
69745
30645
44555
68757
87019
98839
64901
54499
64705
6687
57861
58086
31951
7980
56844
41818
55414
73703
31392
51452
89990
93060
10521
41534
10174
6706
91246
44204
64529
16781
2234
5461
2769
76554
31447
82541
98823
84107
56605
26984
50013
44812
33781
90491
41589
95821
55371
31881
25988
12659
86934
46964
24939
97672
80786
12122
86127
72901
26365
83274
92782
21678
56879
44692
48388
85502
17724
31448
27090
74654
63364
45560
51898
29794
31207
33403
13805
29019
44681
18131
7808
91230
88234
31627
48108
19006
5635
53547
81652
42181
74659
32089
10419
10248
55041
61585
97231
77536
62407
73151
98759
5789
67361
37142
16119
9243
58303
58055
74644
75360
24128
23730
10456
96437
89600
55813
74134
66438
55041
90916
46926
69602
64356
89899
1220
44771
2600
23058
59012
64528
64935
94366
14632
96526
24634
88358
77019
86553
30829
78372
26648
36670
65854
32504
70404
5329
81351
15786
67147
74977
71547
35589
67953
18961
56932
49238
53891
39069
21974
56032
6616
32919
49487
14317
59662
29239
13297
56678
73418
52788
1633
42815
65674
60386
37011
7851
39059
20932
8580
25093
20985
94660
11097
45161
40266
14093
96039
5725
19693
79523
57366
86072
37334
63417
89522
92486
12344
58962
22841
90969
71898
70517
95810
49515
88388
1288
87656
61211
68680
49537
89989
48754
87445
2576
31757
62661
63617
19825
37713
87110
31639
27151
9710
89739
43735
91661
58435
81301
56348
30638
77869
22936
1474
10769
30858
24958
72300
48269
17644
49240
80911
44705
47332
12601
67765
16775
89239
82358
23010
20468
61784
18482
21523
98542
17819
76077
82562
45651
69126
95384
38598
50800
596
13107
36919
11614
48721
26819
298
94821
13236
25409
64800
33177
10465
31843
62774
75089
25512
20592
16156
57545
8998
84825
80724
63164
19279
20299
48494
75218
42045
62006
51149
2901
12080
65211
53888
2586
76113
15230
69987
7055
88731
74216
11941
73684
39264
91942
82562
11070
32067
37915
91283
26170
34716
35353
12283
73922
50277
79096
37580
323
60117
88529
22685
43300
15857
53213
38474
69118
81581
35683
43070
36787
31479
26912
78722
66687
33972
50744
22071
65312
40365
25674
5252
35994
41342
76425
67306
27236
82922
8541
33401
80689
58260
51045
12887
98748
42630
50201
64011
78004
92586
68257
80183
69328
85586
6660
52086
27239
19798
92683
67691
45240
93179
78991
65970
2835
70915
78454
58430
62739
81706
42178
81410
64826
88670
93319
94686
12981
57734
53734
9397
1781
53557
53378
20371
85570
37381
22228
28030
89393
73062
76715
37871
56897
37971
13478
61324
46221
89511
75776
90701
59394
65857
13695
16945
51893
89731
43169
2934
47005
45573
60548
12028
62922
8451
560
21997
20087
73142
27744
54741
88541
63926
91960
53469
8060
48138
26588
49783
53573
77294
91870
72073
49585
36487
14431
63001
20597
20430
89638
52246
3133
2255
68935
37392
34545
34028
24185
41949
27330
43210
54411
560
16070
38624
38059
44050
71508
30087
89106
18333
25787
99482
63445
39869
12932
16590
10722
32897
5764
28436
62428
38713
69116
13280
11856
54507
73009
10631
35202
55731
80389
64713
94554
18450
13101
15911
20474
83242
27906
98872
43544
18335
89447
4914
1377
25996
19328
28562
62376
73432
75747
66119
49907
42745
22094
49525
59131
17176
67484
79411
14120
48634
23712
257
18382
49046
44351
33839
51954
19308
24696
59362
1760
27610
32405
38694
53736
71477
757
43921
92713
56235
63215
62284
39834
27622
84445
47910
86359
69624
16397
97108
62892
7289
38195
41663
18905
68553
21271
32569
56424
9782
43224
7532
61536
20839
99412
13522
90046
78055
61629
16605
72659
90383
86854
49454
31182
37024
6421
10830
55309
67227
7020
97955
20385
55185
4856
37880
20695
18828
77786
98367
37136
23125
34586
12112
72452
99278
52720
63566
10555
86140
58739
5597
16117
10593
56036
86788
27063
33680
85673
84344
6990
38681
13030
81743
11049
94428
27711
60702
63077
21263
56818
36844
18612
26756
16435
15358
41609
83990
20072
39779
43117
73225
95891
91226
78700
95034
15836
21090
28599
96405
47405
20435
15610
1102
7170
64845
59161
19289
4175
18286
25737
42631
3261
49918
48656
34048
73785
91888
97749
56982
77713
65685
92911
17738
85010
38195
22501
85457
52683
89670
86898
43696
9306
24819
94810
69569
17198
79080
93557
4354
90570
22653
24062
44087
97110
96425
10081
99320
10724
52272
30341
46607
43535
12685
300
31501
19421
22097
10724
62679
49077
89447
76499
12525
88573
86702
19369
30809
97462
33182
23404
68407
19919
99693
92259
4428
57376
5895
4342
96387
28684
87099
44742
67322
61310
64077
20434
50769
34765
4293
50547
17815
73921
76838
40115
91084
82988
19723
23836
41177
68361
93870
42401
93719
50826
47973
81551
70473
13422
78207
78455
84146
53715
92873
60386
1610
88544
7424
83225
43431
59365
78254
29669
49927
99670
87922
42465
68959
28100
73849
30854
33246
24949
12947
38824
10727
3829
23053
94183
2138
99967
93249
38709
17741
45269
54151
39527
86504
30475
78351
93328
88425
408
54315
22257
40111
97828
21736
70710
79245
96359
71870
72632
40854
22537
57799
35930
78014
85785
63650
34982
9547
59870
54285
6457
50913
51540
78226
62017
95692
6596
81861
45416
60367
44900
45468
27996
20199
24499
2555
80147
82687
51160
47341
31092
31079
51698
52204
83218
7384
99416
21093
85821
86415
81952
59517
16893
29167
85976
63297
44348
51579
28241
21228
24531
10119
69725
60841
32151
72779
49693
4035
53219
93300
11817
99785
96078
12204
91291
17389
26418
99091
50426
45795
13393
43400
77044
81873
36760
42381
36991
21279
96099
55382
58207
61736
85872
53760
66672
89005
50828
74248
4663
82923
60842
82577
26409
22119
82882
2894
37395
38513
97761
59147
42776
32379
87853
63508
77843
32676
42485
61239
11136
71091
30267
23599
28666
75268
9849
24269
39210
51249
67928
82347
43113
19096
3131
86777
58123
16117
63881
4193
94612
23904
89714
77741
74960
99351
17826
83134
14764
12409
75977
35815
33217
98511
70760
25264
78467
9040
33154
32640
95342
36180
23684
49205
76477
3099
85767
59686
90211
31246
738
35232
47090
1318
60077
61929
56988
40905
66586
97788
82695
575
74837
10309
53617
96925
1926
13271
45952
68510
15038
11772
5427
85511
92821
9159
85021
33418
96383
75720
40757
63332
66878
92261
76156
42558
76868
45202
62203
26209
94646
26187
78916
9932
97034
34220
89511
81822
31417
158
38122
13896
4801
75960
47903
29336
12308
40249
64855
60966
45590
98200
87957
16374
51944
12119
30525
6745
1410
93941
93100
74389
37333
74632
86538
96467
52169
49765
20864
91309
3346
22300
41006
74070
99408
5266
41998
28735
51288
13042
75249
78179
49023
88737
83405
82139
4323
58365
59517
15631
67262
91681
91567
745
68372
277
81636
16102
8459
12502
56626
64772
48719
71198
99301
47197
59372
35825
55789
65217
41435
83616
10005
96323
33321
69510
49406
42911
27671
95924
46526
68764
99657
69
87372
18181
7421
19531
68328
2177
17915
42942
410
86531
44280
16682
86535
99629
43241
8200
74527
97510
14637
5564
6176
28826
44224
81830
88077
10114
86756
5131
5438
40483
85819
8102
30465
74370
17845
95064
67058
62033
43276
3956
94585
55164
82610
85381
67125
5183
24822
43947
56829
77771
99803
44176
42904
41006
80999
83341
22346
47757
20701
85192
11786
31178
8197
65392
88016
94148
71196
18284
27244
29456
497
79224
93292
75742
65438
39096
24898
30622
35744
43126
63418
7241
58638
66953
4556
12006
10960
64453
55917
36953
90551
99635
89136
43576
51344
89992
80103
98703
67168
39232
62955
90181
11811
80671
61633
43276
92585
59918
30845
98443
24891
91274
7763
97912
81471
7594
45797
20324
62756
20255
68852
79707
24268
17074
1177
3488
56732
24263
40492
66778
69406
16582
88561
13020
93152
15061
23303
85009
93365
16003
46774
1196
22076
70317
35723
57716
30535
76595
95288
87992
32770
11364
70733
26920
76831
97347
44449
47996
71667
63343
46802
25030
50431
17722
78272
92429
4458
92976
98151
59644
20148
75413
72522
5314
36992
47513
45802
63246
85229
51789
55774
63898
85120
40297
56526
86018
46480
1507
96492
83272
9238
49550
38258
70966
72034
21617
78745
84381
34862
22187
59546
32739
73890
8719
58049
98007
22694
24791
96198
2061
96683
12342
79545
9770
30577
33700
83296
57484
14169
85009
42117
42101
61956
2294
33272
40672
53325
47322
47575
36624
82364
80864
80288
3326
39294
62734
71392
39589
18454
42158
33471
98307
56785
8303
11396
34931
1862
86280
83553
23802
95717
27388
62022
4933
50614
72837
81832
24209
87980
78835
4585
81824
94859
92907
47410
49009
94028
27796
93585
52158
71980
36761
78382
31371
84198
39913
50248
70558
93724
15804
29564
96239
25031
645
49628
97082
84282
59871
51796
1891
83191
69884
70999
40898
86727
33141
1847
45177
92444
72653
89317
63756
38556
32675
18500
98878
1872
54476
44224
88115
5802
59486
66186
53453
83963
32840
84234
51436
73292
57709
96899
28086
45292
69874
46733
54408
80287
75451
69657
15532
26406
22270
84539
16649
41822
89435
10585
53583
20815
44758
28609
76028
1660
96619
44058
45677
19699
65395
22087
96658
24027
79205
15293
15593
24101
27528
80592
89811
84085
71595
51454
54935
75733
71742
58479
78532
84387
87911
23100
82940
65457
79277
60138
19355
33299
99062
64218
24267
92351
50338
44185
52929
52747
88052
57927
30227
3561
49757
31641
93528
74164
83512
99106
21810
60822
61935
89481
63795
26728
45970
18957
91521
5186
68751
28055
85820
26998
15881
22146
95082
8292
43229
37750
13364
1354
95823
94343
16806
90315
6267
93194
29318
44929
52960
84183
46363
89910
34483
20489
75597
18984
72166
35974
73883
26112
32699
84638
93417
76671
80316
88894
66198
76095
54318
41473
77932
88243
1362
41838
9981
15024
99025
94712
44432
10616
61529
35433
578
8665
95538
51312
15648
23351
59994
42756
94395
62242
19365
10769
72081
3129
79179
55274
7394
30106
89269
55687
2438
94086
13244
28479
11409
51040
55850
30446
46782
31231
7738
56294
33252
48978
44055
13435
58027
34041
42204
91050
22824
94710
98291
59155
87383
66737
58298
40974
8184
43855
94475
55581
92041
9569
89635
81416
32488
28008
19146
65012
51472
88684
56927
3738
21838
77177
78352
42380
81835
56281
40249
49911
63891
1543
32017
36022
50178
7395
58669
77122
22611
11479
79397
8076
16286
81790
57256
17576
81532
89236
26999
63518
59012
71136
92375
89651
95262
76795
65796
22668
39347
56069
30116
14926
80373
60502
7019
42365
15837
8085
71949
2338
6276
15013
92110
97586
16828
21644
53539
63450
26891
74355
52639
31539
88897
57493
29895
5635
64712
58031
63387
92257
28155
39508
32185
32269
37005
53914
67401
537
68757
1376
22948
37077
38615
82321
36429
63099
7464
68943
3612
64661
70003
3812
41488
69071
46162
43883
81701
22111
28379
881
40687
53448
84991
33464
96929
74287
3506
92858
46681
3170
16792
83688
15959
90266
9259
78334
82059
55528
90845
19163
68786
50800
20240
92980
6179
66986
59867
31941
28397
4866
20951
15602
29293
17127
57891
43840
43854
32660
41731
58150
59498
65348
28000
66583
37147
50564
75468
36321
30205
51926
26264
22715
71034
23407
50520
9634
87149
23241
74483
98026
74718
27052
84443
17430
29505
75173
29198
91190
39086
43261
30857
14413
94390
8572
44468
24187
23070
34198
84025
36330
32670
34889
97810
6912
48637
73858
26572
62012
45905
81037
78931
40403
41396
95855
95657
22475
82456
71241
56803
11887
44011
56297
97838
59128
68924
11898
70505
22626
99144
57448
21347
48835
83666
53706
84371
48082
83065
32500
9102
82267
4979
66220
63091
14847
20462
21059
12152
33840
77802
75370
96875
71845
59562
72890
55940
84792
82745
27573
23934
36022
3852
11935
97472
95902
84749
13744
99241
98464
60794
32370
36723
1574
52592
65659
78729
17821
13033
25001
55453
56829
67151
59451
714
82173
36560
85688
1958
78490
31513
7365
42045
7495
79126
20357
88915
14077
29667
35483
30256
1774
25035
61083
49900
99502
64170
41840
33546
70895
91246
82448
9803
99026
60324
76259
45012
54550
52165
80127
42285
55504
6814
50333
81846
83981
7229
86793
21356
96670
69194
7066
55850
70029
78689
29183
59356
5332
58318
35776
25146
4649
97542
51589
80436
18068
21411
25963
46902
79522
16360
63128
93914
57893
92286
4275
68508
25699
51556
9375
64018
59737
92389
47880
78698
96099
15501
78810
21702
62116
47194
57513
47524
99135
40640
86185
42627
28394
19989
6406
27783
58575
22342
91751
61018
55745
13978
68224
22312
42215
59953
36535
90278
3512
15341
67704
10708
87612
21206
4698
77586
46277
89980
13603
42416
85975
89597
54318
90353
4649
3171
44792
78444
48494
77432
49440
68285
29775
37291
10510
6734
87532
2022
48844
8476
31970
48906
34653
99370
63322
37563
35797
21226
4852
18771
95391
86158
92802
42064
55626
3110
57777
57117
68026
18382
721
22768
44951
57053
42189
67681
47341
81166
62443
86678
24750
20686
57942
18368
7475
46593
38817
36111
52908
36515
46573
46613
23273
40753
83117
60126
83463
82771
74327
30164
49985
18937
76314
86798
64390
60891
85771
72075
88292
30150
69189
52273
53504
14167
61607
22227
77036
37516
25639
38817
26144
61240
70570
49910
50378
40840
2975
10877
75525
40607
34460
39687
98687
61508
81910
24387
58137
43111
70127
97278
72314
76504
80241
7442
23009
34833
99894
8357
50861
89845
15573
4942
8385
44451
98088
77825
2028
81636
8743
13165
66793
16804
18588
26633
4293
70553
15596
10921
35229
3113
79462
96258
96889
85508
43323
75936
20818
5945
92038
45768
348
361
45282
56882
11948
29105
79044
6820
66484
61905
37686
12686
59425
52043
88549
64926
55214
363
28294
64441
75098
82778
86266
6163
76900
23794
7117
28683
65900
75692
42255
70295
50929
24827
86996
96681
131
86498
61436
16505
72088
68969
55157
85675
83144
23337
53626
98497
28529
92355
92265
81408
28672
34637
81760
1913
37113
69068
51244
85647
67022
38081
78756
75518
86015
37080
75962
6771
42963
50436
58329
64804
29288
71886
98719
35648
43786
97028
78520
29127
11802
76793
66350
49882
88193
87184
55258
48502
20310
85644
19192
42276
71232
8436
19859
69076
9499
5154
33926
24834
33798
61189
24107
9712
34819
11670
52153
45425
51200
12814
41603
829
26364
22038
5731
97502
36306
29943
50089
62091
55519
36579
55190
14301
44556
32707
39274
11921
61698
18306
33308
55367
28101
58780
6042
99705
67102
22591
53983
24511
88200
8238
14108
5787
16836
69891
503
89894
32738
54359
53257
6119
82871
6153
37579
60446
87391
70461
66281
2456
15297
10891
85081
80580
72555
50962
10881
17408
53425
43000
2185
93713
4562
20912
99229
31683
27215
77298
34009
67729
26826
7148
30168
42259
49558
35625
33735
31873
93025
43213
17092
90948
10922
49532
33952
44772
71124
49302
93241
35639
61972
59683
30451
52138
76382
18801
7608
40794
96851
7599
1114
87430
48677
6230
84245
1792
97854
72946
6879
44125
67121
9880
88267
77107
40468
22516
14624
51790
26765
54790
77375
64941
64517
70962
961
30151
65955
20025
34825
53534
82506
33878
20953
51530
52324
77321
28618
31619
98497
90801
94127
24664
89038
43757
62365
1888
72177
22197
70711
24211
33939
62825
52863
36403
7845
65946
57733
70147
46225
68188
65
61021
13466
8393
95189
67780
25428
28712
1807
65412
63876
1330
87976
80593
42840
39652
34689
92559
33300
25779
96912
73619
89122
87043
65246
17403
97015
89439
55725
71386
82935
69300
72488
97788
57890
9700
49552
4049
57497
52807
77226
32404
75054
89154
28583
32856
14472
78514
70404
41323
80804
22772
44462
41243
17613
7612
99133
7953
22186
13449
28415
59795
72117
22202
52694
95278
81499
27252
47524
5015
75417
55204
7491
96536
21751
20965
81431
67921
18447
30745
72475
53857
49168
80218
5370
29967
51193
38066
12347
72024
33318
91343
10087
88338
31370
11405
30056
78198
62881
14925
52222
70480
31171
2133
60140
35939
96821
57446
57736
35694
53646
49619
89761
41839
78606
9873
62285
8810
43698
92224
61196
39984
63576
66426
42955
28385
87008
25101
72651
457
68539
36095
27248
49450
98790
12893
58176
70260
60882
55443
25299
76501
45166
53041
82235
27052
17782
85803
72635
74976
64234
88268
16152
28116
27644
94312
4101
57284
60448
75863
14811
56384
14755
59175
21613
8195
68709
21901
82839
47613
26388
72014
28703
75039
98492
56359
21504
71717
2648
48220
8756
8371
31181
50668
74851
93437
34017
17151
13126
34878
16347
47208
69473
50523
37378
47235
36470
5698
48426
86763
41897
19417
48980
70250
64307
23374
65980
43213
88931
80677
42873
75518
46981
38864
44870
53606
42867
42295
73519
35794
72018
8120
55861
34087
91595
9808
77914
51998
61732
28201
66667
84267
65325
2510
11134
81486
61420
75484
58956
97896
89058
41131
90583
35988
71064
41287
58859
54893
85052
82891
35118
93761
56775
43383
52862
31602
49282
94236
53531
22430
33822
65642
51852
10027
6603
80485
8208
65546
92692
23462
15934
39666
57786
91779
87697
40114
5239
33337
77838
16101
95578
83208
96033
16269
13236
75585
28870
57756
78323
3823
44314
3957
9120
79569
3020
10377
97862
32800
45819
17939
99757
23640
51880
42458
61282
44179
81256
35653
57369
99027
96748
7768
77206
81667
69668
25981
41035
85295
66353
97810
50238
14546
29406
1718
40047
49590
28915
80625
85848
70962
13337
59329
13916
60948
60550
30848
15159
743
9931
95960
40328
73712
2073
17859
73378
60042
77802
67701
89578
28188
59599
82256
750
96417
81652
51477
70772
21530
55970
22188
6763
30091
45553
28156
40990
51658
83028
24046
68882
68948
40682
27749
29275
56796
60965
77449
44034
73073
97686
26364
38055
76762
13666
60043
17545
73455
44576
40730
19416
74623
91629
2892
90947
73843
44177
8037
56643
0
58591
60082
5515
78746
85971
21580
50613
68781
1251
41989
1863
90555
83515
13896
92526
24611
24601
58502
40896
98740
92965
23723
79183
12915
30410
15484
20775
98644
25833
20755
73102
58978
6911
48212
50139
30704
62632
45777
52787
16318
6621
63056
45330
5220
11348
60599
8454
70501
45300
1150
15389
7420
9098
53564
80438
30778
84679
19772
85797
60121
58566
70973
50172
47135
85982
55732
85766
87893
54613
87940
34742
83962
41593
34500
81312
68853
35765
34584
46249
92036
41349
83516
307
89550
6524
68493
13093
69655
7183
68904
52906
30069
1383
87448
94525
30005
81950
71208
83447
77745
52965
39381
64443
40550
84165
28042
63601
24027
90795
54220
85342
53670
44195
82243
28937
92032
11799
17564
11432
89403
56392
87615
2291
37303
32786
17142
46514
86849
97403
40268
16851
23042
7938
91630
55235
68229
64230
4181
11880
19982
78207
93584
61810
26046
75377
79440
37543
90502
91975
85247
43616
63548
95474
50779
29352
43449
5491
45750
89929
50023
84500
70842
34430
25654
21214
19869
68641
9148
83038
20182
36304
96419
14303
64803
57273
38760
13332
39508
49985
19636
20225
97186
69052
72667
69881
6346
182
2478
74465
87267
8781
54271
67469
46353
6331
89814
42858
19495
88686
33762
54701
12480
43675
17725
62120
42416
58433
8036
36529
72886
85175
98169
5245
71405
36088
9470
2303
62815
78047
36232
69770
91924
14701
61379
34117
20335
32382
54676
88455
1720
82943
16834
65199
98919
55852
25220
45159
98068
61082
1589
76572
85218
39485
40451
83356
71030
47535
17555
27119
59677
64239
63328
34580
52575
17024
71112
70162
62739
13637
26051
15074
30351
33549
65860
2838
89454
33562
98143
45076
67984
64636
48103
25802
99781
59454
13745
82895
81480
24235
12308
37898
5539
65646
76482
15598
29820
31071
73329
87303
27897
31376
54257
28236
58679
6539
13558
21684
8218
86481
36247
51087
3190
74621
92324
46144
33391
12461
95919
68543
40498
25924
48939
51100
97161
22310
59662
43111
35741
19123
26659
96232
10484
1815
26661
12010
93505
82859
3920
87105
35146
71664
41429
85388
19370
44073
59788
23621
60489
19202
90056
7129
87264
34442
7751
11321
8445
45400
52607
61035
31578
37256
33928
93750
68208
42987
36860
2433
99822
50256
47621
33686
11125
44818
70135
44399
2393
93723
74529
8271
63458
63522
28658
49679
14199
80521
74746
28001
56889
59834
87753
26024
55902
79198
86648
77840
96835
88122
90736
11751
57563
6512
84153
38508
10708
41741
39160
4587
88035
79791
3075
1437
59306
45253
70119
64021
22731
84084
40089
23368
93608
96965
46590
62451
13112
59228
81494
81653
21236
47671
41254
93584
11127
48568
87396
32947
50974
8704
79650
55928
95845
86098
72853
16448
54447
23271
65126
36997
19506
91791
84149
532
14105
75320
38273
41799
76350
37030
96667
56488
24283
19404
85655
21389
17559
9729
45659
28173
88289
92088
97336
50934
17594
39607
77893
37890
77110
67933
63325
47104
10741
51512
83493
91896
70780
38992
34806
22821
5919
61412
71318
76244
57754
38817
70259
27564
37218
79854
63073
69315
67361
62494
79007
9142
31215
10789
35310
67732
16312
90452
60200
8273
17589
92083
725
42302
64298
87641
94894
23581
83233
15292
42072
12900
87746
71020
24250
4645
63244
72984
37414
1317
18843
44909
71591
82576
85278
73809
18848
69683
40691
69690
15252
85245
38958
72872
8726
98153
97177
66153
86263
23241
68979
36177
95452
99471
44531
62102
90077
43544
48243
64100
80906
49212
59419
83871
9052
30523
66611
25059
62236
53509
60853
8852
22450
830
18267
21652
7485
88475
50409
9235
89798
93069
6936
96306
65288
64299
11709
69510
40958
19824
78363
84796
76346
90846
59156
91236
68919
15276
84994
61263
22772
74991
96175
30395
62783
61121
89292
42951
4012
58837
98497
82942
33090
93864
364
59608
25675
55500
39776
88488
49558
85142
14119
19356
58355
82119
22754
44333
31374
19379
51476
78091
7241
41685
12271
95736
33678
79003
72958
52943
41140
793
76268
65437
22205
9922
38019
13192
44813
31883
27710
93039
24514
10127
30769
83642
94245
61954
54761
58759
51683
92602
81663
25255
7467
72753
21910
27839
15492
51083
74967
28633
90760
64521
34815
2742
55141
42417
17900
53367
16399
60646
56995
44248
30399
39138
67953
49207
47939
46014
60532
33142
19380
63497
84700
46333
56495
239
2946
37732
94461
48912
63038
82161
17991
37089
28056
95971
23105
33975
39019
2817
18139
48885
98359
44210
10664
90354
62631
89113
40913
20260
66008
83096
12287
97191
92099
71431
43346
60493
20562
58515
80341
22067
32422
7834
89392
2383
43711
77012
80722
50548
92039
37039
77103
72965
21946
45533
95620
46286
93475
75084
31340
25572
9049
82766
45201
28197
74968
72936
46956
36841
61902
45009
53384
71170
59548
43572
2328
28641
4751
35095
91804
35028
69669
75344
32443
30762
26854
86248
11708
5744
7308
25987
5105
69187
57619
75100
28863
9196
9531
72365
23523
77453
21918
93679
23097
84693
30267
88165
42901
51577
31482
57527
24610
94303
97143
98896
95312
16553
23442
56709
68384
37862
23035
9697
6871
88919
95452
9054
7362
51460
81300
76066
85801
76992
95694
64178
54333
84281
25067
48787
20404
22966
92533
25096
73595
2038
47347
93271
30927
8997
28818
65248
24172
78492
72295
74289
85338
46471
45278
12974
37274
66998
92339
31750
95725
25437
22136
16260
26700
51508
11811
82418
98969
51001
69339
46964
69672
46394
38029
40014
22579
58448
88891
94184
3667
13682
35227
81496
54456
77712
64666
18551
66675
49909
35788
43712
67356
44717
42340
80989
27211
88005
48813
48662
64622
69480
46944
11013
46169
87801
92939
35014
79098
25604
43340
27288
71156
74824
20682
96122
12852
27869
6633
4201
348
89631
68088
80359
11465
29000
44564
56307
61543
16111
29212
72752
68486
53607
11618
89177
15250
50196
98240
69126
83321
2820
80797
3974
66225
79935
93820
20900
56238
66945
859
41512
91810
33923
4504
20463
80051
21974
24922
98952
45683
32487
36923
18103
35423
18300
11753
93637
23705
28498
24843
55135
6503
58198
3311
89452
38671
89636
66900
70169
32033
98245
79481
65216
53185
71812
41154
90445
94387
87866
44787
35084
27532
60709
65225
89051
35765
27407
23221
81138
27931
68246
43653
75452
30248
8272
56370
46108
49428
39380
30228
69674
70751
39968
98462
60008
62914
33458
91144
65024
91806
53657
35302
55760
86670
73818
23224
50052
97036
14569
68025
94017
45246
54322
91681
20132
41330
30761
93439
14485
90774
30431
48421
77258
41261
11082
31003
65737
11097
85049
10563
44843
63331
28964
88901
58566
1399
42440
12084
91016
85295
96592
25468
48620
33603
98022
8524
73410
3868
7890
12462
70355
57193
30219
86400
14425
25736
73684
56006
92331
57607
9936
92748
19661
6790
91414
99372
7645
28326
49257
60366
4052
11210
62424
41707
61008
87221
46435
93969
17181
43053
87047
54416
70921
65102
26916
30543
61827
48224
77234
49041
30291
98845
81264
10192
5702
33082
66657
18219
61421
12361
65084
47835
22438
8237
47087
27497
33013
2238
17988
71207
39281
14627
63073
70648
97634
35613
27244
97902
53154
6785
51914
14325
55327
98500
49129
90501
15124
98116
94455
20491
37369
30152
45379
21521
45971
8501
86663
38545
90428
57753
37088
33471
81578
79776
16849
46312
58423
16120
31688
1199
16521
36547
99918
55430
29109
7748
83204
82236
60140
21267
13752
85856
28197
15919
54784
23004
39812
61175
22095
17290
96561
3485
46635
31486
67541
47367
75443
82765
70412
68105
836
37999
38621
15346
69736
63436
29539
26374
40202
10998
79140
48569
37136
96696
55071
31683
38481
36089
1958
44012
89533
67316
13388
73950
58849
97444
2159
62105
65379
97995
97092
16078
56473
32126
14576
35768
2981
76738
33829
16449
38376
4349
99801
60160
22785
95476
20031
82430
26246
33725
95523
29043
58946
51280
33136
84251
83495
52814
28328
91975
23199
97667
52592
14752
59884
77835
69115
74155
96868
84466
39426
5468
69297
36004
82677
68425
38518
52840
8280
87330
47509
4270
52077
75186
84308
64076
83133
32913
36303
53312
90161
84294
77271
18588
60539
21585
67629
77443
54842
49717
91712
93727
72777
85749
75396
70350
80164
97336
50688
89996
66309
66269
20156
78697
18593
38432
93577
45379
34129
98046
90278
3892
73737
74970
43441
74467
71453
23257
13144
30020
95093
81736
3827
24312
2947
32265
82139
23347
85326
21640
66906
36616
62366
42362
64660
85236
97595
68107
27635
77506
96050
67638
67907
67661
13486
68642
93215
74681
71955
3598
77273
11386
54889
17376
78890
66064
95641
48113
81186
95074
88880
27978
84500
66737
88785
44626
61221
74440
9747
14032
13791
97151
82179
59091
11104
28763
81567
60099
13909
11356
71616
46757
89750
99007
50288
10997
3863
63311
89130
85688
62948
14409
67340
51752
54909
25541
88942
4121
47237
89435
77984
79277
6067
59595
24172
55766
55172
23103
44994
86354
22266
6673
23913
65952
44378
30917
29162
76681
90611
68540
85729
91834
30176
3132
59644
68439
34176
26242
40103
23873
54474
62909
96435
25920
18534
59698
76848
51857
96768
73791
52274
79288
23895
71617
59341
53641
61664
82560
28786
51310
57547
92405
48629
53505
58945
79184
71071
5048
46850
46550
89092
80224
75950
23056
4009
80257
36697
89773
36951
51566
9625
18345
41855
96941
11085
11946
22833
1359
40394
37580
55444
22045
63329
91272
8399
12669
90847
50551
51634
28695
65874
20931
69436
75844
36836
69638
16820
94386
97854
2995
7266
60380
38724
13701
58970
22122
55545
94473
90369
77882
34541
23753
2973
26367
92225
45179
71974
36665
32112
66556
20742
32823
87990
33909
72811
23872
27024
63467
53441
56564
16310
53230
86570
92356
63651
77907
66726
38852
46261
82676
13566
14460
18911
76481
85441
41579
37977
65338
27723
72816
9091
68279
17464
51631
85081
46887
86184
47780
57262
36861
28955
93837
40857
94761
63094
37649
36184
46727
79066
25172
99036
61444
13807
66079
35026
72400
21059
35744
97855
95501
27118
85783
15542
47091
13101
98408
61025
80380
8320
95997
85372
69074
32863
44241
18776
73216
11031
93362
99587
76285
96821
80708
3308
93721
53855
98609
22034
36917
24478
58832
13443
69810
14841
45712
58060
55957
39593
58562
71895
77621
88581
87263
43937
64034
23392
59648
46587
50519
10890
61991
17213
92399
30418
74121
5051
21834
51619
5688
29236
4093
63279
12797
26309
83777
69671
30969
51821
46796
37436
50902
4738
16605
35437
48087
74746
93993
21869
56612
59618
66628
63048
77311
25144
2453
58561
44180
71698
61649
53305
33354
34648
