2145
16575
65564
86279
43650
61141
16720
22765
39364
44692
56971
55208
76574
55842
74614
51866
70527
14567
98534
11706
58677
98806
58512
83329
82852
20246
49697
82896
77291
37382
6135
51734
29414
65488
11847
636
81561
80467
1114
8256
19193
83236
60147
11062
57172
5995
80674
66348
37191
64287
5502
17388
83097
79235
39428
22767
73711
16928
67593
43014
99921
17925
45025
30159
8207
91389
27054
87472
71346
43770
580
23458
55032
24985
26685
41005
2589
33658
42471
44895
61751
18326
19419
33646
21621
17987
64099
48087
21072
55551
37094
53679
7180
89894
98089
35260
47636
17463
52291
45405
13072
32194
3111
33190
85187
43465
53688
28520
68717
37160
50555
98010
30734
69435
45277
89036
24261
94650
72367
15999
52338
51399
75439
20485
43099
73351
82023
78044
98567
56420
25142
17534
7639
89592
65292
31364
51399
40940
78361
64922
18317
23081
38753
56283
60468
7981
97654
37806
71344
53454
58013
65657
31418
37479
67389
89561
45600
27919
40755
17903
95105
42064
72789
91523
44894
53787
4305
69517
72898
50153
87380
1137
57391
96561
10885
19764
4112
79924
80114
73076
96863
50202
27116
11771
32414
18696
83828
98043
31261
80023
29056
57365
66906
61052
12135
37184
54543
62571
62737
82645
70538
13244
12494
88235
85901
55885
78183
67674
94937
8484
60199
34332
97614
69729
37978
67413
18207
41053
21604
388
25033
93809
59795
2267
40167
52996
72269
57151
65240
84591
83486
22810
54195
8660
23963
88720
75137
51776
13608
53462
20340
91166
48638
13217
89586
70157
85664
94019
95260
49320
79005
54501
95936
79513
23423
36023
36338
65086
59343
90597
14423
69425
52672
88006
51675
39582
23611
98634
11838
65430
56469
14979
30537
44917
30665
58803
17951
77533
22387
39825
25337
51721
1913
9087
74774
54129
66308
71088
61879
47644
915
91014
89377
83915
96629
85984
37318
17227
37949
89425
30843
27764
68538
79539
1422
87443
24433
10654
86969
93753
40951
93896
74579
67682
34767
72097
17972
28289
3168
88355
53429
11671
74955
99738
87004
59487
75008
64979
94705
65138
67636
35592
99376
61302
60847
58189
27386
43752
40130
29334
35653
36128
75029
66956
32758
16864
58440
63006
67390
39768
782
74066
81972
29154
84409
6218
71988
42157
18056
34194
36078
46095
18890
40012
76492
20122
42376
54689
56917
31262
69158
97029
81708
65032
78120
69608
83449
20208
27324
48154
47178
40136
42886
6914
49706
27525
57855
25123
67122
26213
82068
85970
70482
44883
17323
22403
96379
99332
14923
28318
64790
62954
75947
27432
37438
5810
48773
80124
39921
37347
51689
73137
68627
87150
47984
53417
59895
51190
89001
53424
21260
22475
38884
96257
22599
99286
20351
88887
6430
87180
28529
23709
22698
16477
53986
65509
67781
1006
6312
6137
19511
88033
41929
11066
53884
71636
68416
37858
14258
68812
2153
2190
9988
29774
58127
64440
33084
15171
39748
10844
47890
80771
88111
38530
22638
40287
21229
35105
58081
3535
67339
74692
66402
49536
18075
68314
44455
63905
37697
68835
87215
99027
14399
52272
67009
31897
19076
73855
7551
50370
41284
10879
82247
43025
62311
80820
21436
90098
72496
86246
73952
63722
26992
21914
4432
28002
63481
17965
65793
60253
94250
34061
68692
85307
82779
26433
46926
58153
54055
845
37890
54494
82362
92185
92890
5274
3326
99106
3394
58756
67545
8660
63047
76456
19448
71612
19391
40557
93240
28145
22437
37148
33462
7702
2487
0
3065
82695
85741
74536
4300
79421
93532
73940
10388
96528
71980
13689
97542
28251
37522
37917
80610
47976
15463
55277
31066
35485
74925
4790
71687
70331
67590
81844
30129
55291
69870
70564
83592
93081
75569
72384
12780
41498
24989
91887
3095
16744
74750
66369
28189
71057
19766
34492
60762
66023
48899
42766
89761
88805
25904
3226
62006
10678
12081
93262
57152
76121
4572
77028
30425
82374
99926
75681
21790
35026
6169
61710
50419
81416
14437
28450
43236
17272
92630
18720
11799
4305
43248
10589
29968
8797
93883
65499
80683
37138
9749
17483
91844
13373
25140
92128
52753
48761
13320
44284
57627
30108
16326
57952
52958
28449
24247
58116
14254
72551
28225
6883
10613
65619
54378
93303
72284
33388
35883
63793
97560
36254
49033
94180
64676
634
31040
79948
96112
48228
57231
42272
38358
41360
22126
89814
18249
23114
55065
70172
48872
53363
45068
29965
3692
89646
44795
12884
84653
74898
98026
92970
58245
49953
45004
79921
15528
49369
72711
63420
65186
36899
81493
69132
98113
45242
0
0
53497
51645
40497
65719
42026
7931
5174
69209
87937
76051
42393
70503
40440
82333
27679
31182
9532
18524
6831
81435
88045
11461
95622
25204
56329
32252
79925
12124
69625
16967
40873
14763
38067
81824
84082
49131
50551
89577
6894
5618
47583
49825
35839
92473
28109
76725
26941
60852
96445
88378
43307
11172
99269
78856
75835
91309
53701
99979
5299
