73156
99013
22726
56805
81041
86697
11205
89118
88139
72307
48951
48786
60056
43375
74145
33660
28524
22804
10176
63621
22257
62781
26375
12075
67836
89773
7332
13867
73076
52088
66019
44844
88190
79902
5325
17785
27882
56851
83316
47430
46728
54738
71422
60325
45705
91959
86130
65131
12337
4715
71023
81512
72791
81211
52223
79533
2014
12221
61172
43063
41297
96098
56717
28752
88840
33084
92146
63757
44335
48051
41341
9299
87994
71062
94940
53609
51712
68991
48873
75630
41108
83792
93386
59348
49905
17208
10758
3055
73729
64722
57857
78535
52960
79941
25253
69634
9278
19643
87352
94954
55524
12193
88601
41837
18118
1381
74185
52164
5529
99511
90463
77634
95951
95688
95397
65385
41661
10631
94096
95279
94580
4595
48394
4295
95321
56646
112
26375
66522
23048
82888
30994
1653
44721
55744
55564
92426
46997
69088
27494
17168
38965
19432
9880
15639
70739
98767
9087
53470
83558
92377
51930
56727
36681
80335
84803
48340
28662
61066
8794
19780
32442
37
24090
50306
70503
17675
75303
99372
40272
90063
33699
44314
72946
23017
80159
98521
23095
95568
23340
12745
77960
93182
90304
28187
46660
20618
22958
53109
96533
37237
34959
11212
97740
28892
75824
48552
51049
41734
33806
36720
29487
21263
25474
88915
47572
53554
58817
75727
47947
5098
40011
64396
84349
79152
87932
30162
5193
19741
86684
10619
13202
3007
18456
77275
33840
59316
11751
12040
18588
64859
6329
5778
4307
61510
3985
55543
7604
3769
51128
48031
36034
95812
23590
21895
89219
13491
26966
89334
26357
21515
49552
27602
54361
34063
70818
98874
67933
81123
31281
73499
28475
89565
45026
18012
11526
31207
33104
82923
60025
80029
31674
60036
59175
49352
16290
53449
81083
35080
29734
85445
56907
59769
13575
15692
79639
4090
85365
45827
22298
23876
87077
10473
88516
36000
18153
82333
99449
2293
38762
35137
64982
90534
96239
52660
30043
27167
80709
4225
31846
41679
22005
36690
81052
64123
33642
58229
12823
69907
38826
65588
4236
35936
78920
32243
63853
98622
76774
55276
84392
81440
18854
49932
36677
2787
74913
49489
20184
10991
56849
13861
84418
24116
10350
92171
94728
81044
70221
16309
51608
67087
66628
26779
79493
68226
19199
79494
70908
34435
38291
66223
94502
29207
11109
67831
68417
58595
14221
8922
77882
10284
72547
32228
74237
13256
79806
3238
12967
83406
21673
51270
96475
88284
16598
15879
98573
91399
43183
92440
54395
713
59140
11734
63727
73453
41948
29859
10328
85462
96084
54238
8008
8951
15449
21406
18306
44371
74669
61575
95029
21594
94091
96479
25638
27268
90622
52244
36408
74075
6850
23659
56406
94246
72854
44454
86542
1383
10586
29597
71624
89945
91243
74069
13635
58062
75361
45050
30268
28201
18253
76277
82664
5747
17368
12689
51601
28344
60947
55939
45977
51172
14993
14414
75444
62527
55529
40640
84978
7800
69970
60270
36788
56168
10569
6063
46067
42006
19700
38099
33455
55167
40043
17023
26689
99664
51953
51811
46778
9212
54585
35566
1889
69946
91014
28746
45865
21095
91764
26219
59521
59198
95921
60537
33865
50288
48744
36327
59647
23696
21916
11213
20861
80762
11312
87238
15023
86037
19804
12002
24255
45035
30479
61270
83886
80042
82294
35813
86509
58876
39245
47786
8340
60277
13383
91902
65477
91806
80836
95459
80025
88905
71368
95872
16980
76727
53150
74304
40761
83001
22968
81391
47281
52816
71016
20045
128
17405
17329
87807
38814
85550
2531
25384
79069
80840
27568
55323
59854
12770
78579
12127
83526
50383
6510
82215
28508
97267
74051
30314
44034
72098
34564
76998
94748
98580
52978
74842
37680
11720
6056
87686
98691
53870
98768
98102
32909
33816
75331
51333
67140
53691
19790
509
57543
51230
77411
55281
65750
71200
98294
86151
48545
18261
10271
2454
91395
12265
59510
96490
44056
33352
91048
78033
87181
61082
38810
85931
23518
10733
5843
22064
25032
1466
409
35322
93438
48759
67801
67866
62833
45938
40397
16776
88863
94985
52415
95460
10575
45874
2097
9401
28918
10649
1620
71318
41842
29765
2116
89151
64206
26865
81982
77032
66043
29088
69618
32418
99872
34552
48387
38790
99718
44296
76656
75851
10869
7982
70108
72767
76606
45185
33441
7578
29886
54677
75361
68815
73103
19893
789
20830
94991
59886
10775
4057
15803
62758
28103
54251
72751
98498
86430
36365
54989
3188
98519
75230
95515
65817
34260
11814
70576
80818
62733
33204
0
14168
88306
36745
89200
71770
32350
83095
839
42316
35260
36677
52382
58998
64905
88555
48148
46820
12997
63551
1268
92979
19400
8884
51047
24763
65304
61847
27344
55635
82509
18947
79449
87716
72214
56390
90016
4386
94908
97076
45464
14782
15897
98026
37331
61232
74857
12774
45814
12286
23830
72557
11087
73521
1906
10721
24296
81492
90463
73961
3795
24048
28099
34173
49815
26585
27251
69272
10217
97386
67276
66592
70661
93166
29973
10071
2148
25261
75477
51199
751
6246
8927
28850
21825
42720
33982
7923
42529
4237
14637
27080
64281
14896
77096
67869
44489
70204
92625
65535
44395
89995
98914
27476
74638
96281
40192
49359
9428
60254
85550
13846
92717
37895
75468
10243
84199
14
96201
57266
76009
29862
32437
21401
56500
98224
73674
12257
23556
28287
41587
92527
38641
2299
47246
45503
99784
92373
6206
79098
34888
35676
86000
65080
58810
22349
20375
70641
12385
43755
78574
35
9686
68702
87061
84869
16650
20643
2459
62385
39877
14909
81080
81649
75950
14722
89464
52674
58092
66162
58132
75960
60633
90077
36729
50032
34102
7410
34928
15731
64310
45132
46862
96734
87360
3141
92332
41645
68790
32021
42862
81204
50456
6806
59789
51232
76398
48839
86267
70570
8813
62932
86660
12659
59756
64599
1593
91768
62481
55201
73393
66410
99232
28490
52273
8476
49389
19109
68346
85088
49056
40079
4297
3330
16328
48434
23524
30008
34697
35830
93706
43363
35680
21795
47590
57131
72777
82351
52430
13385
47314
21130
52124
43112
57921
43730
66551
70597
25337
18963
85309
37060
55010
33249
96525
25191
18759
95460
83127
53050
56872
77088
95208
84976
58586
82994
23275
98083
52413
54466
41904
75913
25630
37053
99997
75033
80043
78517
97098
65758
73806
12417
93885
53977
73049
17150
45972
91673
49229
35111
41212
40030
15365
31265
66568
14837
23168
37768
7806
54473
57340
23237
59625
67402
41902
85465
91210
84975
37095
98496
74204
15802
33677
54923
39471
51938
91877
40029
12605
93847
33569
40602
86186
25896
95177
24323
66466
5562
42559
81722
19177
67707
49701
30730
77520
42182
107
86470
66959
68088
59365
46060
3236
40290
4257
70237
96635
53252
93269
65116
13950
25831
47302
28905
71433
89412
85314
28935
24784
95697
99353
53024
2761
33980
1103
48132
20337
43053
28104
79570
37301
57681
50383
58099
35582
18696
20495
34801
69986
21932
79497
81491
70431
19459
83233
33659
60055
90313
78477
36506
73729
34423
63712
10359
81864
63847
55908
43851
27056
98405
8328
45198
14158
3842
61691
99359
73108
95398
98727
6214
13807
91828
78175
99243
37652
65714
98654
17648
21477
56199
34895
74682
19619
30052
7450
76990
62000
97609
71938
60957
87954
67338
30072
95801
30585
38810
42765
91224
59085
49138
68221
73576
92473
85186
55599
36118
59025
79449
65105
15021
61936
10100
10816
62547
31791
51526
44118
17341
73763
8071
48392
16207
88628
66012
4145
75877
81025
96754
25739
89827
61653
97364
78387
65461
54994
45120
66327
12167
12052
575
56895
30788
55512
45649
4291
15739
31372
58553
27678
64369
22337
60174
71961
82005
25313
48739
65444
13719
65374
47174
85395
43040
20630
51370
2802
42844
14423
65161
60067
63467
39130
66568
57343
64517
64524
63628
19486
79278
2633
86853
7215
55059
36878
35561
46039
80461
52998
5445
83541
43522
70518
40331
27083
84271
32439
89826
81227
89255
25085
37044
55175
71684
26774
15793
88648
74675
84772
66490
40338
44964
58154
84925
85950
60921
77605
26901
34051
90073
1707
81119
87917
91877
16747
71670
85457
23476
89853
84059
70148
91161
80805
56212
80875
81055
17275
86967
37601
33964
2906
11090
31558
22564
68161
86491
40719
48546
30080
63363
84504
46631
86165
74868
9691
92954
13574
78551
17606
34361
37354
9349
85731
53044
39005
83533
50314
79774
59255
77475
23354
38229
98621
24927
96432
88980
7526
50902
87811
89560
6577
71488
39110
32856
66446
32723
23982
30912
32235
72865
86098
80519
545
4922
91511
24123
28640
2291
18397
98435
89057
38923
19265
6769
90175
92000
96317
96840
37425
69640
4718
50327
61137
22651
2388
76417
43561
79201
34944
74778
52363
63363
50413
35706
19356
99287
62293
31871
20520
3940
38928
6717
11034
76468
70079
99366
95588
85507
97267
45872
23760
33041
97042
68270
1937
8298
80756
55767
12046
86082
33818
50973
57405
58519
71866
91796
3012
57848
33138
48552
95021
53813
9876
46107
73765
42960
36034
60964
52635
383
1314
70169
93035
7139
97815
43920
84279
39030
20383
26323
87040
64115
23155
30501
9782
23280
98187
76520
20732
37849
80619
27443
14651
78198
92494
84035
31456
92468
81158
1870
36832
12724
94771
96605
62672
18839
12244
59229
95354
55585
1471
37791
41948
67315
28113
32418
75354
57800
45991
39472
81616
62610
33183
90474
49344
58626
54230
48531
84183
52018
78618
48159
20186
36306
78404
80254
4193
18412
60565
36143
57143
42026
65835
99279
40697
84962
52860
44429
45633
28199
56468
40443
34771
84598
20900
15398
24408
12861
5728
17668
98161
84457
80852
51367
20439
28265
77325
52205
25881
34923
80636
27582
93033
9349
27922
67450
24168
57670
48854
86909
7518
60345
57533
9595
60718
42088
2258
85775
59881
72642
41694
47194
54744
42561
6207
85574
30034
79178
61843
95075
81945
9192
23697
28578
94797
2849
59381
60254
78109
57412
68666
77734
61435
7468
89087
67428
60082
16572
26316
42957
88999
2891
48489
19408
87752
12606
27801
31583
94356
98913
4796
35227
11341
76442
79141
11476
42366
96511
6843
88229
98019
39389
47390
65865
78284
52863
27029
35715
58239
24063
80874
7823
89612
10142
48770
20679
16732
49063
96961
7157
90215
30505
98219
78298
3434
46121
83401
5861
71290
91018
26035
45003
67813
48127
40307
84235
37879
24490
17411
64582
39711
4388
48562
4410
31825
28769
52387
7318
26957
9959
93502
90946
2319
7140
45395
10333
55177
54477
6010
53778
31092
26204
84868
46731
41644
40508
53750
24026
93749
2915
5479
31318
9356
6199
1049
52369
26421
65086
30150
14193
96290
8468
71951
48104
30731
46680
42912
20945
9781
89604
48486
17940
66997
16193
18515
47672
75866
97938
69680
64194
80552
57409
57805
4587
80377
47285
76512
41772
66406
19712
85048
21559
19206
24865
62128
31446
5070
44461
84966
8023
35938
40819
51643
44363
55479
32216
38736
59630
30102
18401
87482
25723
41183
19033
36237
12854
25077
54006
12917
43004
88691
55761
76224
20904
60354
49115
40620
8320
62063
67148
37550
69147
74225
84709
69913
90142
89519
70650
44718
89725
80694
73933
9223
40891
72736
61463
81745
13507
61632
92823
70779
25727
4414
37124
2062
83327
51606
33562
24837
70556
67552
99496
89066
51428
77387
89464
81896
61973
87137
72886
56843
14349
78001
53002
72659
60096
61862
46911
27015
12189
47948
80554
76855
40271
55962
93751
70026
31826
14515
4989
74063
98692
24902
42274
26703
48844
7129
62508
48260
26836
76059
63597
26637
32074
19267
29751
89522
583
21885
99511
39674
63067
45201
81982
20095
75735
66846
1614
96512
72117
85460
71568
34957
71385
56339
91176
76710
3856
67455
67402
77553
17961
68624
7917
4129
23322
52125
66238
66586
38428
38006
63861
11248
44868
45283
80595
75890
65802
67604
74772
21642
9603
62849
68512
79392
14540
20632
28309
52882
41773
12030
27640
97098
36348
44456
59137
1830
6342
37504
71057
956
41896
78165
11203
40583
25892
96957
6957
98031
56445
72851
26950
15108
19971
88334
26843
55857
14124
74698
584
16348
3125
25413
79087
41578
67227
93273
91841
99328
65158
13468
99651
20639
65131
4747
51207
61492
64626
81278
71175
26041
84977
53401
22081
40298
36320
93092
27961
2551
96638
93404
3573
10330
10138
26530
49237
80712
34288
6724
53554
90944
38823
44254
52748
45517
90525
54006
78616
8992
59968
66776
47808
28931
49981
14617
92474
80886
65543
38489
4107
45401
11299
99103
75131
38449
33039
82836
41311
11107
74379
79396
67729
84329
98882
89912
94686
8342
30083
60276
55042
83783
93126
35577
84691
27052
17848
70410
10166
88123
27459
25208
65154
44488
25035
29542
2076
60655
75512
64908
328
15031
44397
28378
89451
31691
31270
85677
61424
54147
74928
15158
56908
20909
42615
13621
72890
12799
90039
77684
24692
72664
46295
99629
98116
55921
16852
34353
34884
75302
39439
77252
96288
2899
2575
21017
4399
38434
52073
89427
7932
4465
58701
79284
40386
27522
59544
94024
94487
21595
37285
7315
44014
52822
35348
86750
30778
72869
93913
36243
77972
21880
45767
43209
12199
79684
60267
94341
58913
2471
96009
30723
89863
23083
71964
30986
3412
36786
76282
31642
1471
38913
5651
91055
89524
64026
21536
85660
59372
33497
41202
45747
34478
33671
21750
75719
63804
73430
33330
80102
5148
86786
562
65715
30346
2164
20068
83662
44979
37877
57554
75627
42050
17227
38535
37596
79605
26431
58539
18782
42955
58466
84541
48967
94439
67554
27120
83939
77148
90908
9459
12316
31253
94212
