87757
71388
77107
25831
9711
2629
59461
59895
8508
94090
13517
14894
34187
83379
43685
81229
82056
42177
68691
67970
99629
76470
15523
91221
22801
62456
99939
66242
33331
73215
81761
13315
40216
22064
19792
44114
54969
80440
32840
47339
67498
96028
914
94546
56988
32931
40521
98903
19253
94036
80552
99644
77825
63127
94664
43777
7799
28526
95813
21500
66375
16398
82899
93000
72662
66431
12016
34721
45127
66600
56235
82817
86049
61415
16773
74165
93274
69848
68945
89740
31030
41217
28174
25803
61320
45864
84609
21375
20755
46479
56577
72268
86696
16121
35213
71050
76981
26528
12899
20216
44173
93447
21274
60612
5216
54151
98579
38217
8777
8057
73762
91186
67238
16807
45605
52098
61643
84717
74099
74297
59506
62281
55635
66681
55299
65758
20006
52465
83833
72664
40738
86135
76252
20645
52349
91900
91286
18344
74108
23291
52217
79827
65040
59787
52831
68931
74513
63892
89078
93654
77307
5092
40441
45758
94120
88274
50649
91825
19504
19590
27538
31711
74954
78018
89833
68545
71083
61182
15512
53918
37946
49907
30332
34784
27931
9522
83230
77649
17946
50965
37773
46380
77754
57909
77978
40843
65707
56322
33993
21809
22824
87833
17567
80635
43490
27961
19290
35546
18725
79829
44365
28097
12017
3708
68465
67462
15062
99153
97438
57452
45291
78111
56978
73403
23792
74271
48707
37
18892
96926
77847
44885
51840
96895
79003
72287
64847
81673
12116
29807
72733
16097
6447
48382
29181
2309
60228
40405
71059
17008
60475
73652
20774
9377
97534
0
16428
11833
81345
28193
96716
98517
54466
34486
80468
58666
9759
85002
15027
11938
51117
30205
17893
37551
70508
96004
3224
8440
25224
52535
59163
93191
45134
91366
88472
30604
45965
48019
87128
6359
60097
94106
61909
47318
36562
31038
9812
42602
36646
74831
66513
12311
56811
79602
3527
79716
21375
75024
63355
34272
61428
90493
88870
22503
4412
82567
36115
93517
36363
38939
97972
58603
61397
55537
47043
97489
10116
42525
79224
2833
64613
15946
57887
36055
30874
38790
88475
90537
79470
82462
47961
51504
45862
51264
64216
89195
47543
95849
52486
57298
26047
4623
31000
76441
69717
11418
62761
29463
6266
36127
80636
14861
33234
16359
95723
68483
50636
99699
11393
74296
92117
14086
14238
28516
25388
11101
96432
55343
4392
94595
77710
84422
56559
99346
98148
36670
2710
38138
25385
65349
73375
85596
60104
83752
40453
40747
55000
95625
33821
88145
95015
13573
83512
77545
93767
17649
14246
89390
68209
71866
19017
7854
55542
57002
46615
44938
58288
92337
42384
24180
58582
18454
96835
88273
17603
83647
60740
36154
98065
12863
51780
17619
76982
46930
53337
78076
85273
1264
60690
5672
83295
48756
90277
93615
19876
34709
41144
74092
11492
81693
72054
16204
41169
3014
67546
4652
36477
15581
85320
45191
4300
20642
78457
59284
27730
70847
54537
62887
1652
18522
91771
65842
66750
94648
94915
32024
2801
29294
95591
19137
53649
32322
70663
95286
91800
39573
91968
5762
9705
15974
86302
79069
28074
94824
7108
60670
86126
50763
89295
71684
39588
98648
3395
16403
40643
28964
20347
24181
68869
73346
8975
86156
28080
50123
81935
57318
98206
63846
33050
81558
78888
50846
16580
99288
2277
58508
69577
83191
46595
36131
8834
79782
75204
66510
56369
24526
28356
20004
91973
92214
63243
46872
3970
89833
66391
8970
60736
15517
67841
44808
19583
17127
58483
98646
24850
98309
87245
6506
35618
73775
9024
82852
43747
38497
57436
54494
29641
53479
86828
71602
51555
56036
21257
42409
56575
45144
49979
49028
10801
20069
66218
64527
97613
88414
78324
36076
92367
86588
59656
48696
91008
48134
37038
6471
4572
93196
85906
73988
42665
92048
59505
26946
96929
85512
91760
76807
55889
16200
92859
42352
68031
35262
95997
27621
36531
49040
45727
87442
48709
80336
38913
8151
61186
94299
87867
80962
60449
19983
79980
93042
84113
79914
79166
32275
94864
98569
27785
28276
83515
37888
28307
5198
51616
98416
29401
67102
43596
50612
42917
52700
95739
89786
18519
26152
22577
39123
21503
71078
45479
15117
82954
2866
2679
22327
63523
26077
12041
9152
54347
65336
97979
12910
59807
92199
72921
60354
31482
1501
94093
94279
59138
93778
20763
36796
37928
80858
70284
11415
34917
97607
70674
55762
24922
71513
13364
39915
42127
81834
17251
90199
64341
51850
88999
22239
15327
59255
50736
92971
6291
87849
98235
9409
78352
62107
56068
16362
54840
18448
96213
112
3291
80264
31457
4232
77302
67437
11157
33847
46804
6142
9551
85716
98754
57580
11099
85708
65648
64904
82923
22827
99611
13217
51259
39289
67441
73268
7438
47146
35545
8646
10426
81844
81109
76941
48989
36148
54964
75812
7441
41494
63723
49275
20834
77780
64841
580
41600
86865
90495
35217
27258
99068
76919
38570
48341
15099
16571
91574
94678
91872
45175
88847
96705
96726
39549
55390
38898
24325
87438
99846
40288
86616
20392
63292
18743
33560
38180
49441
92371
84908
20176
95838
21831
59518
6068
49404
61293
57687
63484
15148
5561
3727
8950
12406
31539
64030
71664
36517
67633
41794
79646
35625
9983
20962
5816
12768
85992
35817
12389
81335
67345
88237
95898
86099
59357
46587
81294
14577
79610
70629
95796
38839
31956
29990
30942
29820
51338
97565
6882
94457
84004
44362
99110
1177
59138
90084
96275
84966
41757
43676
34686
87404
83838
26872
39885
45671
45630
23900
42199
9721
30953
22844
12907
7101
47374
49679
47062
83225
94830
27742
15598
25173
33387
20438
3003
17840
25898
9610
93763
72244
81935
5626
26927
88525
60518
3705
67822
8319
74003
92619
7323
13535
1581
67544
44262
35940
17763
17806
78437
70311
77579
9202
23478
46056
98525
77957
55753
56730
43065
27624
33768
45465
10826
16529
14335
97963
68505
68029
50175
85727
53547
41875
76816
70824
74680
97900
53087
45953
16192
41736
92972
80050
91636
24008
50880
81113
45841
91396
89747
80262
93881
32790
57245
71308
15136
95935
59546
85676
96437
51695
19917
87144
95740
49399
37344
34935
38815
75578
53233
38398
10045
6985
29319
95877
77084
510
8771
83368
43095
51793
38742
48143
80755
60175
77695
89037
15935
24116
64731
69535
39897
24805
64087
44821
13749
40045
15538
76519
72409
96267
55956
4864
12258
33731
56303
63723
58720
92437
10709
9968
48300
9046
11112
46237
18072
19544
43958
68227
78414
24240
22665
77743
97720
36222
13822
14436
8005
32138
72205
33859
95001
98235
70825
8711
49883
46108
43630
5397
1346
41327
13100
59935
69117
59777
28231
73972
15450
47248
49708
31972
44636
34785
58447
54051
549
69495
50641
95351
84920
47841
6778
44457
35650
72133
13873
73894
31397
80318
9167
63094
55799
4575
68379
48354
35156
85361
23002
89077
31892
11868
55280
9807
48330
6488
14870
79720
82497
90456
65869
33041
14538
40450
15136
94459
49542
53029
48892
80431
29721
36382
2629
10289
78055
35964
25807
53275
43957
77374
67056
52913
2383
92145
73827
76275
60431
2381
39753
79662
89711
72089
82063
9661
