1333
10469
84512
11443
63852
52108
33531
43955
1334
57929
54510
89932
55699
33701
68418
13449
90875
33941
98355
96968
5672
86660
68422
17537
34981
86123
94244
16715
94778
57246
89121
44627
17560
34149
84512
22846
65822
12718
20384
68615
13018
57855
88271
72063
8638
69853
76920
77630
34622
47805
41759
66144
98676
19879
29176
54356
35021
58030
62983
83687
11979
80983
86310
49046
47902
81413
92153
4933
14422
3337
40301
19104
15319
45470
78738
76940
42267
17727
45529
42035
48665
56830
70266
52755
43441
76822
602
10465
1949
90078
58860
55423
76797
76492
40053
22081
48051
34755
60946
92606
82946
73943
23196
96504
89986
55887
57666
59329
44570
18003
80474
10001
69141
22978
61045
95438
40925
89617
99517
18058
48339
38643
47713
55195
23671
55868
13233
24108
55449
37507
81068
79816
36134
93571
88869
37224
33977
49422
4336
63819
24237
13114
69379
62627
61863
47156
60348
2430
64765
99394
0
59890
22102
53668
82439
56031
93947
12403
58176
39528
92523
8144
48512
25303
18799
50667
48198
43542
29853
5064
70096
58510
4854
61826
57827
95707
6878
97367
53211
1175
74396
58866
74347
88409
45680
74651
85578
60035
83851
26598
777
54339
60287
52263
97737
91381
32793
70105
31162
8080
5803
56966
26939
76816
78525
34635
76024
89818
88413
8360
9531
78996
96468
66979
41324
17103
0
79157
76058
72543
26105
90993
62737
5562
8863
40424
72749
80052
44343
10997
88615
39444
52070
74550
45751
16926
27659
77839
25970
25269
65734
68600
27805
87235
76613
61742
13978
28312
14023
1677
2265
12255
47988
50161
80082
95539
41954
78077
81311
26674
77038
12536
480
52462
71867
12560
33870
78176
41763
9124
21741
79603
85865
77482
10131
84880
17412
59323
99911
25702
21193
99820
69663
56602
51673
96420
47306
62591
80817
13797
85073
19996
48944
64116
0
99430
51134
5151
28629
85915
90051
98081
6941
32982
70858
55288
74455
58821
78214
86637
54391
21123
28253
68483
23313
22796
80152
96014
54885
41975
50829
93596
66150
44094
18824
89904
34164
69627
60099
8014
86673
86369
27459
5637
1314
69555
0
70903
9332
80941
58202
3373
63429
94031
70272
44365
28486
11778
2324
3063
29280
43582
9720
71770
85315
46946
10332
97647
21254
57439
14419
22352
7714
91775
17208
40273
88348
49662
74544
35861
30167
18451
16923
6861
93468
92110
58824
93101
44106
78003
98477
38278
18975
60776
49339
43309
69709
51157
46101
73478
65036
68736
15376
19694
76776
84351
16644
8741
28278
33682
47917
90668
86971
72765
49535
58308
96952
64975
69433
89381
79912
95604
45050
45617
20664
87676
44607
70115
50903
48609
88221
30655
77949
58006
17963
70665
91288
33064
6007
1197
67558
72808
4122
47233
11060
28428
82968
8015
18773
97512
45171
52637
71129
54375
24802
70786
4571
97597
24896
95084
27131
51677
77647
31617
3761
87789
85884
35395
36740
73386
71970
12304
23258
15
36659
18255
78281
57556
66127
23700
20341
6025
26142
62729
73973
25585
58905
21573
51436
49501
94013
95153
75277
23462
84880
64248
14993
26463
18473
13846
51980
63424
30557
94516
34256
93849
29459
61764
99626
2542
14812
2331
15384
31952
83275
9612
55646
84257
89160
62271
40815
86977
83698
24898
26225
57305
86890
3524
71963
90610
47968
28292
90991
44157
7911
85201
68076
24385
12738
60788
3643
92686
30066
18419
41019
67544
98253
96214
26707
65151
24745
38586
47364
53129
60566
17192
20335
50093
51667
56162
1147
81514
23680
89029
95927
73147
0
59909
46596
60332
90289
7123
89951
19394
95568
51561
21927
71839
43929
37499
24573
72444
95027
19879
32451
17827
16214
73302
73565
88429
79505
38999
68930
96331
24107
1401
68250
25181
38642
47412
26957
1315
7143
42255
80278
42358
2282
17858
38408
7918
43175
19825
45558
16111
3738
33772
35243
96922
92852
28272
8008
93731
91486
63401
44820
11941
51029
85434
55842
51710
88239
47916
57640
48367
62364
87584
45904
2961
74112
77264
81385
41726
93288
22759
59325
79064
43277
0
33804
74751
3200
47413
57828
87634
86317
33348
2391
95772
67746
40009
59467
15206
33527
26806
93424
96796
24895
4902
17133
98106
67282
44661
33511
47590
33896
5159
27320
93222
64821
91703
78442
64052
67303
62557
1913
58546
79016
89778
62389
97697
27668
76224
27309
69350
99191
29585
62823
39342
74185
64247
20487
59750
74072
36296
17130
77233
82979
79375
71032
4552
19843
77036
4719
34320
10909
53632
18988
47844
49078
38458
5579
66361
94960
28020
87762
70953
6135
3317
1233
46930
38743
62921
68616
81342
51840
43750
8273
8397
96561
11590
77455
99608
89652
55773
13257
84055
85698
2616
39431
61825
6909
9190
66240
73392
12469
10966
79738
20701
4174
81709
12961
92286
52841
56684
20030
29797
13028
49716
16999
56259
88549
6914
95547
54945
9082
0
62240
48335
26355
43079
13397
29757
23969
12122
15265
60145
56083
54540
4631
17145
54642
33937
8424
70378
71399
1187
42545
52436
55162
0
84400
79245
90818
38312
93344
55434
62123
58747
2215
53135
90716
83319
59210
9411
99484
48497
83842
54005
26886
96273
28738
91786
39466
38703
25350
18355
78496
4815
52457
65314
18608
72266
32040
44934
58606
56574
68051
55407
20591
42999
34340
38902
73780
5999
11160
45399
52547
14292
18773
14190
72922
39065
43841
35283
36970
76708
73641
74020
32920
12441
18919
84091
28443
67858
14756
57274
1212
54998
67228
61297
21235
7670
21200
20962
62017
63922
70529
51424
31674
82726
62946
87755
54420
25768
41329
8188
23386
94221
72827
48890
29051
31896
47934
6889
59105
4189
52042
54549
94953
23753
23255
21315
90995
84425
28453
67460
37174
44983
68461
59039
28742
4855
81409
0
3287
38716
66813
51453
5051
48944
26852
84945
69520
86215
30842
8351
53308
61565
64726
80982
40346
40470
41420
6880
60108
32354
60881
7959
75138
85232
8677
76352
34062
840
0
39342
28274
89384
20521
0
63113
59182
93128
53260
74158
46895
82239
32780
61169
59692
19698
36505
69036
64180
33359
38988
19570
43449
10567
87345
37435
15382
11340
10391
34271
90309
12957
29422
65865
50566
47053
72112
61245
74738
38000
46713
8559
83067
91858
34499
88777
48026
22536
58102
26583
46534
59471
5258
70578
73865
82617
144
31525
45090
81995
23644
13692
13041
78238
39553
62608
40621
30651
86518
41964
35910
61111
46703
80598
58539
78982
79389
82524
31526
76271
41002
66760
45402
88504
0
30937
78689
88148
50050
13385
34140
49890
26383
67983
41343
88966
78626
93208
62617
30910
50966
53188
9554
85258
29981
26615
75760
39253
71613
30079
405
62962
97383
97266
66126
77292
22384
33075
0
12139
97455
24880
22727
92797
13205
24125
97121
19235
77974
65206
75303
32048
82376
92835
99687
49994
48689
84396
90546
43310
42476
88067
59791
95830
77396
37852
33790
68158
49804
28120
49925
85104
17216
92654
74414
27953
40227
23378
39911
33361
69858
29364
45146
85862
40969
64071
22067
97547
25200
64077
94495
65720
93173
46874
95146
46774
82162
17847
88424
10271
36530
47239
93603
39308
73454
92022
15574
33881
99050
75917
15190
73687
29992
14561
65361
29164
71223
42962
48434
35389
9689
38197
14895
92393
67876
28163
77343
83981
31560
7592
46608
95913
19063
70822
29002
21533
93625
1671
80883
16290
80472
74280
26854
57942
85562
94744
53532
99819
70381
36155
69874
13184
1932
54890
38462
92495
98850
28943
25501
78973
37501
71919
97133
84822
92694
18739
7749
93818
17873
83060
79949
82251
16028
93533
98600
62382
13617
30951
97972
52570
29712
74663
46755
58062
72064
64111
9832
95885
91175
12808
1749
38867
68975
36792
65314
30872
85712
79448
66054
28523
62963
42401
34520
37239
79790
91300
85
53542
10655
61752
98659
62303
81505
89178
38461
6211
71290
72570
65151
94896
23255
83973
21830
61325
6879
66227
1888
5014
93851
26809
49551
39144
61805
61582
77468
18780
12183
9802
41616
68262
81896
64259
79688
99019
85274
4059
29996
16472
27152
48481
11912
96576
77020
18733
40309
68619
67376
38331
61369
9463
90778
29972
17908
68467
80987
32415
49753
2393
58996
90324
5316
40608
57495
55492
40540
90749
3489
91256
0
51902
76342
40379
40829
2099
79455
87175
3698
7041
88919
96706
31304
86382
47460
34646
88001
21571
5064
41040
70671
13666
11942
1522
15909
79322
18237
46966
91459
92310
60327
38053
97101
44383
33856
56282
18729
16572
80715
18871
81127
51883
6559
64311
91303
95286
97564
75865
91051
69451
0
10362
42606
1989
81045
75516
98045
16213
18098
64514
34392
34243
12415
12061
69302
56435
63545
98232
14820
65397
85140
20380
98120
77691
30209
99504
24982
46478
25655
75161
12829
37063
24540
3812
12073
72439
63259
77009
61000
58115
7286
66691
41098
96335
68644
80488
44125
13613
22700
21624
53948
41927
7388
96637
70034
32569
31346
33881
86404
59590
94462
42918
78431
45313
87290
13495
329
16691
53381
7848
18163
99580
43763
42036
3647
44157
47183
75921
45254
94606
69402
43984
62586
11450
26593
4425
95211
48679
75783
64507
66610
61304
31447
85741
70515
0
40677
75466
4711
24191
73538
50811
62576
57016
91926
38954
30956
52130
42420
52823
54578
10504
54645
44939
74495
88440
26047
66282
8712
47210
99302
4050
57567
15789
90891
70147
30438
75624
22319
47656
41018
94379
86363
78148
48476
69416
40108
69718
85206
21833
79588
39261
50831
24442
68063
72555
86768
0
93183
63292
89915
6228
72241
52899
36403
59314
12030
483
24628
55911
34841
41051
35231
77348
61599
18714
22296
96853
84440
0
68385
70770
93780
88604
52638
52273
555
93683
52097
18507
15838
0
81549
35430
37257
77840
0
11646
98689
71477
1509
39616
63587
87716
62
13455
99436
32641
9233
75569
4159
69785
27463
65063
78965
75256
65627
19046
18832
73604
89778
0
55048
63206
61834
50255
80111
81443
50551
13451
37945
90715
9174
25691
63505
69294
64688
36451
62772
55629
30073
91531
41090
17845
77315
69164
63730
2482
39604
39197
32072
46015
78694
36172
69739
70262
36208
35155
29764
71141
99557
26501
78312
44591
578
21665
13706
79651
30850
35546
83949
52717
14179
83246
84589
11325
80621
71339
96849
80634
1262
54307
31930
19274
38977
9994
94418
20398
32867
36590
92956
87919
9846
51864
15901
22766
29642
6008
27697
600
52936
1570
11858
20348
8934
99512
94447
89989
18593
65998
36214
4617
58858
88040
87165
23698
52578
30135
24925
135
18181
59084
9043
79111
98153
99265
50266
92454
67681
98815
31554
34296
3723
95061
95616
36094
82964
84683
63677
79991
41879
69437
88165
57586
9068
50997
7351
7349
43348
79362
59106
32118
13569
79475
19120
7675
86473
52657
14540
96934
59208
26041
13151
3676
98707
80127
17541
46020
35367
4129
49567
66743
37695
20997
29619
36112
97254
29523
4445
24674
47868
8088
40562
25071
88070
94339
5469
27577
99851
5625
73662
41037
20092
59284
50747
67973
79762
77016
95176
10882
7295
14954
45560
74415
15485
97351
44886
1617
52236
53823
91646
90341
48343
69396
89252
60753
0
1288
0
80914
49288
12575
55049
83547
91715
56776
4412
88349
18863
36057
5264
68984
67736
72814
84434
22373
85596
25528
2469
25987
40165
41488
54971
96211
0
46029
7002
4621
26441
317
46491
38016
728
42143
24149
41217
23042
52874
75003
38649
21237
7411
73482
93819
61580
41636
9968
78870
48560
68580
56076
4927
53023
64791
52922
63897
2919
27263
34953
49007
85299
43748
84432
4241
51186
62667
11734
61588
97955
53527
3937
87612
42292
24852
56869
5953
69311
83088
35686
6933
64076
1378
72989
46820
75036
71952
55154
99939
37228
6122
30375
75549
32207
90733
94397
50579
37785
9151
89960
68725
79858
80014
18301
62186
28274
63097
58767
98723
40135
21439
7862
44215
75267
70335
23390
93789
90712
78745
64971
5935
21353
12046
37244
46352
92608
25093
4091
69764
76383
20557
68290
16216
56159
62941
725
13531
82944
77193
21382
20608
21164
80462
51321
45734
54099
29586
74286
14991
78835
46135
97036
47668
3543
89946
36792
93588
90705
68276
73230
54743
54579
12466
5246
55731
91421
36488
31983
77299
35882
34298
17499
91485
37614
44378
24078
39462
4625
16928
20619
71924
8644
63129
64387
56581
79214
82855
37890
95473
26617
71954
16437
37568
95561
10157
30820
94838
85692
8625
69271
14889
51532
25754
84035
20879
7237
56087
96402
41992
42357
8806
16896
1415
56188
81322
80335
83756
29739
2157
39153
42709
59281
52150
44873
11528
76379
7147
61100
50804
2503
54135
46448
80505
16902
28002
27
73584
87133
16023
15809
89329
5718
3204
8270
74134
12997
9224
13531
6131
55708
90694
38860
57355
17811
18001
93563
84365
38820
6985
60740
3430
65909
67973
3270
12809
31804
79478
94451
81994
87033
714
74240
28060
26494
95458
59261
40182
79313
51489
44149
20556
8701
19695
93185
65836
35179
62305
84827
86942
8392
88125
71234
34349
38780
36103
6258
27735
55738
78019
27328
29723
56836
94004
89905
7251
81204
94477
78045
95116
28240
23391
79618
47761
99765
18854
98182
34154
43139
73528
66777
24769
43532
97919
6005
92013
44779
49186
57756
20970
94129
6492
42923
26987
83329
46614
60469
9102
9806
31535
15448
43285
12215
61387
24022
29112
8320
4136
97790
67889
31959
94336
90036
10781
24283
54250
74130
38101
87579
72806
53269
17149
54376
39106
83433
33461
93793
34161
0
90157
96528
40299
76279
44270
45653
32320
83104
4331
3990
31844
50345
88435
60955
54036
6945
48503
30360
89710
43975
55268
42361
4645
35555
74895
27771
12961
94549
15247
9383
77052
49398
23548
69735
1731
76742
49133
96651
58271
77298
50355
52934
40662
99606
89392
75560
96608
79093
77457
41129
85883
83563
57993
32699
18879
51396
10625
66098
50399
11069
62616
19481
47397
69279
97266
0
98163
65553
77602
7569
47024
1933
12489
77437
58287
6958
31184
59569
63683
15657
33400
87490
74558
93376
43788
11445
39584
96139
48024
13787
43005
37335
38828
83244
62154
65407
51296
63361
94058
9593
48415
86984
49817
66091
47503
12705
61514
57966
6999
31420
39832
70700
29073
81691
90985
14722
72072
39819
5234
84657
23374
3184
85581
79653
57222
65632
83479
14782
11980
52692
40951
73743
99080
24561
91994
51485
28145
74996
92948
15670
59972
64070
423
85639
3056
36174
85486
0
7494
6719
13324
3301
77192
71867
65008
12591
66445
50673
99929
71955
39548
86316
605
99964
20234
40690
49007
51256
16799
49418
43395
52679
96948
78064
80904
74747
21064
56175
10522
96524
46471
85925
52429
56366
11914
45521
76065
7029
97530
39408
93067
98491
9843
75856
88415
25183
10354
69103
6041
1309
22718
30373
36682
36957
0
69947
49661
54345
10475
95347
77729
95226
73274
30320
27117
11112
26518
98546
8356
16001
69152
50096
39896
92607
45852
96422
24446
33046
64817
35643
58536
52242
58863
32462
95370
57325
38170
79020
30875
13086
3290
93334
44533
40338
57879
20675
45234
80858
22281
37997
64437
18606
66207
12800
24405
38690
59332
77923
23926
55785
32961
74586
32250
7387
62448
91957
67651
52315
89050
2427
29344
18065
23360
29864
50271
30079
26675
85813
82996
1323
35577
20700
57056
31302
36380
87723
67597
3006
94699
54830
18760
46587
42247
33029
6490
81838
276
44626
29492
38528
19018
94242
6211
11960
12623
2552
22915
93963
19887
6839
8822
38391
1108
14713
66665
9751
16850
91792
33955
98650
16486
11356
94339
17161
59315
49649
55614
77226
12579
20140
57065
87960
77536
16038
5518
60591
61213
39024
10810
92885
23254
6209
90414
20170
51851
33359
99906
32740
62786
66458
40301
41987
67159
26781
92486
26502
42508
57279
33585
56378
8256
95479
87633
91400
40931
51471
98922
41010
16472
76568
5854
39235
38756
30078
89253
64870
49171
23405
32051
67181
33662
65204
58269
0
6701
24819
63365
57452
62525
32578
10090
60468
49090
92517
35439
45634
74682
15502
11101
25194
4105
36760
22300
19612
25560
18580
60153
12225
37214
22133
27356
59121
72490
5456
49742
18746
2009
2102
50694
95469
55411
18129
54605
21634
60682
47393
8665
62959
57367
89246
77682
73200
86669
11810
17856
48054
49421
62459
27316
22616
44248
11863
75819
27904
24578
22622
49365
27354
24763
81038
88937
33713
12072
63112
43435
54095
74282
8116
23027
99039
19426
15882
9005
3681
90863
56858
47013
94074
52297
38268
69264
68338
61758
36272
80232
60951
11862
94928
37885
13170
37377
67184
53850
39610
81176
70663
77264
8091
65922
49788
57495
77459
6528
69166
92416
72267
87751
85421
21485
92978
81649
32500
88895
98620
97430
7544
20055
70585
11859
31284
36706
87029
45594
72323
44243
80961
83573
23151
82352
34989
69674
24329
54452
8729
40191
37983
42900
34142
94121
69908
14198
30309
9994
34960
58548
12461
77715
64563
85307
89412
45131
79280
10811
48528
31559
13007
68744
8977
6971
86350
79378
32753
10718
66589
48669
65964
13360
84632
74008
37898
95956
29322
39184
60808
70503
59849
48986
77428
80582
72572
17376
3859
88609
39738
36340
59030
43135
9637
37937
20472
21650
49315
30754
9336
90744
99368
24815
56771
75399
16374
85172
54163
39060
57067
72457
64364
35738
20698
79202
31632
91077
72918
37466
72251
21854
13820
82051
67136
32056
30020
17577
9563
46088
49146
73588
79185
6177
24846
57157
90995
63319
52334
65641
50258
66875
35913
23175
16521
9138
31064
56892
63679
82301
21230
18545
28400
19166
61618
16810
2810
23906
17558
43111
310
64409
70304
31796
30636
87531
91428
70654
39026
37436
75433
15446
23260
29552
93209
37274
65955
0
55092
45660
11596
95687
93968
91880
41327
38106
70004
70909
82017
77097
41852
35126
82430
89900
99364
79435
27266
91297
60764
35221
22549
60422
68110
49149
40806
47448
81322
65743
56843
67565
20950
68271
13356
49073
81566
3699
27831
55784
68694
8536
27618
48900
73040
50225
57118
8107
32627
24302
94110
66513
46450
3513
51905
80447
50108
85843
72547
91466
80504
64119
67080
19419
97090
51084
63702
80094
23190
9249
54684
64739
62078
47313
48417
69964
72848
78120
85714
75010
99129
25646
86279
26952
32092
73064
96749
38038
45765
13343
0
94486
31977
21385
75362
82163
12163
45300
35448
91947
48676
72198
79792
0
33042
99548
59828
1836
98977
64803
87168
92174
66273
27946
25685
62444
31537
62366
22534
68001
15984
63774
44875
91959
36009
80308
68391
96770
38587
1979
71960
41231
85818
94409
76136
98023
2351
33175
7970
48448
7454
58356
47479
10558
95305
91219
98677
78342
7869
39655
10374
38863
30958
76934
26046
3646
75072
65398
52314
991
35662
52862
57192
52368
7034
54028
16800
98053
20244
61565
82397
81124
23893
63585
90012
9823
19260
14050
23750
97285
33796
24426
56083
19292
66831
28926
57400
4087
42125
64504
81686
11923
87637
37631
19785
50631
70124
60857
74555
26944
55523
75100
93820
42749
22320
48131
4852
9835
3875
95157
10627
54482
67123
59760
18473
9901
36222
13948
7759
24476
60234
40091
91674
23622
50308
9963
5999
79737
13047
76030
0
95489
19809
59492
24596
52556
91725
84274
8935
11614
26290
8514
52282
27280
96054
8560
52019
46162
4720
36717
30430
43248
73573
60551
99490
14738
55543
82599
30780
51782
67258
75392
30881
37890
40022
84805
99595
97474
78607
28399
96822
66016
12489
62648
74153
46723
0
79217
81030
66549
25972
47563
73382
60257
5467
5068
2230
98813
92689
28977
8877
28289
38544
32069
44416
31129
5029
68601
53280
20299
84368
93490
28903
27887
98478
90348
80639
