2126
16124 48065 7650
36264 30058 58033
927 34578 87920
11050 25039 48519
49089 17381 22494
19039 40382 54719
48233 27497 55529
35965 941 36307
28458 36644 6818
46269 12903 29648
32314 44840 3691
11150 41593 59040
2167 22491 89209
30998 26512 67282
10062 11521 77820
42409 4148 51399
14647 13158 99721
41283 25194 47840
26585 9886 5839
33370 28903 17333
44456 3615 21579
21546 22091 57000
16580 15468 50678
41898 19004 95456
24986 29397 37227
9419 1620 53642
39917 17858 73040
47136 40218 48900
25141 33826 88357
38653 28456 99919
8880 42572 92789
25737 5783 89664
13163 24818 32354
34428 11966 20850
40372 18036 47260
45032 28559 62296
16127 45362 39128
23674 25666 8237
127 42583 53606
24041 6366 4331
9781 40897 66624
13391 12496 33106
8578 25558 80201
31734 39055 76429
31762 5696 86666
47756 5928 84988
15236 12584 97729
28800 31219 76965
8522 26998 75663
33487 6858 28806
4701 7696 524
47782 48950 67367
10468 38103 48922
12849 1496 16036
43622 34476 60354
45602 6008 57404
33083 10515 50192
29045 6569 33519
12640 39297 78739
21303 41903 78058
3048 36514 55571
42931 13870 36916
18813 36110 78911
49237 4219 28858
44704 22666 86925
44542 43537 21100
13430 19924 2434
3500 25928 24171
4133 24019 73964
38082 24315 11862
11515 28031 4903
20135 2416 11075
33056 3888 97772
47627 38572 39338
38338 28251 18995
4870 9620 82681
30664 10601 59611
5976 40812 9850
27181 25041 28703
26253 17344 89228
16847 44610 86046
33500 17716 10981
6555 22607 97324
20983 2715 59371
26365 6456 32525
45459 8203 25103
7184 41600 21185
15641 34373 87656
17765 15187 4182
18630 15125 11375
49162 37592 1361
25770 13557 17678
15955 49956 61688
22388 15795 29098
18026 4901 59093
36230 5552 40203
18816 36280 98586
30042 5318 60795
39085 34347 97606
11252 13791 63216
3549 5935 99343
38980 28019 99765
24240 42255 22433
20197 46593 36237
5828 6700 37942
32819 18692 98637
69 21961 78481
9870 33244 30506
14914 8221 62346
6577 38851 8296
8421 31634 31329
47543 28994 96983
5946 45637 4985
10401 15292 11368
21673 49783 56705
17015 25613 27720
25782 12628 81731
44846 14128 9621
7439 31245 39162
40925 6348 4584
37378 44172 60793
11285 17777 62653
19678 21729 76183
6417 2386 25286
4369 41893 68465
36503 37285 62301
6874 34409 1411
7922 3569 84136
42250 20036 69984
43231 13418 43740
43318 26195 89715
8249 37553 66277
49859 13340 13628
37756 44908 10548
7840 13814 46443
5980 3641 93734
43373 7061 59296
36143 42856 11831
17453 25956 79309
43137 38530 13829
19380 20884 88671
11684 22821 80518
20490 20094 18828
9430 43960 20081
37964 45656 23589
22757 24898 13304
46077 38882 55989
41695 44375 76548
3656 2633 33081
3900 49435 76782
29405 212 31737
34792 28003 68151
26243 3688 81621
48602 32100 84435
13121 20398 52035
20653 13995 39801
42666 15732 9675
5046 11616 67536
20526 23897 73233
21243 33049 78742
32984 45436 50495
43921 18254 83047
13021 46749 84583
13634 45556 68710
36182 43621 38077
36451 8215 45266
31947 22428 96712
22514 30252 54851
18155 29009 94274
25935 24990 1633
29620 17063 44645
28550 37777 10278
6526 33180 95162
36861 7224 49290
30034 14175 76930
5010 156 46296
11289 28620 99031
42872 27594 31715
16783 18681 36963
21276 24945 92183
49321 19039 52930
35087 49501 74868
24711 12668 20075
25566 28236 11225
32681 9868 17252
19779 26790 84309
32809 5496 59872
451 36165 26468
6737 28554 91445
20695 10373 70506
24631 15451 63910
17427 34969 30810
32276 49303 11932
20441 47848 22554
44989 8590 56037
48002 1995 89441
43321 33122 48840
37579 29884 96938
26036 29538 52003
18562 20642 51785
41107 20204 36576
3047 13122 88444
2347 5789 8378
11890 38977 52125
43555 6541 74069
3250 24945 71017
19803 32331 37212
21357 38630 85669
3201 7849 57394
34743 17634 54832
28038 25795 68185
5562 40562 10567
27883 26276 31210
14624 41976 48593
26813 40234 83702
39943 49424 78544
43238 27691 97078
20961 33990 13975
28037 10409 74756
22336 46812 84946
13793 13507 12212
18008 5653 14510
12718 44102 15201
31446 42872 56915
1609 5892 65816
48978 53 2676
34801 40947 49033
30260 11018 54555
26233 47411 22742
8104 2710 20888
22739 9942 89198
34682 40224 50710
6779 37044 71063
32538 47308 69109
31991 1885 82107
3924 3890 80567
21977 18444 83944
30835 33171 95675
39110 12521 65077
15982 9774 48945
33062 2826 93977
19133 18880 28237
24542 21695 46422
8880 41141 76265
38629 12655 94394
48807 31506 21692
33173 28405 74374
8206 14813 31263
19586 20374 40837
39293 31437 88583
21895 39384 12717
44107 39931 91088
40002 46774 9375
39339 7483 49728
24609 49750 44610
45646 46906 40907
4593 110 15504
27595 21668 23994
20539 44879 30511
14111 5741 1054
33754 35138 99554
48924 48737 1240
36346 1624 8084
34290 49913 41871
29307 46550 80385
32614 37257 9204
36587 808 60518
13593 14903 35761
19925 33112 93232
16945 45132 38862
33514 5693 89494
49916 5909 46967
12258 20422 53553
47904 44382 11225
18692 48198 84911
39128 247 22947
37703 7937 92415
29739 20031 19350
38753 12671 32552
16510 23421 75580
33532 12008 25549
19833 22985 2777
44753 48662 83246
29464 47774 26150
45650 12595 78912
7408 8556 5260
12538 30015 7107
17829 44060 95991
29169 31655 31277
27416 24538 21751
14163 42841 7322
37852 13026 64714
31646 12237 33409
29695 30001 18851
21014 20494 79117
16455 4541 45703
47114 19644 17668
35382 4708 81850
3457 3111 84712
33225 6657 65779
18858 35810 82977
33349 27042 86654
14229 44327 56007
17946 10488 49752
39501 26149 44044
21696 33651 722
11618 19711 69960
16358 26707 9518
5033 43974 98836
19007 49793 1205
22332 29299 29253
33093 30126 18850
11244 25032 25324
47239 29285 59866
5152 40497 43957
3758 17505 19594
21164 2914 63943
16352 26494 58303
19419 25882 73033
45741 48965 50834
5395 33525 72077
36968 47838 76002
29814 25873 62934
23142 35336 40800
49801 26732 54025
38960 38149 862
46017 32373 47808
37344 17083 28022
24630 6291 60256
13312 34195 91149
39012 787 82804
45520 36007 96160
33882 45352 36122
15846 26412 91876
10447 29394 13956
40826 44237 49992
49451 4553 47069
3223 30463 46119
48727 35893 82868
25378 25783 45327
41125 26045 56562
24633 47781 50193
13526 36597 40232
18761 18965 83825
23649 16402 36588
27577 25352 53832
3231 11311 93527
47350 44697 18242
30637 48428 12911
37479 44119 75337
5680 10774 61374
45555 13729 77512
39996 40900 75597
12084 38850 77568
28493 13830 67496
34847 13895 71715
26318 25473 36458
49175 4902 76199
11725 18417 56278
29173 49644 68810
21112 23530 18654
11959 40718 61698
7875 8988 20560
37226 36937 81698
38213 30661 7955
22843 22272 39697
10480 40955 31090
11483 48801 66131
6104 35949 57632
489 29911 13382
35364 48517 10307
19684 17290 94739
39191 23548 18095
12279 20832 36329
40260 31902 30525
28660 36176 94971
18353 11689 17156
4458 29311 34195
7239 19566 68653
21931 42861 96872
30209 12625 88551
26363 19893 82896
838 49586 36154
3056 20686 31174
30264 38921 56226
37917 5937 74642
41724 33276 13182
39423 22804 36943
14466 26963 3120
41044 8936 67512
11318 23302 56441
10557 26284 3982
20772 8499 85120
49819 26222 1331
38896 8830 13750
42421 48111 66560
13798 10241 52644
29504 11984 29389
48506 15607 10527
19745 7645 86403
48971 29395 66519
25717 18447 61483
22919 48330 33800
34026 4668 26286
20224 42658 55015
15962 28674 39383
45243 35273 28781
38138 24959 60274
25360 9503 48292
44927 13084 21181
27638 5391 25040
35070 6577 87430
1033 13613 86393
48490 44078 87564
24474 21281 15004
12823 16102 35039
38280 7439 51134
45503 40254 67438
39385 21025 29258
27345 24708 4837
5308 22188 5700
17794 12374 32625
31426 22693 95630
5915 18295 59503
41581 32197 49524
33107 23992 48578
15895 39044 86651
269 33572 73387
11539 38296 50228
49904 13853 64402
48550 48885 89960
45354 48337 38178
22717 49442 9924
31778 29265 1355
2588 48245 68433
43812 30697 23796
46291 34055 89012
43386 18815 50471
30505 32976 28386
36722 25196 22516
6236 10868 10989
26177 40638 59850
25342 11214 43623
28988 42259 63078
35139 9757 76601
11114 41956 66074
25685 28678 78292
13553 34138 1370
26176 24116 20461
37846 16214 19833
29514 31511 83141
23148 33461 16606
40492 29163 65102
25064 36661 92578
8634 18140 60766
35942 20274 63892
25894 41068 29403
43475 13125 93711
11480 46726 87555
43992 6027 92574
2550 9556 7261
40766 38200 31576
47568 6403 48815
27627 13622 84196
30887 10959 73544
28876 13781 26332
39125 200 46714
30637 47924 57692
27478 7269 51497
2848 30121 79460
19168 8012 21165
817 35322 83301
4101 31879 52564
11860 28374 46375
39770 2736 88248
2654 10377 18281
44479 31347 74888
15648 46762 5544
25389 9270 99600
1737 47373 65226
22147 16155 26205
26487 2942 12665
33855 32045 48696
26540 41577 34362
25108 38867 33441
2518 33033 40022
27950 2642 10303
16421 33124 98037
29546 21383 65237
32561 33456 73352
27242 44359 33757
15679 14942 47375
40097 41592 21780
47040 24649 44220
48347 40884 40881
40893 18760 1094
35006 32294 10524
1202 5238 74241
20730 10683 1123
17957 3884 57703
1179 30799 57368
11941 41276 19149
5705 38187 78978
31896 14907 66200
30197 6390 5114
49142 10590 64481
33026 6205 90338
6411 3560 91064
41560 30156 41797
8062 7778 67091
30520 35694 96592
24672 48953 69522
5262 49392 99843
42481 10242 68235
12404 27516 1725
4942 14865 68970
37815 46353 69372
46759 10787 96093
7705 43316 93545
43656 13078 98249
31057 7955 97008
49772 41905 61379
3519 49964 55411
18478 12588 30241
7896 17370 85276
33539 27804 86548
23725 33923 67854
5557 46564 67668
6338 28648 56389
27829 20423 77479
28418 14040 33947
28740 26860 61952
41228 4143 67108
6484 31168 63196
49733 41734 15722
19000 31376 49353
39444 21251 27212
4437 19821 70598
7797 45412 42145
44949 37087 5821
2019 39835 83587
30897 31677 80551
33002 45447 5482
17023 44597 39399
37873 19662 10956
7249 39458 94880
42603 14305 31840
19993 23320 74097
33231 41693 34529
44272 8397 53679
34270 18351 37158
26995 49005 21796
16486 32777 34417
43780 44759 89795
297 6148 73834
21928 35924 22052
498 30974 32387
35548 38542 1256
46733 26692 11945
34151 8916 22564
2985 28456 13259
12417 41810 60928
31273 37955 90036
48685 27276 28269
10471 31381 30550
2213 1043 60847
47620 25671 76845
16196 11276 18030
22182 49495 90594
9934 12260 2362
33413 7583 5631
27773 26746 5791
31989 25323 3598
45378 41888 85610
5128 36444 88567
31668 36787 20186
36654 31512 9787
3428 12377 35773
31598 12400 1432
18175 17063 46483
24395 6234 57304
31917 15841 61886
29180 12678 43049
9102 27463 29919
37179 776 13750
36596 8385 63632
44148 30376 49964
33965 38842 87173
24093 26055 98983
46662 28066 82365
11551 31143 16579
10208 21521 79648
377 37832 64441
28353 16139 185
6270 40070 87320
21300 25916 22103
9124 42744 56292
14785 46050 77960
39527 9535 6695
14481 25975 18192
31089 44045 82063
1844 48942 84590
9179 25346 76038
21278 19125 53810
29315 40095 2142
26414 27711 57663
30132 12047 39203
33158 16509 23748
7111 18194 81177
33793 38887 10205
5350 21866 1681
8385 33314 827
38945 23269 65831
7490 44883 63237
18319 37806 87530
39168 32732 15579
28089 35980 10159
3587 38475 62030
30617 25297 19517
38955 46720 86214
30513 12313 75900
20004 6646 95858
22718 11376 177
23229 49303 26874
21282 25263 81766
3778 2849 68735
39085 36866 68479
27798 34927 7242
46160 37484 61159
13139 24215 53830
8246 1683 77758
33372 14453 11831
16814 45516 21995
46637 8084 55021
13509 42458 31387
2055 47967 31936
49167 17687 29964
24153 30104 96202
1410 3336 49351
5510 6695 54514
46290 31256 26337
3030 27890 72758
2424 545 29496
19398 13536 89961
41407 3007 6357
18527 24341 94785
14242 18427 88367
1688 20841 48227
19690 17363 23747
42036 28467 83266
49926 28290 31226
33672 11848 46565
16667 21333 61455
49967 16976 24406
27220 34565 36518
24747 16142 85844
5275 11186 11624
13553 27306 49547
47544 44957 39618
22891 24417 39507
4991 40312 23691
21364 3605 76345
40561 34782 28622
525 25274 27623
20077 21502 52107
25163 11932 95599
43827 29230 12335
21081 10530 59165
19504 3584 85272
38904 43863 61899
16606 44365 47410
38305 32851 13464
27938 39488 2291
27821 24391 50300
25607 10157 15031
41989 35224 92462
1140 21750 5085
30578 4810 82284
40423 20936 31643
4444 3365 21230
15526 39252 96611
1214 9412 89876
35373 42374 15629
40692 38520 94243
35495 4747 91808
30585 36408 79715
35999 12287 32016
9170 16746 2096
18085 47613 25570
21601 34289 72949
7516 31165 63852
11653 4008 34795
38583 46735 424
47634 15392 68593
46806 45120 35889
14516 14440 83930
7440 39264 86399
23849 29661 95752
2165 1268 33474
5300 24871 7820
495 31388 51306
42975 8516 59929
29603 24489 50915
41872 20225 42066
4985 43747 65695
1 0 10092
30424 18251 72157
28238 31619 18700
35460 14241 89655
42415 42216 22473
48190 3135 98105
451 41966 4931
35283 38992 54646
11279 20904 65785
40076 35418 10148
4724 7334 41832
22400 19031 15123
13449 34439 89083
47028 26514 30854
1078 19032 46088
14117 13196 76104
8334 22754 31224
25713 2528 94289
19251 39635 44411
12004 46727 30985
9859 45482 84357
39600 39430 62667
13155 38779 73766
40240 42016 92324
10203 34121 22609
43828 39624 76703
8456 25422 14762
1848 9211 29601
23846 15841 85426
8462 30747 93795
4796 4224 81791
47603 49119 25126
32203 21536 12518
24603 47734 80782
37041 29242 18710
20896 39391 58647
37127 21478 35987
31489 29772 40337
32229 17813 73800
37089 34337 71707
30642 38720 2681
11118 3097 17704
33976 19444 71786
26268 19379 90934
14640 7785 2773
17636 3662 2453
27810 48938 69417
15219 27676 73372
16992 32539 27900
21029 24428 16109
5702 43689 23325
7773 36864 15602
43020 14781 31787
29446 32470 34640
43122 35711 51952
14844 24431 92520
5302 21375 76590
3714 31036 18483
39236 19830 63366
49745 37479 98964
17450 22751 25771
24877 3657 35253
27319 44094 36709
39334 12656 20815
36151 28794 50440
49190 19933 14897
48064 41592 36465
18172 7270 75389
33253 17817 4726
23366 9229 41374
40039 20530 88117
2595 13283 3172
19168 49682 64062
44821 27959 97298
18667 36890 97921
17161 24215 38895
47430 30660 98040
45752 25684 10499
48308 44384 90828
36218 44646 649
27466 14936 42902
29992 21985 91661
864 30910 78393
41533 28844 57153
18880 18650 85174
7188 18803 30208
19868 16786 33441
28765 34583 60328
1432 22782 84546
26718 40692 78880
41023 3952 56521
6757 13246 39540
5991 41452 18335
20588 22458 86485
2753 18706 62681
2133 1366 33180
8675 10299 80581
32555 31814 58227
46249 39693 266
13828 6659 60219
25789 28448 31952
24688 23368 88454
4838 17036 31741
26048 30120 42255
8658 15446 5548
32822 25719 11974
27189 7074 92600
41574 10469 3547
18280 28765 85171
43522 2394 94737
7727 14061 38744
19582 16350 82751
19162 45751 25637
4527 42154 16473
16773 2338 2356
25507 36805 31296
40742 35300 40370
7573 28937 76680
23832 36545 84038
3965 39587 39414
42379 44162 23389
10762 34859 34280
49454 3324 28829
27386 22779 78251
12095 39376 47367
20442 19433 24455
20849 10546 594
8720 3377 35861
21587 10191 58974
30167 10557 62441
36954 18478 96318
1979 25851 49001
47693 8830 14251
9570 47848 16938
21579 17856 95545
20745 9279 94270
11950 42499 31203
8217 49940 47253
25671 49886 5814
23192 26550 27040
48703 26777 57038
25450 24576 78421
32972 1760 90209
27229 23729 1722
39136 40136 9489
4295 36263 1613
39803 46060 34056
35046 4171 9443
24796 30398 68801
15001 14567 39116
48697 25369 47335
26893 29566 4375
31006 6336 78095
21383 31095 89682
34276 6893 16382
19397 7868 67515
34575 34735 43636
8963 38106 46023
10465 37591 59153
34898 21747 90862
738 5472 44452
32336 5664 599
48036 12390 82006
29245 2090 71349
25503 28185 82078
28321 32053 9862
26901 14892 83629
19234 14553 90365
23032 47143 19814
40678 3338 99483
44896 2540 88501
13729 47342 23605
25959 36734 55089
21330 44871 42646
15531 35829 22912
47979 3845 58801
8091 42092 49364
36781 17794 27014
32911 21033 81503
7111 21583 92902
29300 27100 28861
3772 7209 45731
15675 41310 40276
49129 30953 32459
179 16309 8404
47323 28069 7848
36079 10452 46635
9840 28126 14428
29008 20974 13509
22262 43135 8064
42031 4261 32187
8698 45729 8175
27859 12976 65180
20335 23403 70524
47584 14091 43702
12545 41298 65574
41123 34770 35433
22635 13284 34383
32840 29247 79975
44729 32375 27573
14284 25223 38430
11642 16945 81295
20724 4055 6856
26830 26489 70211
12504 10706 71462
29405 3206 84455
14331 14747 15718
9883 2493 8622
27305 9441 39012
26415 2152 42687
44494 44130 58282
27668 9184 15575
44442 22971 18577
37497 38413 93079
3658 30565 84046
11558 12513 97976
27863 39262 2281
1968 35582 26588
43808 18053 27423
41837 35171 24667
8361 28489 6183
43951 11700 87671
36920 44854 87644
40942 40506 47379
22907 43921 25899
9879 39963 74231
31549 29129 36902
49158 25764 30617
35594 5658 6325
2577 26278 869
34991 22658 96668
39469 41883 29290
39238 8103 68703
13551 2461 29283
35632 1998 89642
790 31942 67781
43690 32369 28819
14585 23443 1327
3218 46431 77350
26395 10787 9506
37027 2343 63142
15596 18027 48146
30687 49729 37802
21738 47941 45652
29074 40446 9867
30359 39709 29525
31005 41314 91373
19522 7743 83469
19508 13478 36886
23701 28338 41725
48569 29934 89531
1945 2902 56904
41093 27936 26881
4753 40182 50050
23491 13828 23437
20327 24302 65105
12189 8897 73202
25051 29611 22974
35935 47769 55050
48312 12138 15011
8004 20450 91380
12979 37711 76520
23350 38277 93926
24349 22472 69408
14835 30171 51958
36747 39272 46184
29822 34 64876
46958 1087 62511
929 26457 5326
47908 12526 49731
4187 32449 5866
16046 35949 45445
23967 47852 41518
8777 18391 77876
44142 25674 98599
16635 25462 71391
4024 30808 68919
42495 40569 64061
29395 27568 42370
38072 2405 51600
27908 32554 52682
35084 35144 4402
44677 17675 17296
20999 23891 51860
21853 31828 44323
45091 15404 79938
39090 18329 95846
21156 5823 55793
31111 15842 10926
16214 9406 69113
4589 28508 37057
37538 34213 8802
37245 12061 19901
23723 3790 576
6684 39423 38140
9292 19556 34150
22855 20744 65314
29704 21797 56375
29442 14109 74713
17679 26999 10132
3087 42045 55381
11059 21463 29475
34407 9625 37329
49028 46839 93501
9136 8156 74762
46883 34769 87041
29880 31740 68171
32648 49259 50648
2179 26806 53356
24275 24650 86215
36305 7457 56771
2188 27023 33890
44380 22537 38186
28077 34918 93377
48239 35039 63870
24495 28913 50771
24589 14591 43516
20665 16176 36932
16185 24968 64477
36994 45494 78045
33520 9424 93182
48764 2874 17077
35216 14985 92840
42499 9078 48732
15054 12133 48429
16143 9353 94009
43004 3903 20449
21665 25507 79630
11570 14649 21881
32943 15000 4739
32274 15398 68538
48071 174 60165
3034 46562 76787
36278 10116 56674
32083 13990 51755
27006 30643 98158
25141 34568 41073
41618 11428 36474
49200 23836 4028
42381 22846 47992
5226 33338 92702
24414 10510 1633
42274 26966 5648
19244 36098 78153
10611 39028 43146
6689 31434 99309
2500 24221 43395
29843 2903 92846
24253 7436 53867
26249 15401 82935
1786 21731 65598
26260 45402 84422
42037 38702 94043
3769 1367 75188
1118 43794 48896
31487 33168 77897
12423 45469 57474
33473 10098 53193
10029 6276 62676
2406 42746 35387
1819 23963 83491
13028 14779 79964
8003 14815 3269
30750 48577 19081
8640 12793 23092
46503 10519 92484
33667 19729 68110
17019 41119 30833
8588 44491 92823
40697 23151 88295
44562 36547 65921
2087 26022 69914
46880 39155 29965
25181 7726 92313
23305 23946 96378
39681 44577 67007
25608 31810 53076
16375 15701 59327
32210 47153 41287
23883 45086 80143
35463 6379 28017
33522 40938 40680
7654 36880 51614
16112 34034 87792
20579 7947 51024
49914 28014 40383
49729 24881 37304
2505 10272 72511
10975 5317 27247
25758 5383 44117
35231 20930 27101
31898 42768 49482
10003 24564 85044
37818 35971 10552
25456 35097 26477
6674 27581 98301
33215 25853 20122
29375 367 36522
18545 39405 23026
9143 15996 93128
37050 34533 64297
6813 6915 34996
20838 20762 88872
41144 44170 99973
43466 13892 68622
20765 41042 60024
1569 32161 44292
21168 12336 65256
17479 11744 53547
49783 33843 84658
14545 3353 28332
4113 35223 69034
36656 10097 19637
18900 47990 76422
2862 10452 19976
38417 1085 2663
7321 46476 94095
29874 25111 73905
41521 21862 63156
13504 6713 67451
41739 36582 51517
44931 34019 93515
30176 14609 76316
41488 25587 72085
5350 26480 71582
9706 22962 31813
45752 34536 75286
27472 7405 20296
97 46811 62921
39325 19839 51931
23881 9053 6494
6119 49296 95624
8251 28214 75434
16619 5522 18534
29392 29384 4430
35602 44271 85245
13334 10266 85586
22218 5441 14548
18951 2934 28760
3421 614 50775
43052 13058 17591
10302 44565 50029
28748 13350 60541
30731 34849 97840
5316 8591 70999
43349 2724 80569
10917 25962 59779
8039 14023 53388
27340 43468 88282
6411 11794 59723
14430 27928 53821
7688 11562 54413
32514 2785 39768
45761 31662 67275
26639 15510 38305
8194 20119 79076
17849 29639 76857
25390 28538 39052
6632 13757 32674
1306 8046 80150
25711 23432 31909
49791 17599 51486
28760 8548 28488
23671 32518 19970
20220 40250 22032
7084 9422 6583
13439 12749 60704
20285 31712 49826
43956 41884 49564
49252 1753 48954
45739 18043 78695
47523 83 22272
44301 49633 13144
43641 6434 84489
7132 24791 12041
16145 2269 82084
23934 9688 67743
10283 31314 50088
7217 4673 77676
20438 46206 31518
15025 20613 73551
43111 48628 40761
359 49835 4153
37339 34231 4740
20874 19209 81196
29874 30724 25399
39530 19248 94422
27393 30167 4000
15218 21832 34837
42940 15242 34252
12744 43803 45739
7497 11864 93338
30639 39619 19131
31921 28004 5418
22515 49654 19203
11832 8990 93920
31568 779 9012
12806 30156 53169
5329 17100 77888
8433 30911 14267
38932 4946 62170
45142 26581 79898
43951 21128 75356
3935 39630 82220
17436 36992 16033
35899 33228 13570
10247 22953 19929
46367 11859 41044
6436 26092 54736
13679 47685 44588
8226 14031 47630
9527 17444 65169
8164 12572 91187
44009 44803 76264
37524 45253 88003
37430 13193 67710
17039 16455 11539
46451 32251 74926
5714 33199 40560
45528 25857 46246
44820 19670 87108
35246 9746 20466
15483 15356 65873
9520 46811 70851
16761 44929 4971
9035 5861 37544
7447 11600 12806
44590 816 51104
24158 21142 57073
34408 35035 25341
29613 2312 17390
27384 27904 29203
8104 5312 67211
28043 1771 53264
39314 38349 34546
10781 49926 54602
4881 37363 86864
349 24224 48605
31016 19765 82818
34641 46632 35450
35464 22546 50082
44167 1580 26766
4556 25500 48375
48542 17600 15549
45784 17673 54541
22581 7916 4488
5873 9518 38163
20210 19343 1211
45357 41345 17392
42788 15241 2756
47057 16804 37099
1377 2110 36669
5283 47908 31482
14437 44731 33182
21055 9728 13893
11378 24241 33733
43610 33132 86003
1779 49591 16076
21774 43426 77027
41662 1237 5087
10071 15339 86274
14506 1602 67720
18133 929 47256
44835 18816 87619
45276 28536 1524
30653 22999 67049
14191 13831 21811
48657 48652 36171
28193 37871 57304
8907 7625 24989
31619 7542 34347
38994 2232 46717
8409 27732 70726
43926 37605 22033
7705 515 23072
1776 8936 83151
36596 10648 31934
12833 30023 74063
27698 7396 20072
13337 49686 92034
9472 40911 34225
38985 47213 77241
45922 40678 2557
31046 24046 62962
17916 4422 48915
15197 17511 19502
8976 7209 30934
41965 29339 90539
27852 135 54675
25666 12012 85323
10038 2476 32823
43264 24486 47652
219 36508 51306
44597 21379 25126
45981 37328 14435
23825 24448 65712
31059 41084 56459
46983 15705 4160
36037 9754 85061
30069 14253 7356
49361 42042 55810
16704 33311 98299
21841 31446 88808
46438 9440 36882
26311 2801 76723
44074 34585 21728
2210 42588 9905
20986 7259 98833
23797 44527 95146
23386 44680 42033
49736 46839 4547
28714 42218 88825
8028 29315 85636
13171 13727 8141
23889 41110 46464
24458 14084 1801
12335 16294 89248
8918 41549 6261
43180 728 91274
31386 39489 60581
919 45753 87579
10348 16590 42945
27024 37910 89974
31578 19330 57240
43778 11934 50826
21645 30355 44177
13305 16797 18040
18234 12312 41525
22937 38025 28872
10388 40516 62435
33492 34979 43978
16858 27154 26554
3838 13953 28585
16928 1800 18877
18299 46190 96471
36100 12478 41364
40517 5442 41976
40597 49697 58268
34999 7371 77101
15392 34426 52551
35780 35243 25929
49652 34320 98391
35605 45676 5088
46200 5396 99146
7507 26130 20837
23595 7972 78377
3746 10441 76460
22894 23561 69974
6765 45626 44530
16580 9526 10545
11785 15479 5928
46950 23601 6063
42539 41182 55892
15044 47689 83344
47167 13991 84537
41233 31614 47006
680 30944 41999
10018 25136 17922
13900 24951 80341
29778 10544 29744
49011 46489 47338
26484 12993 56541
27189 48321 16257
45536 7037 48057
40209 17805 90224
24367 34559 50010
35091 16360 16360
49857 16539 34837
32899 23466 80578
30777 5272 12875
22046 22420 14746
12701 17302 89760
22904 47603 78871
3736 40260 63822
40439 33176 44440
13213 15104 17830
37424 25817 86747
13506 39910 15659
29205 45459 4189
33570 3688 86821
10689 45674 54986
41343 39258 76568
20043 14114 33177
2619 32137 21326
25726 16608 45217
28567 14901 66514
21980 14927 68714
41564 47625 24263
20323 7664 8108
35642 12254 17216
31420 10363 37650
15234 43329 26578
16015 10707 22599
29773 36121 38859
11445 49722 6363
30346 11752 19290
39140 16457 96205
14517 29085 37792
10634 26680 97362
31565 45131 96976
8110 12076 12683
3816 46042 16743
22349 10268 60827
29221 13693 85495
10068 21685 16475
28733 9144 68517
30459 5402 80657
20165 1856 18437
10021 25059 24408
1362 40605 74056
22033 6457 67835
2163 8238 4493
28078 40686 66922
452 7853 87815
13848 36399 94632
8484 44504 99352
33223 19715 83291
25573 41258 98779
22168 28183 18368
39100 30151 77999
607 17608 75026
27429 37978 66254
28832 14385 29599
636 48748 80153
1061 32964 20776
7427 31773 5640
29147 14492 35229
44453 48747 38176
44270 20905 76978
47881 20262 67299
41626 45608 35692
26385 1737 95572
38519 20076 32700
39218 18714 35798
19378 31127 64742
19014 15254 55184
37729 44353 39006
24261 40001 67440
10981 6783 10016
14190 46149 2546
28683 11077 59609
33366 17641 80108
37616 41427 93624
24032 45510 46244
8957 42674 20829
37150 13643 79581
14029 37058 41738
21235 37977 30935
6542 12092 64164
3869 26287 87193
5323 23803 6555
31941 19227 76932
28414 48353 88023
36453 4882 25465
43887 33550 38278
40991 22825 21918
20069 722 90892
48733 38095 7893
49857 23306 89982
31803 4019 4800
27211 24945 83834
9441 25058 96843
41489 43061 1460
14703 5975 46244
9129 36153 29063
18773 6219 43216
9638 31963 93471
28736 5122 71759
35321 29731 41615
30660 48418 92621
1352 38727 29421
7573 25449 23893
3467 32187 3816
33962 27178 54168
38502 32907 5809
23387 3578 72119
7867 29826 39634
31841 36196 73939
10414 28462 6070
8776 44135 14587
26855 43538 36288
27275 48148 90538
891 28363 66778
16200 13725 45313
11905 42413 44358
39722 35054 78188
4171 4947 82546
16589 1457 86124
31928 49331 55618
8589 13920 17399
8446 47734 86342
28051 41769 96559
31144 22138 30813
7063 18173 53770
21062 29281 24859
21468 10176 55836
41592 25379 88667
46572 10734 28625
7076 35842 64313
40262 8240 98226
42748 37675 87358
3614 49780 41570
24288 1634 35614
36756 39261 84375
26140 21033 95321
17710 44988 93460
7934 44930 26666
40233 22012 15048
8933 34155 54515
9293 35938 3945
19311 9125 16049
29329 25033 54714
21791 40773 7394
36124 26889 37820
17259 23686 60664
729 17998 64110
17578 29479 1632
31964 13444 98941
19019 47208 11618
23787 36564 35557
4313 40421 60351
1608 35761 43357
40311 36251 23351
7146 2836 34491
9554 27310 91419
1940 16291 17883
16474 32665 81317
14421 22542 98716
26239 44278 35458
16652 16085 80380
49227 29487 64082
3060 31409 55648
9042 20085 33503
45596 12961 78186
37530 44107 82453
24313 19531 92780
23334 25393 30008
18675 13989 32124
22371 37512 11370
26488 20326 29828
41663 11356 9192
2961 26824 27144
811 45997 9669
19618 22929 36905
41245 30741 92049
8919 4403 21050
48954 47556 94097
625 17800 20212
18281 47882 60419
19401 13010 32256
18741 29497 7008
20042 40757 70967
38370 11678 32047
20035 22520 69852
4433 7277 2127
5268 36034 17469
47564 39860 9265
36083 30271 17542
31802 41375 40439
13260 6280 17220
33776 1890 36747
44486 10801 81688
1615 46359 69556
8784 33190 23042
16006 12066 72872
40075 31003 96065
7253 46699 90184
40871 43965 1128
34703 45339 81371
16663 47590 44991
42031 44321 60437
8368 48146 42363
49953 36717 77878
31689 39673 40076
45913 36586 86462
6192 29739 19497
4164 41278 72875
32073 40102 59678
779 48332 96379
5201 23234 66735
42839 24079 69429
11393 25476 22807
21494 44221 3680
38056 43515 69383
6733 12000 75667
47569 17616 44039
12738 32605 67952
6423 4954 49098
20741 46285 85802
14106 22366 4325
42169 9203 67545
17321 18265 60524
39851 11599 868
32190 11293 21236
45583 34966 26264
6548 2137 53899
7097 26460 13235
15437 670 37846
25068 7919 8851
41019 40476 29444
33133 48015 14994
37933 22092 90996
40220 11825 78451
13395 27397 87324
14797 47875 18303
17398 4500 58107
42027 35830 65118
36608 12196 59406
4490 15027 23161
23432 20158 90742
31517 1663 21670
10730 48309 27765
37022 13020 68436
18708 18908 63863
13730 5883 44290
46714 48898 99202
34283 28967 90301
6560 1406 86917
12768 46284 62402
9709 36285 36840
15171 24339 7149
20066 42732 40331
20052 12780 98443
14133 38834 21670
34399 25450 56496
28233 8681 99024
18488 16610 31275
46629 23326 75057
23280 13141 11990
35986 48839 19208
2391 49328 66738
4888 10876 92994
25002 210 88780
38205 39784 55508
9941 25530 55718
7974 17895 32551
34991 31733 45951
17229 12132 17538
16820 36251 14996
2805 48330 5464
49492 33268 42504
7707 27803 62378
31327 5186 29347
16317 45498 32436
9955 23799 52303
30392 36840 1064
15482 6283 95512
19354 36391 13976
42839 20570 19492
25606 9284 82107
2497 31677 64563
7725 30201 68571
15651 2173 72703
28851 37780 14947
1535 3679 70917
21857 41644 91493
39251 25485 24371
290 28865 31043
42576 49321 14702
232 9912 83094
31410 42087 70763
41154 5126 12272
42079 4896 97875
2531 923 48219
18678 15469 64343
35345 20569 7049
44937 28295 88753
6732 2112 19135
11923 46128 99865
18998 43491 79412
1749 4884 95748
24002 49711 34793
18965 41461 35714
25222 4262 76603
38801 15478 62249
16957 41611 72284
7480 17359 98864
44973 38390 16456
4454 6146 98481
12346 48324 32537
23012 8340 30733
18196 16184 711
27075 46992 51446
32866 23701 84107
10529 14127 49206
34237 10532 35919
5762 40372 40121
26884 24888 57610
7393 4486 90754
42779 20718 9704
44923 7082 70743
33687 12786 78230
34645 17181 3923
41213 49532 21459
2270 1101 18048
31501 29516 42041
27964 26609 4608
38449 3241 42417
49320 44736 98037
42968 44122 63153
28220 25610 29437
29964 48451 90764
1700 22571 5357
47896 15844 76347
5317 18835 10619
20506 41763 71926
26945 7027 98844
22129 14564 56259
1922 10895 40592
46218 9186 93330
12758 25771 47975
22218 13120 31150
23528 27510 92374
21539 42284 98647
18425 14707 58445
25647 42783 56180
11009 29715 14633
28498 1493 90180
47908 16360 17300
23955 8479 20181
7927 39293 64076
10076 46226 11813
32418 30917 19787
36812 31179 29823
40953 20313 3512
26228 8092 25343
5203 3167 65045
14930 25570 97726
49220 14403 56116
9263 28928 63042
8869 22121 56658
11581 41482 43529
34552 44432 85725
39290 26145 25403
23376 22043 28895
34598 30647 47813
43188 34344 22740
39898 4872 78207
911 15711 89573
44420 39366 742
30605 18654 43001
38994 6880 74149
27790 11556 28550
37737 37776 56787
13118 19286 84370
14236 20998 26285
30859 34695 11884
2545 26231 7369
7473 48616 24141
44644 7394 65636
31368 33324 22958
45354 1254 52215
26284 44983 31581
14373 22860 88790
18924 6769 55769
45499 35860 65875
25102 35449 52777
49677 46758 86648
9581 29936 46451
48482 7039 26297
21191 3421 17570
29234 23789 44108
39401 45068 60024
30512 49442 82346
5199 37733 29612
9974 38614 27897
13150 19049 1916
46890 2313 58581
15008 42794 29896
3659 3871 36264
44585 19984 40783
20933 17922 26640
49897 41931 41536
17468 34477 78592
1361 29277 11619
44766 5796 46677
47317 28585 48969
790 42992 91034
38879 19793 3872
19735 38074 93661
41225 44855 98620
33613 23046 46876
8239 29917 3248
2360 28752 36935
16174 28420 89686
31041 42200 71201
46567 31208 86159
33762 21559 56769
6440 37814 34499
43283 33311 78355
5100 15312 91333
6891 17905 53782
6313 14402 10825
28604 43569 98871
42330 28893 72147
5845 38122 96362
1329 36377 45583
33616 28157 59316
7806 43611 14949
47982 14217 84336
16412 28646 86004
47378 8374 88607
32893 13067 49652
34949 17260 58208
40294 1283 52237
1327 11678 44833
48463 47949 98413
30476 3977 736
49766 45327 82461
15027 48978 98902
9985 27011 22630
7923 21903 38672
30183 27290 93773
33830 15249 79959
26169 12517 60051
30952 4984 32279
27800 24236 43787
35245 40849 71874
13009 42309 24377
4888 49780 64979
32048 12907 42422
41980 31445 59924
3496 8217 12668
19585 11626 1264
6039 7495 27215
4801 39791 217
42428 19962 8589
44096 3105 849
29770 33411 38007
25739 39016 48021
10420 34424 99454
45846 6399 13330
10199 21540 43994
31507 29516 37602
38295 3430 19032
46597 27208 45496
38130 38252 74492
31248 21146 87224
41541 19151 31392
46189 26660 44902
20457 21154 50523
30908 6480 13006
2494 31609 78025
12303 31715 51469
30456 5312 57507
40524 11622 75167
24004 26167 74934
8668 37745 40669
11340 49729 28740
1816 35379 7743
44947 45661 20488
21006 49571 37847
32065 47872 34614
10202 12772 18206
10929 33792 44861
35226 24651 97672
13839 43490 21452
34144 38110 87971
29550 33380 5259
6647 22489 21843
20153 6871 79840
46501 15383 69866
33693 17879 83376
34482 18921 15624
4516 9598 20811
27256 36866 93566
48668 40561 86071
42214 20022 9926
32744 16864 47054
38537 25699 12876
14464 39166 79627
40232 9563 40730
34169 11309 57759
39189 29145 71969
33689 42550 28337
35232 27708 63705
45845 45834 8687
40792 29217 66608
28366 43510 92908
22309 34021 60506
45396 41310 57314
37741 48690 13457
5892 26611 68752
20158 36820 36311
26395 12628 71730
38606 32560 39647
633 4576 34214
21447 1228 97068
30739 18718 66110
47027 12272 99077
22501 15852 44129
48 13562 61309
391 23565 6027
3785 28437 76739
33089 19532 35124
192 34527 73701
40828 30652 1186
29717 40595 15568
8921 44745 17800
15193 43004 554
40924 33195 82340
48031 25661 57391
6077 35397 91320
370 19204 9546
11910 23377 74350
48269 38764 65648
43612 10230 72031
4928 29512 86548
6912 23265 31860
44880 27201 13495
20506 36524 95444
2411 25915 73
7973 11480 76349
6544 45791 62366
17877 8904 88538
25249 2407 34022
31073 23621 84291
5566 49141 78643
32391 32495 62647
31258 39714 27367
4474 49657 14365
39950 18332 17310
44017 26713 9870
2036 23932 27004
30686 32396 17476
22224 4977 9727
31329 36660 74625
4890 42305 99278
30472 30330 93797
37362 22430 61094
28325 49975 11251
22071 35363 58226
46681 38412 54959
28017 29899 87939
43806 23268 16898
35254 4569 2466
6849 6700 26398
11673 37153 20235
7017 43176 84212
46264 39640 39717
39632 30815 84120
6705 46043 58234
17596 31241 19781
28033 46456 39529
39851 12692 13065
36816 8961 32745
31153 30780 99054
41104 13352 2973
26759 35357 61800
43272 10838 16109
17480 40510 74675
45411 43187 31739
47870 23329 62342
43019 6804 5159
23231 36102 8233
44203 46814 73954
25678 4549 20727
34866 35923 84607
28107 29331 985
38360 6535 71746
25538 933 92056
35208 30660 74108
38554 18429 68120
24146 12061 6204
19066 34926 57912
42646 32796 69431
44975 30230 44795
43925 33075 53891
41010 34839 55920
24879 32177 82655
48401 47907 11258
22361 18759 62642
39411 16514 11980
26694 38289 19278
21177 10482 35992
28759 39420 32318
13951 19474 81782
23023 37939 62751
25559 5471 7735
46712 22983 29659
47832 33368 98778
17596 33078 63621
23219 36927 18970
19400 43559 57912
43839 36529 60895
1787 49541 12579
28976 47311 74087
204 30726 2166
18052 45889 54976
5360 38228 54517
31983 23458 90823
42856 3355 71447
5632 18214 23913
13994 41132 59749
17847 2472 15222
4917 40180 80590
49315 8003 7651
5137 44235 73644
33371 46806 89563
33700 32033 37961
40644 28655 83530
5560 7149 14625
4604 39664 13885
23262 7689 53709
36380 16074 105
46848 45588 49889
37041 38318 94305
44522 12917 90689
32595 17554 69222
22685 8735 23432
49059 16197 28202
688 21947 3656
11322 46155 8595
28243 16752 89053
16932 23058 56232
13087 8694 33772
29630 36430 31653
46731 37178 82824
28432 47051 38389
16860 12797 64806
7067 22421 62127
4451 5386 56060
22253 3213 3450
26175 11676 61834
13461 32691 48581
24046 39874 94426
10824 14042 11866
32034 37217 92569
29327 42705 42123
29827 35869 54182
31752 39297 78993
12109 22034 39715
15171 34122 64775
5663 28416 60194
34892 17253 24149
10569 37065 55404
36125 45738 2729
34373 37024 99482
10627 17532 5911
28027 43323 21660
8939 42507 78024
45181 28680 21064
43998 10286 40707
37351 41672 14967
3147 1304 60934
26797 19714 50099
2266 46586 86202
16412 29494 90243
42120 33705 37061
37885 14833 97604
13712 2354 49984
33310 20320 20432
43685 46285 68480
11256 30130 83878
32596 27508 48739
33923 32108 68020
29205 45367 13051
44432 43675 41278
34029 13940 89705
38201 25414 64123
46067 28109 52271
17224 26676 82169
43098 24147 62391
45020 26909 88536
16153 31105 53297
34812 14121 48617
27594 4957 18177
33710 6911 9097
36111 6020 81984
1886 49480 66269
9555 44129 27676
18142 6446 82573
12808 6675 97915
14234 25522 86190
25470 10746 21492
7278 22570 60820
10731 49827 51274
42215 43227 2702
34520 18446 31236
4535 21612 54812
32066 18320 85328
48335 371 89437
14718 15475 82590
40352 29359 54234
38020 39043 48325
26199 24589 18777
27501 5922 71589
33417 24808 93297
3081 30931 5653
40475 41802 92861
22305 18728 99898
14939 24078 35706
23067 32564 88614
20925 32018 19257
40356 38854 88997
31660 2388 94316
36061 16042 22220
907 46743 88672
31862 34639 32668
21060 4937 54587
36098 40962 54529
776 41839 51098
3886 26122 62441
27596 42798 75437
34166 9865 22534
13073 20178 68818
4074 25379 75121
33506 17843 68369
47019 30259 6021
26738 31284 46499
29721 11612 29117
14881 7848 98596
3349 48415 74578
4936 20486 14286
30009 2959 67924
49252 7499 85890
13732 49111 76468
36055 5540 31852
23830 2840 75376
23037 30755 87736
29362 22119 414
