80433
30209
59435
21672
37564
50609
68077
63699
99968
17533
72983
25357
57303
51691
52937
68046
9114
4865
51506
90369
26430
11066
66350
91925
29234
82997
11891
36985
87547
96960
34324
67349
72382
27450
13472
50221
99507
57048
57184
34088
72513
12188
74447
1024
19033
24148
4764
38071
12653
14130
56259
12476
57358
11054
40643
83835
32731
59492
20452
25458
74988
48486
18954
96787
43214
86838
40568
5246
36884
44601
315
37364
42322
57262
66321
45891
57512
73762
91533
82803
20281
13165
4598
68879
14542
85062
1820
69795
83350
16013
50837
31648
93938
79357
78625
62196
23227
47607
76395
35783
54335
78238
2610
27648
31670
32663
22515
55282
68646
398
11449
37216
93845
14947
17539
27311
32784
43394
79814
91037
32852
39974
76556
11517
76794
46294
58559
58706
25738
35310
81447
41994
44137
53574
60146
36305
57053
78475
78312
80711
40837
30728
1744
7848
11085
18545
62298
24692
8898
38842
75653
87445
59092
25321
79080
38878
55618
77111
68900
68439
66556
88441
64489
77753
19259
53395
15127
83882
40594
5723
12808
98918
86190
37984
20787
66922
91635
53722
75942
91298
89557
36931
31880
86492
62982
62027
81936
70785
4978
75796
39474
70616
21120
52032
35
75598
82252
77929
79875
44730
17789
22147
60154
29397
79825
63826
97351
97050
5591
15181
49327
81768
9558
55411
89413
43550
47623
48560
88583
54752
44515
6037
32639
61939
16075
98845
52244
94033
59383
38035
21741
86101
72539
8707
59411
35629
24057
86709
88831
65737
6005
39863
66942
90745
88027
31098
36574
95673
8597
84539
13492
86860
33528
79344
55689
40270
29283
10516
64530
91085
51509
16484
39087
63830
62615
71706
87619
92813
6385
9248
59204
35120
62272
30596
70057
16792
81771
94511
39589
63434
97605
5998
9111
47115
2431
54379
74067
23884
57680
70949
95210
32262
82973
41027
66329
5266
36275
31805
95909
28702
35379
92770
67981
36247
2891
26380
81576
62448
83865
13827
82178
65765
3113
89892
22479
96889
97590
1609
92915
6736
1198
55020
16736
61749
13495
81489
59587
14746
88021
47527
26424
10244
43251
6513
17831
16427
72032
75179
47046
79906
47380
98750
22769
40800
18951
62248
75173
3459
96178
17041
26809
65016
64968
49651
97047
59349
91113
67068
84648
45927
58077
7131
46872
40304
21865
3198
88993
89860
28640
99715
80296
10030
27631
56283
19705
16699
78891
96047
15422
1010
55185
44258
10004
94060
18799
77315
99950
42948
62812
12275
61222
21823
53938
49579
79777
12854
80120
51595
70930
73930
89737
26630
76130
69669
75240
56387
94873
17336
80918
2304
49893
92840
72866
15884
39908
88778
21278
29487
80877
91375
36060
14279
43387
8963
3926
96293
59633
88115
69932
28807
40575
8670
50158
67806
88949
55727
50145
12926
37052
39598
99668
1658
43069
98158
86432
97042
48127
81005
33388
97757
91049
6390
46603
76251
3141
55646
52296
39467
13044
49707
58203
34564
90045
60801
69958
40219
12931
7154
86446
96654
97600
47922
12131
96841
39688
40307
17357
77893
82506
90263
41480
93862
16469
18503
82533
72742
53131
32997
15507
16301
7330
19086
46326
64559
78521
21074
44631
67365
17114
49942
9548
75995
56870
54903
61689
25802
59134
21547
38288
1172
54274
67776
67774
67390
83805
95015
28572
48548
20859
51193
50641
84304
87564
19149
4551
34871
75342
12106
31825
44746
77434
78370
28368
58595
61886
40870
32248
50513
30427
46541
53040
38722
52367
10119
99541
51911
6708
47314
70937
1628
17426
27882
16874
19421
81408
74786
96326
51526
47974
33707
18924
24058
49239
16696
42357
86316
88908
57520
38602
49446
84277
35721
3158
88615
75100
25594
62552
39028
77944
64809
34082
56703
8579
62395
1345
47729
11455
84532
67327
62721
79536
34284
27377
31568
98920
36441
1377
56152
88295
86756
3952
79506
1990
50971
67600
80399
42366
28189
83699
71982
57311
97909
34960
33529
61669
38176
78844
96906
53284
1572
26372
67860
41265
95109
49903
56789
56629
54696
99247
49451
99016
66928
67247
7257
44553
94321
3239
75757
84265
40557
61105
60
33745
32121
30592
41457
81751
43165
75677
36549
28403
52447
49383
30860
53321
23663
55433
86190
49363
48799
21369
44826
36780
57852
11956
6423
96116
12362
74124
66299
37787
62507
39165
75192
25318
99704
68388
8207
14967
88695
9809
36998
64806
45970
93245
92909
98815
62337
88939
56541
65430
44173
73999
29242
77853
51748
30967
18710
58961
4814
99085
74975
20659
97445
81206
95624
30430
58042
69714
80743
60598
92175
81246
45604
53604
92491
32806
16441
97963
96659
37622
46215
31084
22534
31939
527
75219
77312
35415
72079
91083
1158
61523
5046
30940
49213
70033
91646
14327
16876
19957
68263
74257
64063
26560
47871
37105
84896
14129
50664
1094
29547
38072
87796
39678
86856
77089
95898
25213
12245
76553
59244
8312
16786
22410
8044
83376
68110
68797
56398
17163
67803
13288
15723
93408
25402
29462
31090
25391
89677
23594
82922
82809
78296
61573
10680
37133
91615
75334
63337
86430
82200
33783
99910
87410
5745
60396
53327
31252
68619
82211
43515
60032
24311
27822
54112
88243
10125
32493
75109
26330
26116
51746
88170
80268
27794
83527
18742
62788
47272
12517
96110
52748
5168
99297
98087
95139
93185
33122
69782
835
970
15479
55695
79399
97287
2357
52375
46550
19170
50543
416
23149
73482
43833
3027
58313
68186
56226
29259
96935
36697
83001
3013
42270
89920
53218
27535
78993
39278
9005
13948
21773
67163
91570
40438
67684
32393
30808
2291
72469
15584
35554
71136
23104
24527
24345
35362
48305
40819
1623
35951
40458
95885
10499
79748
11699
55585
1812
44387
52575
82280
63384
20689
58278
19154
78394
55048
82478
99371
68863
46607
52247
81808
86930
63962
30350
46188
49357
92188
39685
68587
40916
41823
7113
36440
21330
45775
85593
52006
13724
86048
69640
7770
47142
34080
20900
21042
8265
71161
37447
28223
13833
78149
76409
51252
29387
67195
83094
83123
29075
34776
34448
79097
33601
70656
57702
35756
92926
8456
23872
83646
95384
16131
61377
63103
9076
78845
81965
85369
46072
92930
16390
80939
36899
61472
97012
78615
23786
75717
56569
29927
78053
76675
15987
75860
45609
40004
42062
48552
21365
15572
37166
40193
10412
11003
18570
19996
83565
50169
98774
8699
35062
34104
30689
37392
52687
96615
51867
42111
93689
25470
34526
11774
77395
59528
23501
83213
94776
26507
89468
4693
45898
40704
40321
24203
19108
38275
69496
58437
62954
49188
33756
49518
48955
79625
52138
15396
85021
40204
73816
98472
98092
49038
95560
77452
59007
91352
78890
83696
18649
38645
36676
84270
18105
60206
83124
38546
28776
17466
6802
74091
91637
33978
61377
85614
29480
89551
87748
93087
50503
81744
32931
77833
50141
4938
32096
95290
92565
98073
67128
2685
99186
77945
32030
19455
20687
93114
46231
21646
53861
95437
40128
85526
79143
69901
11512
58328
37302
35275
21712
52305
57364
14522
67923
4502
4957
60312
96484
97165
13387
90765
37542
25683
77559
948
71806
29033
48229
18499
81863
66044
28544
63930
54820
3011
28190
40745
5801
84714
45827
33296
90185
6398
74587
653
32346
1286
43698
98689
94836
32000
44515
75686
91423
96156
35957
92288
99137
27628
18617
97886
76828
24050
40276
30500
30291
99802
57152
7697
18758
12278
10437
18158
14692
42596
64012
62343
51582
37438
92466
42039
21773
66538
38865
82600
58131
81569
29401
84736
11007
33692
93990
72249
89176
14599
47231
14729
23793
13592
94570
44282
92741
3625
36287
45626
39054
98223
74277
66832
92353
34189
4932
44136
98334
54053
7044
26964
37038
90355
72743
23245
28263
94177
15846
97270
26147
97185
26451
70121
21413
93878
55380
14797
88116
73549
85146
68501
49587
25551
96166
25066
87587
60522
83748
86111
11144
74206
94316
41276
85651
2206
73964
32314
7836
63771
76368
35568
745
24268
70036
13116
54691
72551
56808
55183
16630
92871
38521
42213
73687
16391
45572
76037
70372
99159
70555
95296
71996
86548
18858
14209
64976
95964
16503
82809
83916
11818
59316
65012
6165
64329
48842
4540
18701
95572
66361
47842
3566
59635
71373
10273
41203
36397
99533
95392
16879
15208
30242
3153
73669
86904
48121
81495
57425
52764
45318
23736
49618
45635
16718
84793
14997
70925
65803
49500
72709
72695
19744
54670
94039
64357
19619
35473
16466
2516
92272
39318
86737
34509
68024
90224
6162
3474
62354
23468
25765
59905
43581
11553
47303
11597
51871
33498
11117
52930
72017
39154
6643
31191
27917
37580
3251
76219
28625
21590
32938
29741
43349
94775
21892
72351
6928
7116
62942
93895
69556
82649
61713
11465
77842
68707
19106
79417
9752
25672
87924
42205
95170
40154
8569
79957
2273
13190
8504
2262
43289
49987
86444
19993
57855
94570
52626
44097
88742
7539
45573
82500
7719
96450
65985
45
45004
83348
78226
96083
93670
93308
94031
51233
15523
53950
44012
17765
18230
10053
61890
46172
3765
56116
899
40904
18798
69593
57954
98043
30467
44010
82515
27039
65077
79369
3400
28857
59408
78491
21413
55855
35407
11569
68222
441
6425
50097
29491
24049
79480
12668
30474
70737
33179
32878
30433
13700
39446
97042
86196
29580
59860
93918
77607
95537
69566
7919
41586
82950
85634
94885
57078
97498
81613
85003
20021
34401
42715
33087
37710
68395
92868
33901
50366
44365
52212
89271
821
13821
52840
23080
96341
80189
13166
37114
35141
60924
7432
20248
25120
7534
22408
45233
69116
64876
18916
95649
68392
44139
8240
5017
72867
16726
53245
6507
28424
62323
21848
66541
28197
58243
29262
76145
10093
43182
60927
23123
47615
2724
26777
43268
81012
12350
76141
20915
90728
64513
40177
93298
57359
57154
80523
18832
10254
94137
81571
50476
57151
66078
321
91620
5403
53705
50572
36336
77585
33662
57122
48172
92922
15326
24286
39749
51207
56542
50073
34393
15148
92
51909
63119
83368
21381
86616
28534
43546
44239
41703
44691
5045
28715
21346
81762
76664
20575
11602
84296
62005
26231
13759
17561
6160
58143
93554
49908
53001
12132
52803
17159
74849
90380
36547
72268
29004
66630
70586
26747
28136
1920
78933
46735
63013
9118
52283
67801
35412
84180
96741
34950
18536
82936
44032
52202
52254
12102
10464
68004
54700
59324
97402
92189
96076
64855
70951
11617
41671
87455
54371
35981
46101
55038
20089
43414
29248
28504
84505
66610
2540
13099
4060
26712
96335
45356
72954
35985
65007
2140
63657
59149
15820
81002
92154
65481
36323
58829
72234
34397
13965
81035
61150
80498
38549
78263
21515
53071
12862
1654
62025
29224
81762
37135
56590
84414
86714
91304
19327
90382
48018
95723
38765
66230
43570
74061
41543
25581
38274
85970
31141
47299
4632
27766
83065
5144
16646
71749
71472
56096
55080
54911
5154
14651
11881
27190
87891
77235
23952
59758
554
97562
71250
77384
57135
32495
44831
90074
78507
82287
94598
25650
10012
2028
81834
93642
44463
13194
51724
13307
42737
95739
18243
75284
59959
81194
48659
94687
66066
49726
42016
39885
74235
29884
67934
43536
95636
23638
84941
81316
37653
41216
53416
3529
86539
15071
18192
41951
66846
16637
3532
96174
29745
60198
38280
67750
80881
5324
42374
89156
4717
90226
88678
46975
65945
37049
99563
16582
99019
24818
53277
92376
6294
46925
55677
25235
61666
12890
2305
40975
96423
67919
56656
71596
9629
6672
16238
11871
2927
69903
44093
60242
92026
58565
19724
74615
90612
83384
30164
31771
33077
46525
60387
14528
59517
90413
98853
84413
65043
29481
95915
80546
60820
87243
40385
45307
16896
92796
86349
95570
31458
92207
57529
83123
48895
64965
72495
30032
32104
38541
11255
47289
73645
10464
49521
93879
48777
2853
76364
46147
55784
99516
78593
38360
67660
9023
15064
90794
86393
69972
79986
76468
69935
85003
2857
62603
23418
49138
86966
79083
38563
26981
17218
18325
89481
35262
11979
85409
6114
63651
57266
14593
49617
48077
78488
84982
57301
51588
99800
30285
73778
8764
11605
38642
90130
63092
63233
70317
19768
62117
68627
95618
56978
31895
16097
57901
88206
13769
62492
18751
74452
66468
53623
55264
33564
1990
2388
60667
25417
89971
72158
69295
31003
76006
99488
82951
24052
92492
94709
80072
6762
46700
88825
61512
14703
31733
88642
96593
2601
39603
78627
28782
17323
45106
71137
19465
77439
32410
32169
21667
63816
49921
32192
68086
15357
46164
30320
66631
57815
24230
15199
59305
61365
68559
48285
60277
84805
37625
52838
48309
18845
15036
8660
42899
99890
43016
7798
54415
57438
83882
23758
32387
79554
51630
91520
33031
27697
2156
18210
69350
33919
63980
47840
46155
64718
54882
5461
30898
59415
94588
32934
87401
80287
66122
11208
24550
79871
65073
39481
43547
96204
91199
62104
60815
69314
33006
98932
3989
81729
96546
61571
44649
23149
20588
27682
87970
43190
35331
20531
96873
96122
51627
68372
42208
94330
4916
80247
28380
44761
96144
97341
78607
63539
89995
634
8210
32402
9387
98618
64656
5172
31125
74326
95298
63131
1670
24844
9857
98562
81230
21509
31640
48631
7083
3759
97572
19019
91568
25147
21700
34162
48164
79696
70062
68125
94217
11814
95005
56678
71637
88447
27549
42934
14341
89073
13324
17201
13848
73732
23702
64285
59683
82845
86712
21217
36372
86292
13407
61328
7154
84747
37140
77700
29792
14648
83665
15069
79398
7678
74768
91801
73256
89034
64518
46226
49424
93238
57400
32489
40558
14280
26274
8571
97766
62628
92670
42287
70969
36595
50258
75290
4550
48707
26854
2335
60070
8904
76028
38444
337
98392
93694
33691
66749
21484
18131
29639
35898
17781
73988
67073
77106
69458
76183
15098
8483
75256
46256
82897
77942
96061
33497
93843
43059
6436
50860
45681
82375
27228
69272
83688
56650
96682
99959
60995
37611
37021
3852
80382
82282
16274
36939
99500
30777
17685
65692
42145
39004
60313
98201
66453
85668
90687
58967
82613
89060
94695
84578
77589
41434
14446
51026
9247
75961
39165
92026
52271
52196
80736
18698
82270
30740
48104
37754
73203
80141
22385
8268
4000
93639
60003
91092
2252
23562
54422
16069
21213
55185
79765
74606
37604
71032
73354
29029
50080
58624
83581
61711
24847
85133
97709
37076
79946
3610
99789
23409
48361
30934
88417
18905
91990
13487
3481
24811
70064
89538
93785
29786
80697
76614
4199
45431
42971
89218
72917
44358
23716
28643
68215
80857
79882
14886
75068
20475
66702
14085
96075
4375
31749
52531
75890
28552
10804
98620
58095
86767
76497
6373
57706
89947
12824
2545
79585
24975
85566
8694
17938
53528
6164
11210
46743
77115
94978
33709
92416
17796
76705
74276
19705
16051
95197
49505
6711
88673
75818
78238
61387
34146
48428
14887
89719
55847
84578
46241
22094
51457
59919
93500
42616
13034
59318
85373
4470
79046
19906
99558
55702
88468
62442
65350
63650
43970
73426
90501
35470
48527
18370
15880
55899
58283
29366
29237
34831
20259
5297
81921
68787
65685
45998
8074
95934
34300
64616
7332
50995
20533
94501
50859
81032
69871
38090
62674
41969
71964
48189
57774
4281
75832
2357
51274
94314
90392
20283
14897
33887
99478
73385
75419
26872
88158
4899
40532
62117
76745
52449
28740
16465
93310
19917
50786
4304
78966
75753
62487
76549
22742
87760
30109
48511
11509
85498
6208
49045
77020
75867
48574
43146
35148
4379
20448
44
32467
11314
33802
90591
13520
21478
8980
97658
49294
82885
75864
90544
90376
2007
78346
52679
90280
95992
2330
29082
6309
91832
81428
46683
73956
22532
96680
73461
43830
30807
15967
59547
80948
59023
58184
69445
72775
28069
39881
2213
30592
8694
50248
11337
99675
43789
99180
21940
53613
1344
36885
76584
14295
49041
40991
99530
78013
26568
50306
19227
94757
27395
53212
20655
42869
83964
38226
65107
55014
71019
87888
92988
77806
21121
37257
67099
24276
55580
46734
36879
15348
165
24608
59378
173
27281
47888
44197
248
64667
189
7800
57391
56876
90565
46790
88527
34570
55802
85034
88048
86189
49741
76708
26299
384
77165
10615
29177
34990
32211
16707
23868
60807
33528
52850
87336
77957
79616
77596
6403
53285
33895
5911
94889
8616
95447
13166
44373
61679
68983
8462
94413
29616
13977
57047
44852
77298
80168
86019
86719
3227
31406
83466
5002
73191
36500
21145
57460
41620
30212
2283
25703
32958
98023
24371
63695
27408
48435
21790
57305
158
1569
5763
22968
47092
31293
67909
88799
16661
9762
46525
6490
48191
22074
94813
44130
64352
69601
40476
93143
16946
39625
16830
75269
68739
46222
8716
13180
10107
46917
47306
67137
64113
29662
28278
39026
44361
7042
14884
58640
73045
76341
52253
47714
9463
77532
29747
60769
51916
55426
64345
77716
97893
2724
98107
41647
59123
46382
21868
80469
70131
58250
1048
20740
74161
85204
34326
39248
20650
31736
26871
83181
98104
39545
44337
47470
60901
39744
27462
18728
92085
53064
51669
94713
29116
7359
29599
75630
56568
73941
98748
13913
42742
54413
8279
72904
60350
76061
77515
85578
39567
69170
4308
5107
6826
83805
47224
74633
37339
66492
11458
72959
92001
27517
41452
69222
13914
35417
28567
33948
79266
61345
561
21145
94634
85633
75837
90342
41738
55567
21101
13707
98401
27206
78316
22902
31466
98403
5889
73918
40
95535
87617
13173
9771
75247
63744
777
6515
29845
85617
80143
67503
86969
27782
44948
34271
57962
94873
3735
67797
5083
76141
39263
52290
87912
20233
42352
33033
14955
14188
12204
41263
78652
48974
90309
65564
36169
25116
64829
78648
48316
96613
21547
75121
16332
95976
79931
79832
84909
14475
96449
26868
68423
43993
8822
72505
78448
89741
52040
57784
38595
44480
32740
64377
25806
63983
84043
60517
71073
7173
57768
81340
58878
96589
54034
27479
65121
90648
17569
14200
30214
79143
11322
2944
37860
37117
49642
20284
72558
82405
7815
41890
34370
64695
90644
91692
15607
40304
30787
87655
68338
51888
38198
28043
34449
81172
86533
4643
7022
97828
38134
89031
47170
90659
25115
61648
11771
56734
51604
84164
28238
21056
22565
8952
62857
27123
91868
17264
87155
13290
79236
11210
1619
72264
82018
62685
3575
31370
74945
67639
51642
92417
58951
43615
90965
47641
42693
59461
6346
49037
86715
51835
51972
78590
90608
27787
5900
13676
85903
29646
66363
16271
14203
21139
40433
88127
18819
41078
2940
5083
98024
1979
29397
83416
53463
62131
25874
20632
45068
76460
65744
50117
86319
4146
55519
95809
16452
96534
48144
96324
78146
7868
43740
8266
84026
95867
35658
97862
64627
87931
52643
62620
67132
37255
74216
70609
25003
4358
73115
24665
6406
69902
11272
52556
4351
58345
71825
51395
81715
88659
25672
63540
5063
61414
25138
1243
72609
6951
17363
67057
76750
84129
62184
80066
86317
138
50961
99068
44247
44745
28039
87691
33444
52411
23351
73983
73672
89998
10712
86433
62553
46289
96461
42797
66199
21750
90658
5539
68541
71846
57747
51968
73906
67075
40831
24925
45921
89623
46011
61919
63510
64091
48444
30156
52820
5137
88969
81184
46127
56290
68190
27532
41699
38748
81197
71607
27047
37023
58950
52714
30147
11431
76118
67442
20777
19746
7672
34733
65952
19018
12048
26114
31862
24443
86013
14982
86829
84907
70635
95826
11015
80266
88825
43736
84702
73756
17807
29216
69462
67116
69946
1630
97256
50736
45113
26222
15108
42305
89153
17579
97611
92024
12204
24534
29316
41077
9357
8904
61027
99537
86986
13296
19554
85944
46926
41853
64589
85470
90760
37799
11109
34636
6752
34475
44665
96143
60536
20763
35798
37899
86193
80612
75862
43140
88658
21958
6244
89260
81131
22713
14684
45600
81563
54788
12597
40091
42258
8693
34559
68110
66192
93063
69055
24345
61238
704
98897
59207
16083
36904
87061
93917
1599
46734
85521
75439
62199
44972
9085
98924
2288
24289
97853
72102
16320
33673
28008
20790
7339
13994
94299
73955
4170
39497
10016
76711
13793
18638
44795
27051
51470
48034
82253
648
4498
97440
88999
33812
47430
78101
56445
14782
63535
51199
39782
79673
9894
54957
61504
28575
30074
80798
84385
93487
23554
34164
9215
84465
72704
88887
50854
22407
7205
64518
24003
40443
81927
98531
73545
48333
1278
57333
89831
64193
64760
33154
1492
46332
26794
94428
85329
84696
96585
14536
65704
47049
87707
23719
97529
184
99580
59156
93089
97139
23401
78850
73484
18516
78608
73379
23929
89281
29358
95131
38182
46954
78375
58700
39398
14463
90328
55721
83581
40736
67267
49272
37947
46414
96570
99662
79147
46299
89089
88570
14148
1126
36383
54633
91819
8838
65073
66263
75105
97201
33101
82708
18168
82537
27007
96688
30892
2408
26083
46396
36137
84493
18943
14272
95072
99741
2765
30057
85655
64555
99294
26044
66619
23406
6929
29075
50635
65786
66234
4477
69405
12233
63521
47754
77560
21913
20960
74526
30267
33963
91807
84546
68400
6672
77291
62225
79986
8944
10970
89501
59101
38653
23869
50327
21083
87899
19288
50640
64097
98124
25564
51148
13771
78711
74422
25850
21483
93515
48109
55019
79348
15630
33221
27468
40530
99877
59115
8253
94978
27983
11199
92012
10737
67726
85922
89947
42603
23131
62455
53847
13704
99024
52685
96887
59853
34009
12928
30670
42864
73206
57674
49293
73352
77426
78836
24750
43434
44585
80278
77495
43658
12431
9538
98730
56174
58036
33510
73524
19514
21246
12341
59851
22419
37627
75334
94074
48813
95120
20298
86046
58514
47859
21200
28924
5891
68278
87714
94276
78761
52484
47650
86632
38924
16163
13379
12510
74577
16534
20108
35807
25470
77277
1516
20864
21618
4356
61873
22151
33633
35215
81454
45775
68849
50080
20019
88737
70915
10796
29890
78914
92797
70878
32666
54824
50838
46150
15407
8627
70541
29121
46462
25296
62311
72253
99891
82122
11394
49666
17525
32373
73118
48481
59576
89073
67806
88726
35632
15446
7468
71631
17902
16359
5737
88379
15571
59019
59923
71010
62739
19476
17794
97047
52835
76568
23061
43315
9072
68639
19578
63442
18278
19600
61664
34122
45508
12831
76571
29357
63640
55210
46072
18551
40428
65929
46846
80524
8534
96852
32282
92084
94590
27752
59520
87918
6490
68094
18513
5313
98922
24269
3278
95148
38132
77236
33037
66309
8187
71417
14077
85710
10524
20373
12959
74364
22411
23392
37713
88502
83414
3417
74403
18912
59339
96985
9486
89914
64277
94442
79697
98600
41896
58203
92366
69598
48803
93368
78613
13685
67924
73202
8205
88031
57288
42031
70839
14083
5634
25972
5909
11141
68926
70932
30231
46718
48281
32427
77271
55529
54812
47123
57622
9208
93251
57346
39066
27076
89503
30044
32464
10111
22972
22860
11926
97407
93739
92438
62065
26403
62984
24273
55701
14306
9830
10808
63085
87806
15212
54061
74785
59386
6538
38744
19396
51876
89183
74192
22236
41110
47983
91717
79093
90037
32730
61117
76015
57567
65125
56100
6543
77797
40504
33212
13935
3206
43109
72826
467
35988
88594
17856
58808
3446
19612
54692
17849
95249
2110
73730
86310
45736
7354
11329
15048
55278
20177
72973
63136
81842
88293
5468
32263
28964
21405
53032
10007
15712
285
16304
34016
20189
56596
7148
79005
43990
76624
22931
59170
72732
72024
42254
89684
79752
53355
35749
13906
48742
25469
85335
36935
68143
77827
63537
86132
31142
47089
15236
22191
7384
25890
76051
31485
54039
15604
61743
61458
54434
26907
22410
6363
66175
39751
15283
74524
76443
23242
75143
20056
48338
18891
19506
78949
25583
36363
87013
99890
61933
54794
8265
50218
78081
32139
8405
91542
72840
81121
14304
75033
22664
64018
84349
14749
98500
87284
27628
10174
28004
1422
11508
74012
63018
10820
36012
93585
54307
14156
4433
53074
40035
45471
3733
57235
26037
61294
44627
26350
38819
2719
38074
32498
72344
45756
56092
51231
20038
39984
16822
67587
90932
30836
15487
58295
43933
86677
23481
11686
20120
85708
3065
19069
15090
45435
97028
60299
30478
61203
72383
57365
29259
26549
17439
53632
18711
12710
55377
18609
23817
73279
39707
85058
74563
65625
20496
97486
15342
49317
21346
47493
60016
22168
78150
84973
69128
46186
95557
76439
93852
25553
87434
75395
669
28695
4702
74565
80828
98386
45351
70598
53881
76779
85256
51774
46538
62591
20109
48891
91092
7922
53100
21588
58305
64918
62849
86858
12438
194
31432
74337
44690
29087
14868
52438
84946
82836
19456
82441
25071
37119
72746
26387
84926
99917
18501
1489
52287
90069
87520
75667
23108
27151
9012
29805
77630
34045
16594
36619
92412
25437
99960
24614
66528
33529
8761
40370
71159
93921
70551
2879
59656
80478
80124
45587
77853
89815
50166
40668
56242
94697
49541
60632
68721
91327
29579
63070
31229
91209
57192
57945
42379
85373
33186
42133
96071
6610
8843
62549
52936
32990
12242
17125
69209
93212
64197
3583
60118
44778
93351
63660
70880
56705
220
32160
35186
79129
93734
15433
22738
90108
83919
9587
75355
30456
36330
89734
34430
77200
48849
64704
77214
57138
64870
69379
33135
35662
60359
38893
91576
83662
22186
98570
38480
50071
25234
32869
30267
60074
54746
69670
11823
21432
56724
49888
40869
89022
83976
57805
85172
71464
76571
38665
48900
49387
45973
18184
57509
89891
78748
21784
59361
23187
91049
6868
78577
71051
25018
45595
28807
48549
44411
65139
19623
3478
87167
36710
36638
96384
98512
40651
33727
62839
66528
97076
55466
12011
84598
1891
41466
88183
16286
12569
33647
96031
89665
64382
89149
92071
37824
17734
57140
78723
69361
60741
70516
69049
36349
18150
10822
14336
64763
79587
19034
60985
1157
72152
8583
61179
40075
46011
1902
40958
7757
14756
20098
55927
84603
12288
59896
3984
72369
90469
51643
524
11957
53377
17553
96144
79393
78506
79217
11433
58363
17846
5899
18750
58411
22229
34263
20967
35644
62239
16847
59769
57810
20076
52215
14844
47859
89644
54884
97110
25926
89251
2400
44088
22615
41428
91062
29046
82145
26692
39603
89425
39296
97690
63602
25034
26985
17690
55833
95187
62642
28919
48622
4382
61364
33262
8250
22326
67224
46023
57662
78461
36029
85880
36928
1478
87572
54144
6012
76460
74587
1943
70093
40825
21665
23715
53274
33799
1067
57378
39038
31228
89637
38818
89817
59685
35346
95377
6456
4659
45958
4196
36286
98593
18799
25637
25485
21177
38580
61539
15931
67817
20987
69819
51952
15973
68669
65157
35852
94714
15222
39109
56182
39464
54466
65530
65239
94202
18010
1884
78868
73518
9889
8895
95143
24902
22039
91078
36855
85834
87707
49753
34212
19419
46758
95807
42738
53010
63407
84435
55937
54779
699
26728
41799
23006
45151
41512
12910
79905
62762
61251
75185
74950
96184
71662
33446
22708
5567
58955
77297
9639
21004
12711
48135
30324
1140
21337
77880
37616
10367
11160
92418
26742
76379
46218
60254
56277
63664
65778
85861
11647
49338
1195
77750
34653
13501
69689
24521
35743
72180
74782
41386
51009
39710
674
1853
49185
7330
65995
75197
27729
3100
37254
39189
86738
12895
85113
29215
15293
34392
47709
13139
65345
28940
10187
36534
74407
81040
86399
11541
43280
46253
94767
58430
51352
20339
5450
17962
26553
17855
97327
65686
35905
50034
270
37412
80249
26228
54853
14726
79302
21185
53508
26196
93445
36097
42593
86
20957
38785
21241
43537
37043
44492
16850
77623
87243
14104
99225
1164
74059
67776
69894
71410
88780
76306
26135
78943
87450
53207
39864
32859
11056
92521
25146
85477
69945
23492
25449
134
36879
27503
96459
58408
46892
98455
73528
29486
19090
80266
47673
31023
64644
59225
74391
55273
92949
3823
49960
10059
17081
24523
13182
14499
65245
54281
71498
35402
65435
76852
63615
93088
41390
75302
94316
44467
85306
65441
90594
680
32049
91086
48309
59823
28520
99736
24912
28489
91056
93648
81652
75431
16350
81461
56849
78486
29309
98882
71867
44888
20297
60263
31975
80436
11879
34482
86795
33394
78181
13740
71828
17706
33404
69859
82394
74409
15785
88528
29361
4964
61601
65556
59524
41642
27022
50051
65854
11993
54642
10026
92329
10182
53570
25719
29570
74609
24093
99141
86923
32610
8951
13651
19896
5163
71121
3007
54357
15750
58483
2577
42461
55128
28038
64709
37696
43860
11746
68696
65754
59528
9722
79381
35549
92768
77414
9209
22037
23870
69374
92451
61697
67749
21745
93868
13246
60315
3633
53947
90252
21622
59147
30816
74724
74230
32852
38049
55191
69635
23807
33277
11331
84468
22875
50821
89592
56919
13988
67207
47968
82099
55074
82336
82345
67029
36977
40935
26994
40138
47108
22104
43715
78981
28303
357
86438
94550
57941
68622
65239
76653
23672
77196
45589
60626
90837
79022
76008
22114
59055
6556
61005
6558
13271
13358
70532
62949
31270
11040
63302
52727
91228
36518
84056
17642
53141
50617
13511
10075
36735
21783
29498
78445
69047
8945
38102
78344
4263
32795
40533
82284
87028
88035
82031
23009
4332
6197
68156
87939
25189
67124
67081
57538
35728
17668
76373
36034
54695
78941
28504
61006
81662
58059
96398
61092
31060
68536
80097
87550
15628
29012
70219
98652
63232
2424
96556
62583
61785
47840
88539
64916
32268
22010
311
23717
58810
91271
14213
92280
3886
5701
28262
52044
4316
45909
90454
76106
54481
94783
88570
36053
40096
35465
90879
59833
80427
72571
41152
9571
32677
4321
62165
78253
45320
15777
83812
31289
35002
9002
71341
14062
29881
45356
45238
85108
40632
64333
43020
60690
40393
52998
71420
85888
70655
68863
67352
68285
47049
94458
86714
23443
84545
69093
94983
71025
87547
8443
12301
86427
77571
47332
50387
13234
76607
19866
36490
10759
65398
4338
8063
31275
98992
4907
28737
7175
39348
29277
43221
33258
21639
16927
46463
68265
61796
494
4953
12279
20056
47220
55929
17373
42729
93788
43908
30663
53074
38614
88349
80375
64610
61680
50713
97446
1807
84838
21687
41341
8019
19323
10853
50957
24829
98635
73036
12038
99560
5639
87516
67331
36901
24663
74920
47518
54816
3122
7812
25321
84406
62041
34173
8064
47581
40111
38850
89658
44054
65090
11149
35772
47009
64558
79123
89406
65364
51554
25300
82750
60530
4457
83844
58155
56445
64546
84078
11247
31206
66450
3610
9388
95377
7277
11864
6020
36282
6782
58357
78698
1858
34217
23379
13934
78408
76238
40234
22896
80979
14350
25212
9965
14844
43004
96828
70257
59125
57580
39130
7930
3173
69041
1068
44775
34776
54392
59063
94156
92691
30012
81500
96702
3605
35288
48719
59018
72069
29562
86477
22329
26672
47581
90322
65732
7909
59154
65796
34110
65480
19829
5699
63905
91198
26220
44398
91693
92761
77641
70488
46728
16555
52452
42742
61731
98281
43644
82410
59525
36671
28202
41280
53721
30164
71190
41550
16533
23094
10979
84164
90324
24431
59145
38250
52295
47741
30040
70653
47822
86716
83770
99261
21896
743
80568
81972
85931
31624
97732
84758
5588
56167
50383
88181
92512
39622
27903
82952
20687
79229
17403
20735
70669
23608
49836
92639
1314
86378
34721
34797
6740
8653
23264
2831
8821
52996
79030
32224
53138
72009
26297
28900
62671
31880
4147
21977
48098
79805
14877
2110
85688
35925
50783
52739
96530
74036
71114
97220
78957
16130
27196
17548
76223
40020
1694
89902
72811
57802
45094
21794
64286
64854
20813
72847
13711
74204
34547
20269
19681
27744
49253
81905
71296
7411
48933
77095
96898
52873
64150
18942
60242
92804
47310
53475
75930
12491
1255
32587
92758
92630
12964
78103
26169
27931
86146
73314
70230
13192
91984
61543
41305
7802
70591
9602
63352
57350
97035
72941
28083
61605
39737
82440
57397
70763
13760
90861
44510
95390
85408
19838
43058
15939
37294
958
66066
89082
37086
54149
64729
86276
86264
17056
73124
95601
45713
91850
62708
86234
22824
86745
39284
13589
54678
55684
97156
20571
77236
80415
11228
90511
13635
48831
78475
56993
31420
71388
36404
28947
64176
34875
34699
3969
90939
92791
95744
21861
89570
83810
22535
81231
14534
63368
69035
94346
58968
33987
93372
34414
16937
36664
18487
4198
53647
43017
47189
22276
59271
65769
24510
75475
8837
32486
65299
92395
77042
15789
10213
48090
12826
17533
91520
23013
49750
94195
73888
11891
20617
10200
19552
11879
93834
16075
45991
5179
8391
54212
36380
18683
95038
21706
36224
83901
71250
68695
18382
82855
28446
59111
81015
57162
10599
71671
16710
60654
20079
71673
34389
32799
26311
95412
99455
3681
62969
11544
18451
96999
58513
10363
65951
32232
88615
10576
30042
95969
11184
55405
37358
51858
37796
78084
94264
44930
18634
82728
6625
93167
28342
30851
88637
85845
59704
17794
9120
68356
15747
68613
18138
43738
87965
19617
19251
58320
35467
6037
74247
92704
98128
42247
14351
49693
4085
29081
86170
97413
14052
97692
78226
9794
7143
80275
56199
40537
74060
54592
26035
4297
23426
6649
2885
90585
57597
84803
41810
17096
47396
42199
30624
9594
5621
79387
35751
4040
98486
49599
40934
59316
55176
13247
72135
40063
10758
98627
27654
53570
99788
42987
69486
56130
45270
45744
4175
93466
93725
95710
79678
8869
4108
90125
834
27100
14955
44002
99704
87333
19862
90805
49810
73406
48110
80112
45513
26813
22468
57753
24901
19918
48859
61928
48851
37099
26210
13104
72690
26247
58360
48606
60208
48150
16308
23641
9990
81769
97470
69324
40266
41005
94457
50025
27309
65537
83372
70092
60293
68533
5013
11525
69125
910
98762
50860
38485
52898
10626
35117
60989
46557
8133
60960
64148
79849
99791
16989
66046
74187
85904
20929
68724
52761
76059
85173
50826
34405
6749
32855
36768
49783
42631
60701
54235
8573
68220
66038
97115
5050
94768
23435
36079
68006
53167
52671
91996
75207
12310
6223
57202
53639
3365
68486
84247
42451
25118
68791
89218
8895
1114
36532
13836
15078
93079
1115
54641
20115
52572
99834
47542
38839
85128
41970
57549
92464
40278
11816
79385
21613
21101
65919
52657
80023
36546
25648
31956
97588
23069
82249
39950
32012
27693
32734
10333
67345
83479
15559
99847
42662
57249
38431
30802
69943
62501
29927
98961
18425
58603
32652
21859
23777
20251
30241
26119
53268
66149
7630
6379
55218
88139
34569
59536
81285
93754
52108
30113
42034
95765
59432
63374
17042
90707
83730
23782
76975
6530
80259
90738
49468
6460
37080
67704
93341
50133
30733
5709
31836
90032
5904
10190
10032
48347
95702
68229
74090
75525
61954
11977
50811
42167
49533
2055
76374
84965
8703
58945
56209
64605
17508
24189
17906
23352
49208
56119
6623
12344
68630
73716
92619
78719
97998
74730
29514
64767
38686
73384
31676
16104
34088
12125
29851
25196
27779
2260
48163
88526
85482
25305
53050
86257
53921
97875
81414
115
62571
74193
54549
86208
32306
36840
8994
79453
24896
20602
64914
18358
84752
80720
70134
10249
86754
22211
46425
9145
37182
7666
53334
37359
80049
11618
4438
28644
97625
52346
53248
51790
20143
15087
11037
10459
56981
72573
79235
13507
27495
25548
6475
10418
50317
57698
27
55643
19438
8837
64675
93748
95198
82916
52558
62768
39174
46457
80844
17356
12442
73276
60098
26735
39241
50767
95719
50582
62136
55794
41850
753
82111
1111
11594
78151
69493
1208
50358
9350
98369
54979
17938
42163
77233
72920
21614
75339
50401
14299
49359
98476
23709
84121
672
99105
87688
16013
35515
2232
96588
57660
60913
69071
34824
70739
40374
17773
81264
94667
83959
97729
30555
9707
52517
71703
72531
60248
14109
55063
31000
99709
58809
64540
53717
9344
75106
58497
79975
75382
24341
22849
87044
2785
26897
90763
99338
13540
14909
67985
5235
8820
47497
93720
5200
17643
21401
98483
77282
41944
68529
6057
24889
29764
29849
19332
66592
26252
46153
26074
14550
10798
51072
29264
55243
23808
14001
57880
52161
78251
76430
63507
70561
97784
28294
138
92148
12683
97119
91464
66838
12996
19827
81283
38444
53042
64790
80895
8010
97921
3905
33711
31425
75755
27749
66737
71258
10918
7404
53236
3640
50765
48959
33173
77114
19176
20020
77571
56785
55768
87645
24646
58813
60960
66923
12770
89427
67316
52229
39870
68147
52036
89330
5435
47595
98770
16206
71257
46116
38610
99798
17911
37035
66463
19990
21647
20955
33533
61033
56572
88531
91109
85349
9570
50995
22340
85179
2487
42214
29654
36510
36542
87775
96696
50241
79893
26832
18044
51140
60738
20365
10893
34469
6367
81992
74537
77923
30837
48470
81035
7287
42817
98437
4948
40204
37670
61925
21049
8357
50769
46236
96776
53078
5572
26706
70331
93131
15332
59133
47363
73382
34579
77578
57626
79024
25587
82384
31415
11907
56866
53689
21122
49864
57942
76748
33690
17215
42377
17455
53976
46696
67043
70878
15784
93592
18693
17766
44170
497
89739
88466
91689
51183
3588
44876
90169
31571
92873
80502
10778
46592
98175
70382
9693
94650
57120
52920
52274
68172
89951
91779
88885
89552
51850
14140
20558
65256
40127
69700
90815
5043
16395
45238
79156
33455
29523
35086
24768
32401
71222
12485
57528
61039
73695
28521
40960
84915
11755
15975
92652
55798
72981
49947
33548
55431
13009
86903
24145
8945
71059
29270
84670
39595
43105
92961
99842
68399
33756
5900
28447
95537
74885
91764
32243
60449
84867
88216
65790
1158
40496
39988
90909
42584
50132
63305
24310
27922
64058
78959
15226
89004
24848
28508
59972
71347
82827
10576
32261
78052
84748
24210
37408
20254
89655
95142
30679
5019
55460
30610
35158
66121
84984
55339
53581
2307
75920
59361
8657
80401
19041
92391
62579
96886
33251
33050
59042
4382
84754
80686
89855
72468
17298
628
96376
19952
18363
15488
75398
13670
69436
8430
5911
40840
27006
79453
43417
32336
14307
24258
79175
69592
15828
67217
62963
64630
61658
52732
33600
8424
42190
66607
11754
85784
37565
64953
4057
92035
67016
156
65483
65516
20354
88719
19559
93050
72385
47186
77054
98316
29321
93751
94193
41733
178
71925
13566
4946
57796
65634
52931
66919
7927
37808
22640
77599
94693
73292
97821
6922
44275
6083
27362
7224
38756
29387
32442
84343
88276
35820
85438
83726
54848
86235
92659
72013
24462
78599
99841
56542
35657
4911
70833
43251
52749
56495
92712
11572
36464
51589
79926
76799
98905
56654
89298
55640
89648
8129
91028
3353
81519
20852
52939
79616
48050
84580
39338
99788
57331
56517
1193
98051
20406
56686
10059
73918
60343
47295
52355
63618
66781
25081
61112
38915
72261
52209
28093
26887
35520
5775
13589
24684
14681
71643
26103
35006
42529
59759
4458
1960
82616
23999
859
75917
89913
11857
97366
33599
27002
13121
32367
49209
47070
93634
59243
15858
21370
61331
63163
37440
96986
51643
69315
17192
21147
22821
87146
11294
84752
78242
39450
63157
75258
19550
37879
61189
93255
30395
50392
94460
28893
19044
6359
28333
47560
79395
18598
36838
95732
72393
52190
97241
89031
12481
71101
47129
39461
176
3273
41602
51964
5066
88871
50215
74890
41541
7429
5890
27177
55532
52073
41041
49304
96033
71568
4330
22367
75226
68452
90558
33100
61381
36155
4936
36817
64808
12814
46881
49711
78763
18513
51377
78006
33444
29761
94480
32457
63572
20799
58708
25147
55263
57962
7052
18202
15704
27875
88880
56580
13036
76431
5389
33451
64215
55133
65497
25137
29413
55728
15975
82688
74380
9995
93370
38174
65303
20630
69163
73208
54406
54868
99904
16123
57025
90223
6617
82863
60435
56119
44045
60438
14571
52005
84981
47109
50545
45410
23973
197
60294
51404
41467
18371
37870
12909
73068
6850
50187
44057
89220
99188
86294
68900
25145
68396
2006
37611
59136
30548
62848
93371
12247
95876
34861
96939
61722
13
54640
75559
22764
11459
21525
5807
32660
66264
38337
83449
1827
846
26849
92749
10647
90960
11580
7411
39471
21543
56475
52312
9680
66760
31608
72581
88962
36635
95495
76765
34550
97456
26364
45926
56782
50015
71955
30517
22618
84364
97293
22913
97631
50573
92680
13722
31173
62719
4330
5984
89026
25670
65984
76578
70898
92801
3484
79662
14168
95429
88174
394
15976
10587
11914
36031
2279
7197
25157
51414
72003
54802
21775
34471
571
82498
85755
27812
51461
97687
53491
4237
39342
87030
656
72147
46414
97400
81176
88031
94811
5650
43924
53095
58114
9350
44336
6981
44178
17623
32857
15018
32404
25150
84576
99217
92744
16262
34422
79443
3226
41935
45959
18725
82923
7985
98213
36408
85166
41055
80131
84633
12362
49394
44780
63724
700
6344
5816
83590
39655
69570
71511
52855
55935
83471
56441
11971
72035
15297
16460
42667
97928
56746
94975
22512
72937
99044
13535
28266
30968
54618
50471
76329
92588
67659
65753
75195
65205
47129
56761
76275
45995
47006
35758
85745
12208
19493
40887
67355
69136
36379
87004
58071
36569
48975
2720
23318
63598
68701
53480
88342
62863
38526
23676
23062
42596
91202
47069
95193
62041
21518
20004
5273
52427
29551
91949
27959
19825
15298
77988
34676
43293
20428
54955
30861
14827
23139
65922
63389
10863
63958
10082
69318
72777
45933
32546
14905
76496
66211
45033
91284
55417
34208
1437
47989
35514
47078
64245
6783
60983
51433
21772
70002
54282
48230
34226
6092
94732
73254
48673
46398
29118
89412
36485
24679
5282
870
80828
67755
58059
78209
32801
60177
84207
99791
13274
28944
73824
37440
26985
24140
19941
62335
16103
30188
96434
38243
53067
43987
88006
76436
94269
19326
1915
92085
48234
15446
68698
62428
67545
50898
75284
36250
58377
78886
69703
70171
84486
93016
79828
30961
36105
15447
55347
49018
85624
25505
61752
90730
23047
50034
74339
72185
65307
12974
60752
16965
71606
49857
64089
71180
49685
25043
5004
24475
60927
14027
96327
59232
88636
62808
237
6576
67601
35875
94248
8513
52307
643
67707
26130
21071
832
45277
86373
94583
11009
51462
39331
2251
22956
3061
12995
95771
3996
59490
62528
42462
1407
39353
81428
1465
8665
86753
87273
7805
85424
64152
55013
85113
54179
7544
70259
37009
1665
57723
84815
28725
84086
50730
12361
64743
27596
33002
75181
17858
41568
26593
37790
88822
47575
28999
39575
70354
75971
5155
67167
70191
41774
54324
29606
25132
7439
86226
12266
63915
27619
94848
15096
48698
8400
15406
77733
44624
25553
36593
96321
99475
44331
94418
93828
46172
20728
30023
94915
56576
56118
93458
20608
38493
18638
41399
12098
63165
32389
57509
45517
83300
71004
49258
96717
41034
48975
72621
44053
19755
75630
53997
81155
44125
78252
23473
6145
3674
15219
48171
3114
65899
95257
24722
47185
98665
20613
65382
52919
77498
61858
22148
14915
83627
5597
98298
56855
55661
40794
581
81260
84198
86408
73761
72673
97938
93857
8295
93573
84847
61869
92078
53174
20717
23552
64296
84312
37127
80375
20303
78630
55787
72971
42120
37797
27347
15228
70495
38760
21632
3654
50942
75769
81100
37771
26838
11494
96089
85604
43536
6125
50128
3058
46545
53327
61101
48579
46655
58199
46083
16413
56280
64897
33968
34156
65111
61637
71946
5317
81957
92271
57698
25808
74612
72815
40655
65361
77445
25176
11637
51382
70258
76323
17680
67005
74916
4190
22095
71624
34583
11773
75842
94973
99772
62998
77258
32085
37445
35758
27514
5339
41288
75506
53841
74805
72177
96282
74588
14422
11129
96995
45781
90710
55370
78035
8926
83645
53992
16242
98505
53150
6719
17758
36659
45507
8305
52503
71426
88066
89977
37263
57874
47809
56820
83998
71419
90678
64592
60566
68421
42991
76844
25236
75266
74887
53318
7802
31471
16748
51758
82199
17106
38959
4119
85988
50420
64417
25132
85686
4342
67259
13244
7451
86180
97760
78154
14351
12674
70167
9184
77131
74764
70647
27046
84411
64479
68165
50089
24181
77747
40829
14897
12702
52189
70430
51213
82302
8509
8186
91075
9881
11921
36168
14483
52176
37257
27285
83620
80529
98820
74269
39618
48557
24986
81422
79423
4196
41142
60605
96286
61743
72940
73742
49177
65646
35698
94854
26434
79644
89276
54298
50960
12193
61757
84042
56494
19431
62470
70835
34074
12021
76804
49806
449
1239
31792
97188
12939
7617
4286
71878
84569
35052
17072
63326
66706
8387
89703
7759
55403
11849
33347
42538
92850
59037
68604
13804
53318
8248
71541
19502
52200
98734
49472
21005
3603
96050
57024
25586
90045
27578
3008
36382
46454
89558
11763
53632
46419
97327
27169
48938
94872
9368
4201
36142
17185
55689
69062
76665
94491
10253
62746
88185
43891
69265
76036
37753
61490
91624
46826
89081
23777
44703
15832
64184
87746
65939
6109
26694
35083
67245
11634
97259
13598
25332
62469
74292
22240
92831
85127
58796
46937
16085
41149
34200
48718
51192
97801
52723
66120
24674
50599
32540
38336
92088
31173
44671
67403
78298
17954
82477
27336
24183
56285
2222
62504
31661
46818
82298
90411
97950
34462
55847
24618
26439
5750
38951
99848
95125
36786
27007
12294
56626
27919
36542
67128
36094
39829
58093
34025
73299
72555
71442
82110
41140
43832
69401
76391
54422
13055
84279
16252
42633
79442
50721
78456
27803
93487
94804
32276
20970
9940
2968
55729
5973
22274
48638
5825
63556
56709
76045
12834
99825
15576
25419
19332
49015
34266
28390
23435
39400
52819
21170
53700
7507
55570
41461
87444
4821
40201
29309
58082
31572
78639
76621
63914
7652
41733
34902
25119
7085
282
25749
97938
57479
77132
27372
21082
32334
86687
76926
82213
43026
19957
77990
43742
64100
22654
3768
22473
63079
88296
77853
41136
68266
38041
15850
97722
91443
81837
67667
7546
48615
24884
18047
9830
35398
60115
99542
10333
87160
65197
49074
270
93920
44117
95072
10755
37469
67796
76495
69209
46414
14022
85233
20576
70082
48239
88453
86899
99879
4255
60965
49141
64356
73180
92217
35972
55225
72300
17095
31407
75996
98438
80334
3184
19080
2376
39537
54357
52624
80422
34547
40808
14756
40317
75350
71499
1062
41007
90070
4473
71509
95339
9094
81789
86428
89666
8614
13517
73027
56373
69671
22096
69756
43608
56012
17957
86228
96125
40671
89056
14054
16993
85434
26490
83611
67919
20778
2262
79877
78977
35623
18780
98591
23234
52714
11927
67323
10791
95400
48623
15660
32453
82957
45056
75072
73603
2328
53259
14176
31200
69376
7503
92037
77249
99177
59563
16208
98650
22109
50308
39925
11619
25901
25953
50823
91831
45595
33925
40796
50593
62454
88110
13729
37106
95567
59776
14121
9626
83669
12561
18988
14966
71429
83542
99372
50022
8227
82076
16946
71514
39167
82754
98136
23292
98559
26999
87378
7118
41214
83210
38676
20330
41995
66644
23809
60444
39618
34670
90493
49107
97144
86154
15246
37060
45451
59188
21991
14949
80533
95758
14179
2266
90365
36068
14719
82799
86848
83208
91488
62405
62835
56365
30461
20323
59032
84345
80290
70060
92975
45447
46569
20252
11872
49741
14334
55480
15706
52574
23730
30549
61062
32356
14452
69755
60817
11237
39684
78625
31756
19199
33492
52960
14169
78893
89282
14701
97845
89632
70080
43599
51073
35017
35421
1129
4345
24052
46873
70801
4746
75960
6491
32474
13444
7459
61726
20410
72352
50941
69246
7289
94549
67546
65568
21195
38910
56360
44607
54024
69931
72974
66073
60612
6512
34284
17004
76066
51629
11883
3496
19635
8947
32250
23229
34677
25269
72173
46417
89873
97857
62439
24644
11878
98339
52837
49897
67374
80248
41124
76168
15739
63738
68503
62716
55554
47125
85576
25459
54875
77434
68187
58858
45577
89966
30483
53091
89731
56966
9057
97911
32560
48908
65446
55600
53155
29438
95145
41254
71465
60539
54424
6202
72588
76612
77684
30383
53161
9416
52927
69931
36306
51569
79987
80928
44149
40302
26021
67367
16671
85102
72513
79148
53406
91739
78583
27599
83480
60680
91205
10154
75632
50159
10016
14186
30746
60707
34540
51773
16759
70439
10681
83265
20767
10899
11374
94464
60199
87458
9923
89292
80785
1779
94911
2798
90213
60367
26766
33575
19248
84781
10958
89080
45891
84638
73572
765
49296
63244
8394
15302
27067
84370
32884
32505
39443
44345
1126
14589
73561
10937
75281
23286
3062
17864
10478
51424
57079
4283
54099
18207
46316
84303
73954
43398
35123
75366
91147
79130
43820
55285
84537
24992
72730
74906
2180
45447
4110
79528
30941
16635
18032
25684
88442
7854
82961
67540
58177
69486
16186
92129
12390
84444
8230
89900
47212
61762
53392
52466
4365
37489
86887
32248
86087
87605
38816
89700
47333
14151
47567
22052
45836
36253
19167
25462
69640
51954
81296
10209
73123
78578
74826
78063
52471
96746
54812
71738
43875
65116
7649
48512
5839
95123
96542
37676
36851
47093
45529
33722
34381
14935
68293
71807
98806
89646
53195
91481
32853
713
64510
33097
50788
3685
42960
76555
1400
12701
91632
6753
79825
89227
41424
8112
95992
8750
31236
96479
81054
60282
25058
52871
2698
24733
76052
54767
52148
5165
49779
91156
29309
58983
34819
96709
47731
54677
41697
58757
43987
45989
27112
53628
27918
33798
32922
53474
28804
9016
6940
23954
6059
78891
26866
9613
30592
74824
12744
58925
95037
27399
18416
89882
3736
87480
12271
87174
97166
18600
59962
71670
50564
42926
62511
7889
775
84841
48294
65185
4482
7988
54908
57013
17350
78089
99126
25761
20526
25555
15192
76520
34010
33541
15687
99437
31720
20113
65797
26115
32179
39051
41099
77709
41778
43117
46424
97815
58433
8691
77908
71255
74718
24037
48477
30336
64350
25892
70460
49861
1111
82735
11520
78772
86456
11592
67511
36762
27803
83352
67065
52028
78695
13124
73352
79171
29046
89363
24684
1275
91465
86093
64696
71135
11437
54242
40923
59294
94445
45016
16369
48807
96198
26091
85054
60224
21791
14684
25722
62636
16635
49976
99507
6943
31170
61597
48616
33296
97902
77515
74437
27168
34938
8247
39875
62431
34093
34334
83873
63578
78452
14877
45170
73209
58748
59370
90145
98703
20182
17058
902
45999
70702
23098
17210
97640
24487
59153
51738
5937
73177
85072
36311
80501
47391
12361
71855
54613
92246
74180
91042
7018
99253
9259
81215
72237
93128
93510
42365
45845
72122
56296
2306
63412
33047
62263
66333
61068
58158
18242
10661
57153
93440
79182
14174
63545
79949
39256
80254
18347
90362
39024
37738
93544
81865
99838
40301
80463
56575
62285
44818
48727
5453
83878
73506
21535
83522
30468
70142
55266
86344
4635
81464
17159
74400
75193
85710
48984
70753
73286
88927
17134
74253
69449
99896
93802
11911
13020
52495
70834
5488
79748
58289
26443
62311
60463
67679
56123
65028
97625
52071
9443
16092
1939
97184
92460
32209
98363
96464
45011
14951
58973
1192
83446
41797
55312
98147
41729
88955
49934
17677
95301
38758
83052
27842
3686
17431
19156
51159
33367
92484
19659
6202
52959
72199
69721
40664
67394
55548
14560
42930
58622
9324
25848
84298
49461
57232
67957
31810
2189
23426
45773
12386
20545
51847
79550
81367
72346
37874
59839
14887
14991
36147
51472
37174
31488
56221
88525
9230
72777
52694
6491
83706
48655
21488
66851
28536
50164
74267
53028
20282
76692
7333
3183
99845
81643
95184
78427
3544
69272
3068
20501
82579
13482
73236
93878
36295
5871
18602
40208
36469
92400
90237
1634
20724
78410
32512
35336
56819
940
14301
24952
80435
23421
79153
80796
48949
8008
57561
1616
96818
19947
3488
12541
88915
49942
45579
33878
8386
11351
2560
20731
19078
56676
43294
46367
92388
33996
95510
24661
63505
46302
10997
92315
22583
29015
76205
87308
97178
14088
31958
43608
1256
80535
75270
5606
7970
63665
61438
30650
34608
53349
27030
51619
37261
67431
29716
7207
83015
61102
36399
14777
4112
86534
1519
40764
55843
44219
40387
72786
54765
53495
97509
58414
18759
40330
71004
33070
12463
28444
1529
48836
63694
4375
19061
25016
58076
37675
41395
30562
17280
13871
65804
89069
98717
50185
53568
48078
44019
42154
25936
59719
6190
18548
99972
69571
21723
82281
43867
59526
37546
61888
82947
32532
8930
15822
61881
29885
96575
75488
45085
10185
2045
25921
92863
73197
15070
9211
50471
47665
64879
26559
40320
86820
29234
69557
56489
88406
59096
63253
4663
90147
65102
72660
40901
38683
3625
12918
47883
12699
39296
65105
6678
49306
33906
67421
59002
57751
54985
47044
3889
94442
66187
78412
66582
5240
4499
89602
72362
44391
10023
54930
23180
11975
71347
12048
5557
3485
8243
49053
19472
85581
47451
80128
20233
42263
24715
21600
43040
90596
98016
96158
91918
15306
44445
34770
35809
65959
27561
82744
3921
5306
52440
86975
90436
94684
11237
5039
34700
32695
86751
8483
5730
50663
22998
86414
54653
21785
35473
2127
63985
81775
20139
31013
38736
2594
39304
86971
50348
80748
1404
86341
25814
22172
38518
91979
3836
84162
77093
35339
55874
10511
47960
5889
7571
71720
90952
41131
31763
16355
79288
14566
85639
26010
28200
41064
42733
27886
43789
98977
70958
34479
70175
84675
26537
27911
35576
38528
28962
2222
94266
54263
48920
64816
61826
81396
28242
64510
15115
93278
75222
52101
67414
36559
81802
8944
94151
41937
95552
13305
89156
79393
44713
5518
4912
87173
18909
17999
80376
61993
83858
84392
87727
33558
50932
75821
88198
36353
55311
80254
14037
94671
33888
32423
97297
18751
48732
8198
17647
30253
62569
28411
88016
15548
75773
74132
1105
72981
96714
59104
47822
66031
4282
12713
85397
38252
77073
45870
49725
35882
28962
52602
91916
25410
37455
90867
363
58882
51922
55065
8139
61557
14149
11591
82879
61780
93735
47287
76451
13918
1863
84273
43851
44283
27424
39451
64215
23036
55356
45672
8712
88669
20594
53823
62136
99817
15176
47398
25864
74124
39317
19818
40971
71428
94492
1733
31080
43296
64763
8907
6947
40051
81392
49768
94988
4700
25775
54714
5691
37114
46859
18108
51730
20476
60447
55457
36295
97770
83870
56043
11578
35872
73213
83138
30552
10125
99353
13010
37596
23731
93696
44025
95420
24470
76341
41854
31310
63709
97511
41945
33070
61125
24023
71966
97991
15875
69692
10017
20193
9244
85042
90034
68677
17568
65656
71535
11401
1858
47265
49534
57385
78043
15865
96517
49831
74610
54447
67438
55990
34307
49222
32526
30016
47541
22964
47134
53512
91068
11514
4338
24134
60584
68520
790
64956
8029
61394
72105
66171
68594
27500
14913
65924
14917
47060
89028
38884
51175
81053
18271
99957
61605
80093
15221
86766
8258
15999
78834
20327
27521
669
39133
26679
37839
64675
18296
84288
15778
83167
96737
76727
45043
11884
67146
7196
15187
33010
15560
41413
15737
44545
2884
57122
7288
44917
8881
48959
50448
35440
33428
29309
20656
72076
78000
12091
77800
94610
94500
35947
18459
16053
93926
65414
51348
75985
35414
62281
12535
42434
8670
87209
8755
27370
62067
12209
73554
66581
33095
51613
85529
5161
4280
35085
5999
52320
27809
48120
36030
2149
74808
24861
9985
85927
91803
51781
31865
43197
52963
43120
54077
67232
22247
95021
19091
89284
42493
68829
6072
94958
79977
15193
95869
12490
51440
18747
28859
55657
78103
84595
4621
1300
12730
87314
80409
53971
31884
65944
92116
58174
48024
84687
78918
36571
10317
56614
21069
59831
69548
22392
80129
95661
27686
44785
9747
33650
71670
68402
2387
49815
33283
10594
96416
47577
21910
11321
34166
78779
8357
81291
25649
15694
77928
47426
50632
85356
57830
69026
52605
91727
37257
58802
25269
12443
12566
98596
29510
34627
11253
4934
6273
58492
56421
30481
74130
78871
90713
79028
29325
41977
57237
64973
16904
76184
25057
14644
50325
89100
71499
29076
40797
55050
65074
86259
20773
97762
7261
9822
4283
76824
12584
32972
8026
55938
29938
20317
54150
8830
24476
72190
89206
74692
58368
88547
6132
53835
83498
66292
39261
44184
85158
13394
34078
37003
22835
19085
40274
9275
82806
38792
36128
16042
25448
54157
54138
97005
83227
63712
77160
65870
73303
11611
21385
38803
55070
12173
64630
16187
56190
2840
58909
16625
43459
88484
79105
32411
61364
1164
36530
78924
82613
78595
73688
35517
55777
23306
17402
80899
23411
15677
78606
52808
98962
31554
11377
51183
92140
92648
14768
96647
55750
39310
69074
56392
33622
26383
40470
30052
29824
71908
32631
2104
69142
96320
8003
32134
7208
17917
25876
60224
65801
70244
28109
62776
18269
93967
70084
90418
29344
89275
91794
90984
40799
99894
24830
64394
18242
20610
75591
26542
72781
47288
31998
85063
81054
19433
59552
29919
54166
3004
72575
30502
15530
23946
63996
92816
62172
34736
76448
73853
52647
85559
10426
23353
91466
21076
24006
69304
9261
30994
9045
46265
24917
84784
23621
26819
46571
85410
84339
18046
59416
45019
18215
8587
30302
45722
53161
1628
749
46581
17805
71946
76141
57096
90175
64122
50319
17078
60295
94970
91426
8747
5929
72083
89867
46396
3318
62892
51091
71972
8573
69
9622
14954
27285
95895
11140
64189
43550
20603
12531
75903
37655
38797
23490
50794
62642
52005
39974
52940
63582
23517
14904
63885
78917
31692
61587
30129
45029
56825
28193
45474
87887
28749
67612
81589
58570
13638
22855
8493
50265
8925
79267
73821
15006
9225
96751
94519
77302
26047
88233
49162
69570
28226
23576
4849
47996
68264
12178
72167
74074
92269
49062
63127
22277
86377
44940
91753
26786
26473
37594
66463
82892
37775
80902
69413
18681
34475
27072
867
99849
36332
44008
32627
85283
53803
27706
99660
95926
3711
52433
62640
78082
77243
85264
84564
97870
48334
82523
10654
9505
40927
90127
47433
22691
77190
43169
76263
51047
84340
93596
28395
42929
52069
30671
20625
95561
84087
58575
15340
38256
74802
14685
84530
18284
92029
4501
57997
88835
23009
74355
25816
80377
93151
23804
59059
94697
18698
16888
73474
13700
53111
32387
1747
22778
59726
62420
43482
10385
7369
28799
13073
85934
20378
4805
63450
77618
91209
58239
60022
22278
16821
78846
51757
62734
55757
49743
77690
50710
36240
89530
59576
16094
95337
18527
7703
58607
63780
82445
78839
28434
57130
35794
20017
97241
99726
8167
2687
75619
94759
2623
54838
60139
74024
91378
90171
799
83653
46512
76661
90949
70688
65764
51036
51218
75320
3957
32783
22381
16513
43034
56756
32999
87482
63137
64011
45073
60168
51994
10941
29734
75444
55780
58200
35085
16087
85502
48245
79146
28912
15511
46780
6425
79442
42405
15764
52104
84401
32234
78176
25493
72967
83834
83028
10319
57480
12615
54783
57023
21412
54855
12635
11307
26674
91150
45551
64329
37770
71309
6174
92197
91927
9641
91081
49583
88338
59281
8752
90579
69202
4624
66179
80982
1876
83015
66315
28105
39686
93995
91357
65222
95585
14869
36663
86020
15134
12850
16862
27693
58789
97433
61643
54932
62061
58308
24075
83166
62776
25523
85913
61892
87898
85257
56224
42297
50319
66301
76629
92016
67895
39447
12222
10225
61874
22564
61517
67434
27224
10372
80793
98342
29746
75780
9619
99566
81630
39576
85451
64649
16687
9200
71503
9986
69711
19983
38844
14460
88422
84182
33922
42969
87609
48923
7261
80234
27287
96140
51934
850
86111
82150
50181
18818
2597
25883
14325
62472
86923
12307
30315
56460
50830
29144
91110
96527
40192
91070
78009
50679
8399
49710
41808
40365
25356
47045
64048
3143
87026
63879
30844
10141
74093
58235
85515
62577
86547
71375
33496
16183
25248
19049
56796
40725
69722
51099
15623
25005
30343
69094
74165
18038
44443
40710
73885
38157
30798
64034
30259
100
25369
44264
20270
37444
2093
91875
37326
69601
62609
44420
32670
76709
341
27333
45421
20240
72006
24666
26174
91492
57049
53369
74540
31067
2892
78532
86735
37442
53291
46387
43908
98759
23854
8408
335
7933
99804
71038
49358
3564
31135
3999
42630
75152
62731
79639
85174
65658
10341
89431
12073
11713
34214
15351
92390
72751
54938
53895
16131
97719
54611
74402
3395
18753
46734
71130
51553
82304
6006
40014
92061
85635
695
42912
79538
49095
35780
10635
52236
30941
69915
43841
72867
58788
15041
61287
10410
5368
72771
27479
73469
15590
88132
25702
5487
2073
31875
71931
25784
7311
95981
54845
51382
61856
1927
40339
40981
5718
2256
6039
61977
26086
52326
10004
58792
63901
80790
82308
91357
71923
28600
52299
11603
88180
86154
47072
57043
23109
56393
5536
7471
82723
34721
81667
11299
1601
79098
39108
32757
55141
20618
90729
34401
66501
80140
28144
21352
92406
79014
66449
