229
685530152258654278 993749965520632897 60139
173138547464979757 590482372364086092 96622
178022488339529842 855932350528752241 52477
550258776667883759 59472377675386453 33786
856670609798361777 430471187057624660 7073
635271263925954523 865520282547164807 83406
757104191728416016 885035324326645785 29177
757985121392889708 842970762117417370 48860
932674776134145146 13392818774771499 73915
965942385820993163 279197338261146931 1145
330548799544638406 992351763866821311 63669
973640350657969941 322139537939325582 92539
733422145311332929 588469047712812836 65998
287691174715063657 564012600892528895 48253
422642408454091852 1281974052825377 8587
255158813431449407 369607915844050843 26056
746962917456236273 711397449807448085 42900
127468674697483885 763975229215347967 89397
880259697328161638 539537433871175455 5625
598290970432022308 611459889847537021 96112
687133245298852842 592020695269908009 76747
357309686570358556 515296152320642902 54125
883895870340156997 868483060916199346 53477
221379627060265379 428004063430746296 47602
855896797824016364 734352543810290052 15496
728455238103884409 708164541751424934 43787
773613035955224695 316485184663564468 96916
546738500534073626 291014243399547597 80496
859425556783829218 949130693969630482 26025
886807807589783654 253743768536200267 27855
20218877956063940 119189034967924794 94780
922237328825510987 926992693681414909 73404
675597942064142468 211821357014541308 39323
297149648071555301 348638692201991267 60373
161744694816337949 268239023962994996 89415
683459198079660426 182152679659982616 73271
690547043712762375 521522527247824507 98539
497074750090368483 559748688021653503 45459
107771464767363302 379061701096866897 56503
721247496852920267 171841469686891151 26832
459022311149490809 865498341019851535 88466
721488473536693488 125814403372356607 90839
212176948488644783 606931289183722188 96210
445887741810306567 982829194706877036 79006
462725049648477513 468509102111807017 39300
55785073624665642 210779979528984453 17788
393309885090541607 262185775997307070 49285
582874003349606207 863574414616411572 59321
977252181180808510 739497629018837478 20688
41122663575357828 865563813403397594 4943
539601497461364976 227624112283900198 32188
567402329556141795 611076328670900990 62990
496150804981821344 217040476891969430 37460
64693157609724211 797537396980359539 98091
673288730000781879 677748164493631409 9978
284926563750646409 262420123191515446 13198
765652391285291632 332012718402829300 23454
975772258773538183 752036779139997069 47139
859139311875115724 642937953979570046 85214
993691792662473951 647095088473321637 19783
866546021567206773 256024506222522490 63630
394961858536284126 454914864540411797 75345
234845144727273947 892120756112615778 58686
224907784705816706 898962812400385452 38258
810505191813636235 627617478505540865 29161
755282883896124143 610814677514830158 11037
904752553726064216 923819137488963723 50846
296255697806082126 422894376303187784 44739
258756583938766319 421510034942784222 78839
305716116843699228 759824110011560836 3452
983931545456898919 146639382464610123 59768
1087180450580719 963364798619691214 81803
809501682092691043 851703623131430078 22038
249621800187993619 606908617489128563 25281
58020744955796134 541181323935411431 65896
567375364907418272 658048267977266611 76163
93439262140828284 19287109319783660 82673
195945604343340249 464674456742953452 82357
476342953230605054 24051831054896021 59189
867428418008944214 782090832351713935 32392
1 0 77289
861140717618971052 229250611481124909 88949
398123433542392459 105298564228633878 38747
785088351651270786 962581032747044811 69494
535922470071611720 45790416945772433 55526
715932080794133917 384846062807673519 50126
681727808202496546 152159769369233017 19269
517314888800169058 164849344691429164 24082
890014753903291019 657088218243425784 81120
803570191671523489 367297840465121258 23115
731516683550425266 474077843271942509 7044
321577272611592902 309324874221253910 23029
531890780467197545 937987683853443437 85538
59617109719224104 703465296694876345 23211
669174580885391499 241830030328773294 40884
242649598022056957 149081826436827672 53182
140271857608549540 335017182881963087 71300
121949417404671136 251032161274887406 82204
726155241181256927 238431608379104794 58071
315533740166008531 899530401506751585 49989
523711128558881860 286098989085754139 15935
291140727703508029 670620191872347929 88194
843594743762217483 83105303161294924 67672
737502393188659959 379882230892975726 26429
882283109025839651 820367928737256497 70388
1512324654941273 248342723181330881 48153
951052374034789014 774104938926071220 72061
557211453301324434 88797644464533452 24682
254670009376581292 734139150269925680 90957
868550721654153238 430882159573633233 32680
18961482623075527 547798001201422553 2274
606062748740240601 420296604271221109 37
515983108747356225 736506911012864972 75354
591298147482543078 732422325082890110 2986
260593124349390667 532693064671080870 33266
263951372064741601 760697426608236619 18682
884662122935392316 980724652832163404 68746
5139845184398059 128634863544836712 51991
374146457520895036 88009888442312737 14028
255936377177171698 197747689447742141 93042
42614232151068278 521345014987530154 19955
621056195166840927 922522392581226974 55496
753107219431464538 650376413063849538 66133
247725321632442318 332306022311282438 9049
51962259113509715 753920595735595266 52237
332011736972029461 448311781271449902 5795
850876549747824978 541961804055187000 50769
306292841631516971 330226836569771738 51766
800022514935960728 924064561750630612 42985
762044310386262260 523829069905465520 70691
893251581239692834 57635921019262998 89288
238456043213033200 906417240672964008 65176
167752786229815084 444096246279197142 29472
927235699800881708 999474792825976036 52307
750397523490513571 45881007084357602 71548
472273922011492926 333484561723745253 10610
843902446999348019 343187465025781896 70658
2916167924882050 285515018461354747 82416
763035153852169407 627009459606404001 72119
112278274232442851 392599318489519528 62407
169902557673502837 104863378076403307 85642
804823753626218619 983307067727846912 75912
13404157843403026 742774995673087791 84227
426981623048829987 143659636296052882 25054
521397370130304207 426622157392983429 7779
973239892551006858 918094282265459222 74683
919698644508341968 316424638761689752 53201
332378190758520856 369789727501144523 635
784519738163204982 310887810207642741 24990
639981057752312165 868429421537969028 46282
70410273059862010 84281905482852584 97246
67162134573057258 864158073846035075 42573
199630960565502376 806217103962589032 15626
388898983100028058 297084332459172624 15202
358978986456619734 147301989959514034 19348
330904103246907959 412916333077973487 4588
400946249578198149 25621680007548258 29205
972636426459722874 768217013721866402 27657
421720078303734733 972345779071717680 79091
105331344445174614 644079450286973621 2341
699807680387420903 529275194500747847 7429
606125233880487312 449665019652612550 99601
14347877600431571 356126654481500947 98624
907732591961489900 357819382000212977 18687
206869501991118233 658083421237607151 98754
306191981904585107 628622659021066030 83468
310702929700249274 974068361842680058 54488
107044037744379029 597348131170885717 15527
75699789655023886 319272160222833972 96347
842329149079941717 235342974938465484 87093
880684987565931204 266850997405258036 9665
624573866321457705 89535446305790019 89373
675368353842654069 419668267393231717 25081
635599733980003025 685843363963759817 53371
983335325202263811 166043501093847707 42762
776954670217031172 344136562250232551 81229
874488957532683253 328969237219349453 11581
841555590516616244 10393111120857236 94860
156640342205234487 946762853767292046 81717
773370268214005752 384642825035392293 42464
621094428015134783 834071856764760663 48662
197517229320582091 417078112724282347 58810
495161288702404749 754914020557585734 51940
758028478297535314 681829982230529685 61461
846123426934983091 515685632147571711 60273
443428948533234835 865094244961741510 36457
635541863926500506 703903760009757447 80140
503145285840575302 313622550886869489 61744
659522209455436883 89302570183812685 74736
504692149556290345 118249573804262584 81385
409474341616240503 218260811939609260 87011
660717978668477765 860163876184829612 14101
351896709422833226 408272082504307131 30808
214154593729579755 503419689153803174 60324
975291430722565683 806163831815608588 45078
272811350910205764 289816062486774372 47936
395979889996256113 642940558958746594 81041
363204941365679529 591816759543592733 69173
14012812417615401 451334630933666424 31103
447924393159105983 842530675254176365 93831
861089090495909672 150481617278269211 71684
660718751786826019 488335742785703967 51452
51153313206848856 319406878236862127 13523
212319743441476438 333921068619662493 43091
64943587812461587 823198441595445024 75511
471870296267007500 996986376232081121 35043
30085916424118438 17154206888211177 24046
668515727309448954 679334959770263994 92181
101978323868634189 295047496420998044 6911
39787778164065225 103432226549515133 2301
972831185701103127 119414523514744306 95036
361984327136459693 291032177596913178 82477
668015000052128391 823428659049356312 86867
632150007040005086 473060690160311601 36626
565948927254681721 585262709156202813 21089
40518707842491379 910616748493044107 74895
525193978078060677 713350076080717763 80984
759341937593808440 273243738803647513 20750
912880720249693012 512607594722961524 5425
291063849677270157 32393790563368559 47629
182609740765415751 737173319672815863 63689
48277422598659096 448343925812948741 61996
573424435886605847 246079511657708179 17487
153828964025400528 349186427200527271 45363
499888864250066339 824340333052175801 47514
926459171174630265 551786078342603502 51360
997048781913012721 500889485515052388 97611
57250469997807427 177564574656433343 21677
78092797006088342 713057266108965645 96866
