0
0
0
0
0
0
0
0
0
0
0
74695
0
0
96087
34406
0
0
38649
67108
0
0
0
0
0
91735
0
0
0
0
30764
0
0
0
0
2134
0
0
0
0
0
0
0
0
0
0
0
0
0
0
0
0
0
0
48153
0
0
0
0
0
92594
0
0
0
27999
81541
0
0
0
0
0
0
0
0
0
0
0
0
0
0
0
0
0
0
0
0
0
0
0
0
0
0
0
0
18659
0
0
84740
6835
0
0
0
0
0
0
95656
0
48767
0
0
0
0
0
0
0
0
0
0
0
0
0
0
0
0
0
0
0
85409
0
0
0
0
36808
0
0
0
0
0
0
0
0
70092
0
0
7869
30659
0
0
0
0
0
0
54720
0
0
0
0
0
44371
0
0
5035
0
0
87655
0
0
0
0
7221
0
0
0
0
0
0
0
0
0
0
0
0
0
0
97629
0
0
0
0
0
0
0
0
0
0
0
0
7758
83943
0
0
32456
0
0
0
0
4413
0
0
0
0
0
0
0
0
0
0
0
0
0
65564
0
0
0
0
0
0
0
0
