45403
78106
13653
32388
28851
3367
43439
24868
10273
28850
21935
37651
4006
653
62406
44687
63823
24377
91596
56834
20014
26518
45488
6580
61961
79084
7261
61846
17249
70324
11358
74895
28954
61923
13101
18378
31769
95984
56705
67564
82418
43346
28198
24973
42927
98357
70864
37706
99323
79630
67308
45000
74
58734
27095
84703
4227
36439
72947
75800
1179
8468
41484
34545
64281
67028
79411
23763
23617
14268
51218
14213
55231
22254
17139
25283
93522
24318
79084
16319
71549
91140
8462
44650
74327
58001
5402
17626
70726
63969
18440
11392
52994
33713
46918
27685
572
23807
91915
24748
94551
96547
84905
79339
36824
32912
78396
92081
20458
35452
39636
27369
98587
34019
58657
48761
37277
90591
52290
77035
85850
80302
51842
61284
45003
76721
66884
93238
73427
92718
5893
39360
30426
16123
47512
54260
43117
86440
36403
19500
47167
81233
22114
9886
37218
27574
34085
44315
71386
75743
74047
24839
66530
51873
27750
88215
17199
48215
65262
93951
72400
69899
64304
13320
4326
30255
26821
60525
54874
60239
67761
36479
72102
99505
80531
0
82552
74224
5323
15455
60842
52713
25543
70790
53947
90515
55273
82007
60122
46535
12603
31541
60843
80279
0
35693
80002
21722
80915
10470
54834
0
14097
35615
52910
26159
99082
96591
75988
85035
32590
45929
41323
54955
43309
43730
64067
16223
79409
45240
63951
50175
3841
88732
66800
37567
83297
22207
96722
56639
86881
16851
95658
59561
26566
72629
96575
63851
58059
84015
38560
3175
1708
84209
55117
62728
18766
71397
77221
45730
20080
38142
90146
64777
49458
91991
19961
23251
1793
49604
60404
4619
53968
98483
61830
49425
62543
20530
6613
84770
46130
33605
30021
83882
18131
64177
53779
3899
82519
72977
95372
7042
18230
17956
1377
47309
54558
87742
51650
38985
89728
67028
83980
36217
30474
71799
48907
70907
65745
60186
37084
31443
95681
70251
79543
19076
94419
36121
38262
68957
8154
76027
94790
43777
78185
46548
93314
20405
14741
33351
70531
60624
13499
19780
88512
45280
91460
96758
65810
618
79068
17962
90918
22410
90311
32689
5185
69112
20158
61320
49550
54396
32227
21873
63255
79479
17445
50721
24508
7327
20178
66234
85820
79086
33580
24143
78700
41956
55342
61178
33234
87814
76034
5305
54024
16394
50040
96995
67460
74894
74749
39093
26821
13820
97642
34854
46102
14410
49984
19051
81955
21453
33583
97029
39411
93942
95067
70957
34041
1822
27371
18974
50030
93488
84695
81044
2647
8696
36290
76469
5879
64230
84344
23387
53941
33286
17473
74280
39957
2017
77597
52820
37012
27367
57078
79010
10276
39152
40289
98858
57947
9237
70355
24917
49633
86963
86173
84774
53635
42046
24600
87041
16445
28213
54709
65500
80797
0
95080
68462
34617
38497
36829
98040
74081
32560
52597
45227
63423
25114
93200
42961
61029
19615
99756
22186
78559
18356
55775
63481
70050
70938
91849
28560
77989
10495
26849
21892
47588
93750
86686
17503
32166
56573
97684
28921
65258
456
60998
92872
13440
9224
40320
38830
88436
57225
91338
66854
40963
47928
14528
76796
92016
83641
31627
62180
99578
78798
32939
1287
46964
37487
8110
82112
5142
34171
16280
57974
82257
6834
8632
85937
96169
753
13464
63020
63246
35803
89347
26664
36993
63508
93932
68887
16419
65771
96966
76344
50359
71510
97763
81364
2494
96420
5650
47166
26568
33636
5646
40637
32903
80643
55569
52476
42519
32665
42352
77660
37839
99659
81587
69921
52820
87664
19046
95723
46172
21413
3251
98747
33301
61296
46110
87517
46272
98649
98044
5234
16624
91825
77
30916
12989
35322
95999
55504
80984
33884
49268
43146
35505
37063
52495
94001
35558
50409
52342
88953
6373
60397
6307
38404
94445
93729
66407
44513
80798
68271
77587
30272
79389
15233
54232
73426
1965
66188
26846
64408
85858
27737
64333
31150
29035
16908
75212
72977
70929
99264
73893
38475
82090
79877
34595
97337
80248
31496
90104
2336
31318
46837
90402
14769
87196
54205
17882
21158
40576
87796
10215
55668
63411
46938
37430
79199
85569
85895
53070
16799
39863
17620
66059
84597
43012
13742
74820
64916
55738
32246
9609
66035
6495
97723
64872
56321
57132
233
90553
70733
51350
12371
37592
87893
70542
67454
44255
83311
56307
54596
52438
92137
48856
9826
98500
29706
29899
67414
38353
69703
52707
61271
48164
15287
83077
55300
46402
62358
65136
1532
55818
49798
46813
5151
95326
78879
25366
44381
36156
59067
23718
9385
87716
66341
99631
37896
72962
71218
21478
0
27025
88815
88499
54645
67412
38316
94400
3371
55284
62675
82239
92670
26894
89824
22495
73565
0
16980
30685
87473
84662
88662
47560
36843
88519
60616
54894
25146
25207
85544
67691
71190
62059
50023
75752
87416
43281
64439
64777
59292
46169
47527
35701
48274
49307
54688
0
16410
9542
43800
97814
9850
97667
99617
65431
97253
91002
62798
13044
73038
6744
8854
49132
42151
25831
77460
80263
65306
71557
26121
68854
62164
99139
63616
57348
55860
64187
68168
65049
47119
77773
52212
63766
99178
96433
13608
50290
45520
56452
97998
94855
39633
80440
81075
10738
40113
79054
34240
75693
84227
63001
79652
33976
28370
29948
46304
33272
3583
49758
99483
83150
17328
19049
43659
43559
85156
3217
64916
3052
21230
10641
70817
62938
92024
24784
96209
77936
36144
21951
7089
84892
2897
63726
60841
68167
92860
80161
6266
44472
98345
65771
91901
37851
42300
27177
77772
98829
97909
4727
25754
45055
13795
64829
35814
66848
54466
51983
25058
42384
61641
92743
64147
4119
75764
26649
3345
90410
18043
43644
42613
23295
84526
54298
91579
29935
71954
86191
82237
4670
23146
24993
31452
36816
65392
51279
42525
41627
51438
55550
24429
89608
82680
10882
21697
41978
29715
64687
12703
9864
91661
59705
80043
56910
48669
35590
6522
85458
88028
75774
98131
5622
23147
59135
91210
0
63353
20693
23926
7341
30217
77075
31779
31441
3179
74808
43864
75329
10902
27891
43026
78672
40925
88656
79086
58831
42153
16915
12212
78064
73236
16765
95547
88987
1494
47901
54633
53505
15950
2661
80092
79302
90306
77259
15377
14565
35051
84999
33538
15387
73326
8937
38151
59304
35870
30917
72486
12625
26935
31346
10554
17711
75684
7184
57924
37736
20230
30335
75174
48871
69545
25955
75174
90428
50512
72585
84542
12281
37371
16217
13764
16739
57470
77758
5446
27489
30834
26328
77859
90327
10263
75034
26138
39797
26977
45070
50889
86780
95389
78871
12214
80096
57899
90465
0
38538
18018
76622
22769
76722
81354
20876
40859
77000
91616
20618
91190
55799
90451
60630
37936
82874
18648
95729
56272
75662
17451
51773
28351
91019
37478
65078
86479
3779
49829
45660
17399
43676
87446
10331
40729
42772
35168
93891
25114
33531
83381
3217
18624
92644
37569
32700
64100
41271
51911
44201
96998
32144
13039
81044
81322
58798
61115
79702
12420
48532
74217
62115
23496
25534
89468
53425
91851
87160
30586
52114
41275
602
24781
85119
78868
9681
32284
19451
94051
2155
37667
12356
77274
2792
24767
13062
86197
64907
4756
68095
71587
14206
33267
55121
63493
60227
53309
67201
43822
80014
55019
10442
79865
96508
31316
23822
19676
89499
59405
17736
91922
68767
71827
53905
59318
32082
90779
82491
23102
90879
79255
73007
15644
66490
41438
60335
8352
68972
19196
62022
28671
87398
73290
32638
64996
46254
6207
90848
79536
84873
86166
60330
71768
72718
82201
23078
89279
81869
75881
49868
24780
19715
99202
37003
50815
43542
26300
96343
27872
21780
80172
23879
50390
52697
5554
36758
95004
99806
60157
6080
12809
61848
76179
16288
24817
95763
86973
27321
98181
74249
55031
72861
89601
98492
44333
27455
18091
74738
81065
36817
26389
25745
16324
9264
53245
62540
1512
98028
62652
12490
18009
74639
91565
60436
95575
90826
39103
19705
46183
37221
81014
62308
55294
71544
64436
99845
99915
10009
22017
29660
88217
0
23453
29073
97411
62955
17131
97918
62872
35511
41016
98812
5161
47781
58461
27405
98142
71124
33689
80594
62355
94767
69970
76578
71835
18259
76294
33102
70852
3716
66096
62008
70499
2575
0
46460
19199
54480
9500
97507
85969
56623
78499
38758
74083
42928
28539
86932
71391
31555
1433
92576
37915
0
15805
2781
89852
55920
12977
34532
23731
5779
78334
32813
14398
86305
88949
38843
67018
19702
25120
70464
99493
24755
62910
44854
78686
57232
78031
76496
43633
30096
65781
24029
61287
77437
14099
1691
55032
51721
24126
56506
820
24821
38251
77007
59118
70500
62421
21699
89010
96974
53406
57457
58630
79275
97138
77329
2230
90678
30157
90082
45691
75230
1219
34015
24907
96788
13795
54044
18619
27634
64978
77178
90656
36952
79052
36010
85431
46163
52052
6613
66020
7281
78764
9875
11828
72031
98172
69349
32660
12853
95640
24062
28679
2287
98555
37232
10673
58450
8672
6079
76999
68329
99285
57819
99659
49321
11664
29476
52094
46238
99414
77279
54227
91462
40551
80208
1101
63645
53140
5662
66451
97097
70921
27693
10199
36530
84131
54724
60653
15097
42944
21814
73538
94767
96009
67867
95393
61195
39702
24283
66096
19144
94172
37207
89816
64871
71543
81051
30997
43263
31167
40265
79717
97795
99885
79661
15960
81235
255
53877
71247
2781
91923
94083
6905
20461
165
5470
60272
74886
76802
95590
73877
92907
52296
45820
84595
84053
40985
99480
80654
22181
46502
38829
4950
81701
31838
37495
95435
60256
60149
39908
16512
36237
82360
39474
72760
98394
21204
37129
66361
8303
77340
60001
0
68620
19885
52306
81629
67854
47654
26836
91618
81152
91993
6796
90745
77729
69637
56990
18894
94430
76902
76327
76779
68319
69878
1298
71532
25937
25392
74570
51996
69378
39324
93403
11143
78825
45681
53094
91071
14345
27059
83630
48171
1405
1861
37003
2263
79072
10422
22729
5501
22895
35921
87475
16198
3423
93245
27910
82184
86141
84320
95235
55450
22901
37143
6421
43754
48691
93033
42259
61985
56513
66120
66653
76181
28110
46423
6719
78004
9195
42455
96878
6108
26565
24037
22973
89781
2767
6237
96432
91456
44419
9988
44872
61458
71216
67454
26854
83762
73285
66853
10786
22389
33139
12985
71675
31893
35723
11445
65080
30907
39237
73343
18846
24169
81533
96109
75657
14962
14381
97793
31321
66901
89643
44998
99432
16604
23314
4479
0
82569
80963
22891
71710
45124
82799
62353
35357
41968
55582
7578
9906
77651
91623
44731
7260
87277
15465
15531
60866
0
19799
54963
31828
22564
5230
48304
6524
339
52443
86737
50455
83771
79425
37557
4762
39443
79740
5797
69372
18528
77567
85358
55825
22194
71692
66241
62999
40183
41025
95614
35160
64281
85229
32325
45463
77804
88632
85827
2129
36401
78042
1503
37764
45183
74855
6101
43785
88766
74275
93312
98808
61001
24938
53209
37519
14150
4527
11664
48586
78070
61166
54221
35255
53846
26788
27165
27734
44661
54545
97676
92625
91645
29756
46552
94207
71495
41085
6348
68553
94659
69683
6075
36759
88860
15565
53835
78761
69108
30211
14544
46097
29495
18190
43682
22687
73395
98653
25537
91834
95766
86929
89216
37478
58
15000
20120
47413
37019
89377
47233
616
73233
56958
59145
5268
835
39391
50183
97234
77757
80119
69523
74227
34739
45385
4556
87768
44305
82968
36475
25283
35225
15720
32286
0
61194
83626
69881
31054
8683
66304
93693
82819
11480
99644
20776
85419
6509
33300
94453
4631
7329
54017
3525
97808
95905
68261
60011
21550
3119
16389
68023
72513
39182
66421
88416
37796
15785
70448
38910
12024
37683
99581
35132
6261
24444
25646
62639
36508
21162
12853
48417
33835
10389
7816
53230
1252
15132
38273
85306
52303
49035
8002
73889
91923
85311
64038
52885
68318
93236
15367
76240
17478
70187
18504
69008
72094
91323
80838
72494
17893
64988
35684
9328
95314
95228
0
40845
93469
21592
6066
0
44887
83097
54302
24901
89946
7521
86317
52199
3331
51306
63905
28119
54161
56269
56003
64848
46866
77989
46814
87449
9425
70207
21069
96428
23902
76708
32285
29582
49759
76793
34533
97636
11249
9214
77326
73001
90250
61248
95690
87172
36879
283
74309
11196
69862
82404
61211
42332
60228
0
6495
95298
45021
60148
44045
82953
65759
79760
45789
55917
48800
3560
52829
343
21918
93602
43720
39620
91368
25977
80217
28918
5555
86685
14177
85918
86156
59234
33079
14156
15819
67754
99714
83807
37855
56933
50720
32111
61601
55353
17437
10015
77637
66202
85790
54733
67776
99078
40896
69135
7220
47242
76724
84901
72091
21031
37833
32488
20065
12056
12444
61800
87938
30630
37477
34322
74879
40102
65288
52000
59955
142
8633
33336
13112
78111
74454
84100
46478
13462
2321
29283
65646
62278
5788
35770
54895
78619
94795
61635
34650
48618
89105
26147
38512
23340
52381
68306
85401
85084
67139
26176
33766
33993
62293
10029
58970
76680
27005
20782
7306
93009
55000
99299
82465
55582
40069
31097
65076
45817
18019
52514
3707
55915
39856
1347
96565
58167
54793
46000
51326
37475
82976
68143
67061
71520
993
83616
23102
84493
30307
63819
32996
2230
70687
36993
8725
87413
57032
55169
57148
87155
98722
86340
81149
61994
56321
5744
91585
35939
89349
1414
35230
74493
48421
39122
83678
49240
50176
36632
94321
63819
31865
43670
44959
34429
75736
54963
63617
44298
55628
73065
88052
27494
37921
96792
55983
19603
42449
19359
29655
48164
491
99685
88681
62348
89625
30748
38439
42583
15211
92006
18388
61132
0
16075
97219
18143
63228
87145
97999
23184
67965
27589
5093
25423
84464
237
36973
23741
24908
5664
4626
40851
99595
1009
80629
47313
32183
8964
77575
90825
70866
68787
66916
91588
0
54226
60079
13724
49447
15692
92610
91904
33924
93124
75569
10960
80043
17008
55317
19439
26121
8579
23948
32879
47713
82014
79544
22930
43385
23827
0
27760
56050
72714
10518
39075
73927
39226
85552
77172
95672
84486
14782
99773
11804
79973
39305
81894
85338
69368
87595
15667
51699
96383
38842
2363
79204
17193
98450
42666
6353
38569
82052
59894
50015
73136
40827
12517
65288
12082
40498
40505
618
55825
64210
97981
44282
28279
5000
87260
36035
77850
1110
61163
10484
63148
25737
16800
13558
7468
48420
44653
97083
29323
83984
52983
63216
8295
39780
48963
14609
7435
93489
97156
82325
79528
38858
55745
65742
59427
91046
62249
38834
76453
43560
5117
42790
68665
34638
47697
62089
53370
19646
64231
52736
16116
63952
39135
50149
56974
69796
41121
66735
3617
78510
7910
59734
81900
92616
97130
87154
29271
75142
63834
37691
50405
68017
71742
69578
10792
62538
14406
22865
24256
64540
9715
85635
40199
68922
7881
66159
93564
82960
79647
70736
54213
26909
70311
33638
10214
26818
32349
11800
84599
52782
87290
86849
43365
74292
41389
23648
32437
82942
49956
23270
41950
12758
44522
59713
96722
42618
6668
33658
81968
18255
51357
35301
18297
70908
48198
64942
2260
33641
66568
81420
0
90255
11693
17667
47314
26671
7410
50316
8908
25872
773
56231
13067
84401
63674
34132
41505
85915
28897
23940
55596
35449
71480
67801
95164
29637
8838
68889
31036
96989
33078
70383
49479
18240
5314
96685
60739
53816
43539
30670
67920
9092
10495
51517
28301
30256
78077
3588
50002
20955
48840
72955
46564
74201
71587
11569
22563
98321
1769
46781
38429
71901
4132
91717
73710
89230
66555
47627
22140
30968
44830
54588
0
38711
42005
97830
1124
6695
2759
37635
88545
19194
70913
44100
49431
50486
86434
42589
49255
27674
12547
59026
52717
46905
59636
76297
38564
21702
81543
72402
36140
46905
64345
9938
4465
8850
10385
74530
43312
45699
38537
90704
4699
82002
25031
47680
1657
13219
0
32739
53706
37400
21441
26075
6197
77912
10158
13994
61312
84790
23630
63077
6540
6718
46320
31971
19411
29826
19857
13030
59457
70590
62704
24661
79680
2916
35560
11697
51253
41537
33597
80909
19663
46291
26155
24954
40993
53530
47759
61073
90256
7875
75947
45646
2281
83853
42386
86693
37938
94234
32680
97537
51133
85229
46585
54488
27516
77692
50441
57958
16179
29648
42063
30813
40506
452
95226
96460
25102
18810
46219
4966
81999
29313
79673
48565
20506
42052
51273
4911
87965
59693
25607
78712
6040
21991
85879
49235
18979
76824
41920
39765
22963
30513
43459
9585
53025
79874
53826
75724
81112
67922
57445
62794
23656
67954
99955
71403
51632
80800
81507
36798
65989
97026
0
90997
42074
26791
62438
91297
31397
44524
25537
0
61489
77614
1804
95600
27130
95682
40547
61413
68183
31138
34481
6463
79862
53950
36336
64610
555
61483
65212
85486
4346
55403
52936
28524
3595
55154
70613
74695
57370
60956
16209
30221
98248
84965
29428
82021
17627
48953
91762
64997
30313
28305
44416
28680
49947
32044
86424
12610
47397
45615
30582
9544
97502
72931
5875
64347
33178
32757
31580
51243
30759
68031
72065
61600
92771
45824
20258
44213
87797
43861
63155
85587
75988
24751
19282
10930
39505
39223
90277
45714
59
24627
59161
37598
94512
95042
77207
86180
95312
84022
19367
17129
5072
21622
48657
59205
39349
41349
39972
3559
92940
76200
77077
72531
7543
49841
43191
76546
17503
6174
66923
37185
31637
79140
5384
57490
52082
32308
98411
81436
74690
56240
31514
69036
39524
29315
87450
0
74080
58568
88742
28138
28823
42118
54397
88362
66562
56371
61043
52191
30245
29229
4494
63504
39233
74599
23789
87426
5973
80129
94100
8089
66680
46319
86434
50139
5400
0
33830
74293
45417
75600
74032
61638
19130
42099
12861
59502
46058
23421
41676
3235
35925
2766
7606
72303
93230
19575
93986
65932
23365
75498
7649
37255
77653
2435
37027
39440
22572
18717
51733
58736
68784
9326
35913
51401
497
99745
23995
6870
71206
95862
70134
16611
55392
18715
19641
97142
0
93191
66978
44797
75814
40886
23069
26794
89260
92672
78900
95485
87811
57334
85595
67406
56597
49720
16128
9182
14587
501
63403
2582
86330
62734
89424
57931
42792
20325
94519
99607
25111
70667
89060
34965
97162
73203
4451
12457
4880
2855
86381
48085
69875
3135
38412
86616
58770
47717
88686
32233
49548
20656
24481
47551
7182
75554
18476
90720
61271
45790
1679
93871
47573
43881
69714
13802
9700
4148
37237
86106
4372
90142
52569
48425
41896
91848
2768
5383
14447
26827
62218
18681
93980
90271
33265
67811
61011
29073
74766
32517
73136
45614
79512
49644
70840
42748
3273
26087
19246
28782
20948
53997
36331
35096
39988
2003
71262
55292
30212
26427
76137
72871
12845
99798
37235
29239
52367
55678
56787
78080
31675
16142
72030
88898
39425
31333
58748
76036
28715
86062
54175
62198
11988
37405
51944
97128
37441
91571
12476
67465
15261
24358
93558
12144
39518
81508
93948
98005
75025
12832
24104
38294
51360
25326
63776
46644
88938
8631
30029
72247
29229
11130
93331
40160
55815
8249
87485
82421
6173
58258
4881
92654
24549
12994
11929
4735
19909
34375
43900
31636
53171
52041
99298
56845
61407
32238
80505
46977
58562
40400
14639
1031
38018
49222
86509
13106
36668
29431
20163
33190
86766
58844
76117
47
73713
67252
22319
24093
19563
1132
25934
98540
13533
42064
80120
94489
5123
48166
36669
59143
92553
4023
35206
96391
11203
69872
40397
1060
1858
9409
1617
34430
84550
59263
13313
3224
82002
52673
23013
94155
55863
34800
35010
89066
0
51382
6622
41970
35800
75095
53315
0
25141
24349
59611
33626
31733
23216
23073
80239
58155
65247
70825
37766
29253
5174
87608
60388
77809
30850
8345
82780
46695
35654
55052
20719
90505
4389
64434
1812
9498
82472
83366
40428
29715
97432
70202
26740
66167
9950
88587
14785
93528
83793
92596
40704
23016
22697
16462
59542
35283
88798
96566
141
36681
58584
90813
2000
8396
72474
98256
84039
24278
33897
45266
4155
17204
4313
734
24042
31501
618
48329
15782
0
93663
20778
36626
60904
37719
56772
90933
73634
69055
89410
84527
29454
54797
15406
56521
7620
24401
14734
37823
41277
73619
52949
99780
83329
58759
25203
48895
50234
18342
16815
47010
87554
16200
76089
56401
23544
27261
3349
35988
80682
48061
93629
58004
19847
12764
42011
0
82391
89841
88711
67766
53567
93249
79124
75456
56307
80952
17001
39472
88482
1714
77288
88954
77909
10893
38275
87439
76918
99118
43237
28715
6877
46232
14527
3703
2794
32956
47059
37033
61573
68617
61946
40662
18082
31860
94674
84472
420
37313
86488
49895
83063
92182
64882
36315
89838
1334
65642
87921
52344
75669
47173
45699
75625
80807
47727
52306
21561
89187
45321
64547
96870
99385
53570
51611
9691
49247
12708
59488
37561
78662
34734
5903
1470
72582
66405
55761
65786
26746
78886
48140
83165
38585
97515
75519
85409
3845
20994
10706
70259
1840
22614
51452
76320
61448
8059
9971
49708
32270
24406
14072
64727
18809
44034
25637
93410
741
65880
1631
77091
90127
39964
87321
44253
16234
84675
28357
98090
91451
79108
56490
21557
38764
66977
73221
17507
19133
67094
20807
92902
57781
42004
74813
72470
36002
17895
9266
36150
99816
52753
77866
4479
47681
64855
2154
25647
86086
82537
78652
82855
60823
25397
56705
22216
61603
80361
47729
68832
54352
75072
91162
43384
33687
78472
48616
50073
59654
81248
85770
79034
47527
71762
48045
60443
61875
45976
77785
23801
44299
8111
29705
27517
41559
80191
91042
44670
28924
37663
62831
14040
41544
91910
27412
39916
27087
79700
23953
45989
41819
85350
75607
91014
60234
5219
0
40622
14531
65185
73052
58088
53658
47725
80924
42264
63576
2295
42338
13548
46016
21227
72995
83297
88345
39477
20467
89636
80616
62143
67455
49392
7295
78354
13946
94787
55584
30210
50374
99468
2207
74711
68194
1756
38101
85944
81907
7522
29629
68402
27531
96479
41615
31012
69586
84902
30679
6800
84430
35789
66835
71126
19193
85878
20080
30882
0
78720
1794
17749
51978
60142
49038
68101
3852
62679
57423
51422
57041
93641
8037
98284
98698
33400
32083
43368
61400
6086
90993
69551
3036
16655
16160
32111
60247
31269
60013
97188
96620
80864
49891
36534
45052
95412
51556
19330
19659
11634
60856
26465
82531
9147
59401
43688
70698
2928
94088
52247
8523
36987
41965
74182
65557
61491
93517
73415
3030
48752
5804
14872
31162
58467
11971
91587
77128
80950
52746
888
4439
45898
18849
71362
69562
63787
2897
27814
72884
39384
51656
17362
2750
56032
39221
90770
75604
96901
66676
55140
91377
40402
43575
6730
61608
22309
66775
95306
23437
50797
66441
86830
61601
47670
86883
12174
29752
23756
86459
75419
25886
42542
37563
22828
38169
44217
0
4325
98298
4118
60762
59474
70865
57489
63512
30127
78572
76127
73383
41557
93581
2291
77821
96345
10448
69788
24618
64813
81204
92762
90445
32679
8327
93213
5310
29841
76363
50490
18375
20793
98591
72901
35765
63491
70489
44747
47946
43896
40543
26857
8937
54598
5225
48183
71279
29451
19926
59413
43315
97786
37997
15826
35932
43888
47391
96347
95841
87527
68571
38725
69226
93653
19199
45209
6149
80102
41860
29724
1439
4332
89774
87379
25429
66931
76494
72555
59220
59927
93067
97045
34894
94001
39756
74912
50513
0
69832
0
35508
56150
42278
84457
58122
78414
60950
76773
28072
85604
76076
14575
74240
20166
97169
85954
25126
49808
39104
67544
68941
32463
83790
84231
29029
39589
38199
71243
65735
19485
86058
15414
7303
42510
90632
86238
60843
90606
18200
21596
11978
18017
3813
51227
17514
34607
36121
59524
59786
62413
41232
83986
30486
27111
53353
64524
64995
28713
8074
66302
51462
48522
39321
12719
31242
65706
36636
68528
0
77204
68298
27272
34747
56279
62626
29276
44625
3139
65724
33240
58051
64803
58970
10627
84397
94584
62082
87170
17039
30189
43545
1295
17819
28283
64829
98615
40790
43702
13223
63414
50293
69051
86996
4510
89279
76583
92811
66508
41141
22750
85135
32567
83375
50020
95020
83518
78399
62557
10031
44437
88675
90384
84537
58160
43509
42427
6278
90178
85522
62552
5406
43264
78265
43851
0
69685
68532
61922
27830
27908
88452
84440
33136
13442
91262
6625
61037
83419
37693
2579
5598
67470
8899
97239
52522
40434
24770
19812
19655
80230
8965
9913
71610
20898
66685
66592
52392
21685
40362
54645
84876
75116
7728
54697
2978
20204
12576
98697
53009
72192
69865
99435
52106
98890
38915
79612
52246
12980
68968
5059
61522
68020
90905
86314
97413
12525
9539
56696
73102
33497
7698
569
30677
15381
81514
50673
30340
36805
27897
80919
53513
68363
23101
36812
89036
90716
24287
49918
55514
21661
97230
71342
70149
72644
16668
11510
66756
48369
2451
83554
64947
39219
25126
3835
58097
98346
59720
28535
19881
75093
25391
28001
52322
24705
0
12237
70547
89673
22638
93417
59016
50234
54193
89415
32359
94307
0
75897
11806
3412
38620
40527
88098
84563
89629
71058
16734
42285
74046
5308
40430
46122
64281
49755
7973
27292
25656
47164
88306
35106
45044
63809
69761
78590
2716
32373
83995
19819
87106
1253
51339
9264
50713
54655
1073
76150
37417
93644
10987
87903
78260
88411
82744
19872
73528
27336
80050
61288
24885
27641
89682
83507
3477
84697
88895
50898
31745
24840
67660
24209
19090
73043
24205
16948
48938
29679
59581
48365
57945
76664
70631
64615
57319
45328
3181
68827
21925
86922
20234
26589
6475
70878
1912
24483
9367
18963
79148
60580
968
63534
99811
39469
81861
95498
3872
18196
86475
62695
65216
99231
86944
13927
32315
48911
29773
67153
13334
49107
0
17624
64855
31779
56985
97434
60984
82457
52028
26000
1380
96689
55857
72069
92178
71267
15032
65434
40979
34782
88603
54212
48735
66707
8759
60401
37438
84388
44806
56303
1585
9746
45381
14361
29113
90134
48452
39116
61598
0
50660
91586
67065
94012
58768
98661
5827
82890
33880
15100
55393
91476
0
65457
54814
64907
32655
20654
59478
42374
59256
58163
76602
60646
13864
35004
35309
60190
22583
88610
2298
74521
83807
16257
77459
88542
80425
57166
29623
67331
11817
85103
25956
42920
79152
5620
65370
26657
24850
44039
2108
26746
10226
50148
97773
66372
6843
98854
63508
46188
87093
11877
54885
64347
61918
91748
2438
90367
35440
93493
44174
14479
36469
69054
12316
66933
69643
45881
92502
88540
40546
43413
16015
59167
12843
35442
89984
37104
23933
49438
7814
50263
97135
11529
94309
45037
28650
90319
28121
24837
9305
42323
16470
92901
88231
90206
37446
40829
74209
65868
48070
56560
42488
61536
7364
67068
88578
1550
0
75591
83170
31654
27857
2145
43570
51707
24338
38283
55533
90
54864
44805
56211
39743
54220
18362
27393
53285
63525
31867
51776
80979
50869
9041
8428
72451
56055
54905
87403
28065
63931
46541
44767
27190
40561
65776
41910
64775
1488
52922
32932
39924
13883
34818
43392
28672
3929
35414
46868
98416
47254
58434
460
24457
27954
42169
79081
20684
16443
52526
99037
20544
3030
94034
2956
42328
27267
70542
64885
79455
48187
82194
29429
12473
47102
78027
38181
91246
57929
92882
63771
0
54266
21109
3712
64044
21372
33021
14617
38794
36402
9538
91848
84880
39136
26143
78265
86681
26862
15525
51767
39490
28794
67904
83687
61448
55373
87494
99206
95904
79254
68743
70878
34604
64835
32072
32989
69528
19347
45034
18932
9134
57293
77855
49836
47955
82937
75002
13378
14748
57996
278
21980
65803
39443
76788
75383
96646
60216
29107
33923
74924
44156
0
91806
65765
88693
71319
33976
52205
71631
95274
53111
24194
76098
76945
45548
13166
79509
89864
5415
51738
63952
48627
71815
29444
80178
47163
75324
23967
86682
42766
66934
10353
67609
86475
67514
22870
4895
39158
83500
83945
84419
61848
81501
5721
11933
42831
39546
76629
93817
72241
35712
77469
88989
94309
71352
29356
37029
19675
36189
91451
93714
73
31730
92010
61839
11280
4026
68896
38968
99052
59525
70693
52530
63109
57577
16177
21392
0
55401
42498
47849
30770
55411
63723
67194
45545
90461
35606
9460
5107
63065
71039
28855
59010
27009
39938
73543
23678
51181
61247
59502
33252
51841
37562
50240
1036
82780
12852
56100
67401
88535
43105
18191
74259
73566
87184
67769
81206
75577
43239
12399
71523
28385
62134
93636
47279
47147
44399
6974
73115
33837
32514
41657
37983
47572
95116
93330
54486
86789
94154
24167
66932
53614
69205
27217
7624
82061
35128
93602
66776
70542
99264
90423
5440
96156
87465
41629
6264
91926
28177
65534
59443
66514
60710
2492
14147
19997
30846
41064
16114
60960
2139
57136
49261
52954
13273
87597
54697
30257
89053
5393
37972
76394
30990
8345
50231
81642
32176
91217
55647
41279
46055
18684
23761
17927
35778
74011
93218
36742
95602
36030
59148
33751
99721
72398
87829
32183
78642
50431
29024
9138
99028
71335
40100
45768
77183
77411
44453
42335
42167
50667
79810
90198
69867
53064
90778
83510
2956
61535
75462
66306
7230
4504
82236
14509
18055
29322
44753
74555
88647
46327
87286
31375
75746
2368
9373
13512
39411
15253
21761
3926
20724
46793
39515
775
0
60567
68256
86055
47428
71861
70929
89808
78
31492
24492
26657
4702
96182
11241
27429
34917
44146
82120
30728
39401
0
30871
9084
26060
10899
23953
94514
43502
23589
69353
61210
63411
38812
44168
27814
80060
59415
78841
95798
55906
95784
65630
27815
9286
21744
92527
52983
88236
3958
74179
10535
53585
86706
47091
68028
11176
91483
86922
21798
45606
16574
51451
26014
53865
86877
73473
26569
11794
18390
99786
66761
80908
55373
20144
83227
80448
70282
58355
21983
25331
97385
23091
68408
92172
29813
42522
23847
35370
13428
79884
8512
43321
37119
91042
92567
91185
68206
75947
67419
93906
64340
37976
29775
50289
90826
78227
27225
7145
72384
57726
44087
54870
87145
5808
74228
75540
51666
37350
88233
76211
50599
90846
29898
33070
41328
80421
48860
96468
11597
88054
56105
19595
37985
54580
98885
17947
89286
81180
40861
34649
65459
84807
17277
16555
40772
2682
2408
38587
13788
60257
48073
10326
60630
21516
6902
92216
35921
33678
51253
90737
45675
14740
99433
34331
87145
47536
45250
37291
66681
29759
64454
74429
9482
75738
17240
24377
89810
17884
5117
63709
2421
59806
84566
65366
95742
98081
7195
41897
92839
81988
51509
0
94594
56507
77949
19407
6905
98632
63096
58320
92329
80030
27217
90610
69993
42605
74760
42579
91848
52622
76932
16195
36740
54408
48713
52980
36568
96469
70526
49097
96832
16973
7563
18509
43892
83285
32061
15724
30324
99628
57706
17318
89085
66862
39067
95523
91048
61662
59705
77695
0
0
3689
15260
95273
98702
46898
82693
44496
80342
65132
30886
33250
75952
88450
53262
99019
88393
56680
51845
32384
83103
64652
71053
78234
50388
77436
93418
43443
55364
85991
52936
40670
95389
43939
36773
99511
72412
87049
98361
33552
48530
3033
61010
80166
22443
95717
3232
37620
12184
48465
49994
22896
65375
76433
40822
79727
57702
65290
26424
30904
40863
32602
83452
42818
49737
54245
2431
34400
19907
87924
73027
3517
32902
91246
4006
40995
50359
92455
58522
10580
93305
20900
14774
81986
77783
56841
13866
93174
73621
99945
67843
43538
13899
58571
88830
99099
25689
84117
54892
21544
6145
92311
5498
74682
50746
25259
41294
14030
75774
54954
14726
48669
72361
65005
45476
60409
84775
76081
11676
25648
5010
26052
70320
728
23772
22715
7725
11053
85823
70544
33634
67601
2017
90640
72615
62577
1115
98095
18322
98213
90865
20647
10551
88807
71267
61747
3301
63101
85681
5334
71366
29793
16076
60457
11121
83522
96121
13789
2263
16277
39331
94355
48136
26737
56958
789
13327
9535
29021
77531
36510
21603
20565
50640
583
10834
61709
96416
44996
14264
64517
67828
2828
13398
39791
91108
59410
74689
70124
15092
97566
9039
54239
44093
85552
92957
59933
77852
36656
79790
36631
94367
98082
30249
30707
82148
37649
85643
74490
50232
87361
65935
4446
38617
85176
20176
96999
85559
53578
57636
54538
4535
33002
52595
77
49692
13708
12003
25682
37419
96298
28536
85242
56953
18489
91893
2548
36416
72144
61582
61931
79408
54246
29484
93064
38687
95377
7212
49709
49826
45348
32587
59503
91655
39619
27800
55542
6189
75147
15182
37444
90622
50364
23430
83095
16729
22704
72220
82433
58598
73823
60197
7870
62293
90729
53274
46370
50455
39495
65732
93877
88455
42237
16562
17573
58745
41936
81196
95185
22465
10409
52122
13819
47799
9513
19129
90338
52050
86065
15718
21031
46083
56846
21997
17700
18130
39510
85402
8550
62749
37483
18599
28930
29173
86371
63672
79999
26922
19657
3056
89318
77166
52969
79455
46130
42560
9929
91248
42414
56758
10334
41683
91078
60238
18315
6089
84555
4536
4082
77750
71206
18323
7078
52002
48007
70399
11275
60067
47647
51412
79945
73181
50887
6909
86290
13630
33960
37693
51945
40616
18613
78912
76010
54170
81875
6258
21156
42172
6732
70726
16867
17124
81177
54066
6534
49583
3782
67648
8780
38003
60260
33078
41528
76551
36296
31883
53780
10126
1548
81604
21058
51418
24223
61198
5104
43915
26404
88277
73209
32785
758
18794
92667
10315
32389
33438
70931
0
91746
52155
43815
19063
35839
22517
45540
38970
72240
78229
35631
7565
44808
34652
90574
63472
27184
25487
92872
43030
3016
99415
9573
80495
8756
97033
33984
41807
5847
3212
39038
97678
88563
67349
19623
96713
27597
20465
52821
89733
80500
9492
57135
8709
8412
18524
63266
37776
4032
27236
80058
78406
82955
97585
5332
86411
34006
95045
42021
37089
8040
38880
79647
55150
29080
58988
68049
72355
95996
13202
77884
37041
27919
95706
11042
86276
50281
68612
66497
78253
82368
39610
54859
15211
68345
44522
19981
75932
37434
56824
39765
38860
55072
21961
65722
5634
1899
24875
26135
16294
24552
76223
78262
42688
39336
57342
524
59852
191
93406
91155
0
99436
35631
27174
90750
98352
73172
90375
98137
9193
4875
78377
52085
339
10360
13785
76607
42532
85110
85975
63734
24629
22518
81819
7361
45867
60307
72165
39109
28821
54246
15991
87959
54067
84097
39030
78277
47826
48017
59476
57330
97556
66272
78949
74776
71602
17958
29575
76824
98466
71397
88833
59520
16677
38618
12790
24950
54218
37929
53336
73703
21037
82995
49710
72178
76596
29331
79639
61083
96052
34379
83606
15569
91882
42082
67872
35039
94124
20818
86437
42901
2045
2720
52821
77498
49562
87507
14370
92038
74779
73761
52447
39854
39159
73683
37311
47936
94287
22056
88063
89843
3582
31316
90801
39090
92652
45676
58416
60271
17801
4124
546
913
0
62217
54131
70029
78029
16418
76250
73949
52342
0
34037
80730
72680
48134
49664
46703
96470
29631
89663
99398
67399
83659
98223
27917
10362
30746
23504
62837
73483
58148
51345
15059
53036
82382
25571
4416
36339
646
19913
29066
23827
64692
5655
81388
50981
93165
0
17179
51126
10964
71931
25025
12764
80589
54094
89000
9294
89382
75349
23546
31242
76265
80419
30338
58640
19467
58270
68716
0
42063
89655
48546
94481
82134
66767
10074
62686
93897
46410
76254
5857
15936
72697
8515
96265
68447
0
6070
39147
96745
50451
26765
37321
81244
68456
37998
50173
66781
6509
37242
8911
98762
31834
1518
88468
32311
85743
84493
44507
89139
79046
66927
49820
84966
25782
91090
35093
64637
81480
4035
79924
90723
73287
97528
86965
47456
58532
33813
81218
17761
21206
61057
51316
34624
43148
28280
15311
77900
98920
70124
58162
72661
47512
72527
34509
45838
35636
19123
60342
26344
36209
10037
12306
74595
66239
55412
74958
97156
93801
72291
7506
22369
30474
46656
51769
15470
81990
93380
4183
77451
14945
78094
34212
75418
93398
85917
71930
61701
0
94094
7866
84681
84202
10811
50732
89261
9371
38561
27497
4153
69184
42217
60129
98400
69320
84795
54583
49624
29421
74636
54676
25431
56772
35210
99672
32111
91497
70115
3849
11820
60440
96518
13192
79340
3958
84238
21851
72490
53124
17033
46176
49938
60932
52876
45252
68209
61271
87077
60974
55793
58701
12062
0
34242
21243
97701
62694
28952
80247
26970
29476
46351
45936
91986
53621
27806
30166
93602
94166
12885
35188
38919
16358
71707
53172
84375
34597
70526
14204
21805
75868
35864
28628
80969
21520
87994
81823
19441
41034
48282
4529
79943
42024
28967
77656
94228
86052
45264
3491
48487
55172
45350
96968
4606
23227
19164
35804
58714
33986
42525
7013
61183
66048
69103
84762
8904
95550
59267
2242
7490
16376
7161
73042
24662
7428
26025
92947
74520
9389
92652
93241
58977
86141
93308
13676
82711
23860
65040
10693
35480
66553
86595
47998
69547
18189
91734
49971
79573
70282
26644
24485
96886
10227
32862
31786
65899
34111
62795
21797
11398
77125
29045
292
6864
79354
95974
22493
64013
97397
65263
18634
65946
99212
5031
85186
14808
62785
3658
6073
58778
60188
75715
69198
56334
94107
71843
68981
26423
4827
17187
28291
31007
55834
6082
47726
64358
49132
98448
53656
34801
59743
11781
76060
55907
92805
83967
66031
54296
3773
32638
97361
38627
70935
76268
34999
39939
33444
94596
43967
76222
63634
51542
36761
4773
42797
47800
32531
61943
97134
40193
69954
20835
19176
30232
20341
44925
3694
82105
83558
15178
13380
28687
8139
66423
90567
47999
55898
1155
1376
23955
17294
87737
92667
60260
25153
29879
39474
51769
73747
94059
16663
28476
96346
4489
79778
47173
67027
38701
5247
93172
50418
94171
12528
80334
0
17437
52712
85149
24
81799
79671
49555
55268
59303
69835
1525
7791
37822
12172
35714
82059
91893
4434
41288
38399
76005
14645
50517
74276
59410
49777
73586
65601
22109
34136
20280
90454
98409
61588
30466
57458
68155
39869
94638
90386
24917
90546
77583
98137
91165
19415
73311
60798
14941
14219
83793
55033
36911
27143
74555
36135
81962
10856
4446
32665
59370
2350
1890
46081
33088
6152
50667
34997
15579
43760
97514
20466
82646
7375
28919
91938
2368
59901
22976
3169
87813
25579
9444
42148
82544
37860
5620
30103
37929
22951
31158
22949
68279
50330
10653
14290
18898
59070
67094
68108
79995
81450
20559
30138
25866
23406
33262
98801
32063
31307
83033
57180
0
79191
77220
46137
65504
12949
84400
55892
83653
87047
99150
33198
66150
62207
75212
28561
67131
40205
99738
97368
14347
4967
54945
53281
8857
94678
96402
83687
28809
82822
15198
71156
67080
31008
29920
60550
94779
14259
36186
16873
47365
92691
65470
12857
87273
50205
85698
70173
76741
63859
28202
68080
29849
84183
96356
231
15455
64725
14993
55451
56084
84935
42156
12938
42198
50441
92013
84592
73798
58939
20264
61791
82603
42643
17044
46011
97513
0
68380
90831
20896
10161
61543
81059
59210
1156
32678
28339
11431
94687
38877
36549
5189
17372
87929
89910
53997
39454
28995
81915
32083
45251
20716
13653
14048
93207
71939
37136
23292
85560
60077
915
44217
32891
63674
3908
40119
43477
94664
17196
60470
14847
1313
54641
63891
0
86154
73624
56512
5561
96890
9711
96859
81478
83322
13788
72316
91989
9891
39343
0
99022
95416
56176
92818
69382
0
1823
16514
18458
71204
95029
63403
75288
291
84396
9383
0
40355
64781
53121
64942
48841
25642
80743
53957
90812
50797
18652
99886
53299
52041
79115
97900
66306
41088
83616
42393
85512
50596
45977
88482
26786
75039
45919
19804
53815
55667
29827
22754
29722
89251
63843
96822
1915
77208
28826
97255
2194
0
56020
90461
26278
14415
42830
21239
98837
52273
30428
8971
80782
17909
37633
83095
49991
54980
64320
76038
58598
44987
37688
74696
55341
30155
81552
19411
58673
0
52538
19242
20284
46967
89659
12252
0
22158
40044
85118
55586
26834
28228
0
77476
90695
90290
860
90401
60276
6482
24154
60428
65415
46124
40401
21845
39246
68310
18524
53884
56219
3333
12970
86449
2398
92750
99498
23575
29209
20624
9784
15337
86426
78601
64151
30991
11815
85151
96362
90373
0
62126
86076
51016
24909
94169
90174
44939
1158
22688
54817
78240
39417
22681
10127
36696
63140
15413
20341
3072
63515
93059
42197
1096
40227
3588
4739
44165
8882
98082
1516
18502
56066
7203
37034
13328
25770
21983
19057
93785
6829
70047
53989
35692
67685
64785
26853
55998
83680
64191
25177
0
31037
39172
12392
50646
4940
77200
76787
17608
16997
58926
43909
56689
0
41944
94603
24846
204
23017
61028
50369
46822
5946
34746
89868
77037
61590
91538
73437
15966
96458
91784
16823
99580
51860
71801
5586
91093
42356
33736
68776
64232
14731
87874
4945
61603
60489
28422
31210
12701
31451
88158
64678
36151
93940
6355
51616
27559
18475
87837
92978
25980
51695
2395
1531
61150
56898
57894
77448
5137
9175
85653
66060
90999
69722
12258
41640
83900
634
93389
68504
77290
52706
57428
72351
21523
22573
20001
30085
12872
50471
11491
1766
50253
84525
63289
39910
42955
2903
20315
56770
9014
77520
0
40210
67695
75698
32716
2320
90513
94782
21766
78568
22784
1237
25933
92095
37951
47360
32021
56093
54613
61719
67275
42814
40972
98627
93851
47447
50547
45411
60761
48842
34575
24744
97615
60600
42705
65471
99651
11766
32143
79294
44224
2856
29311
59546
29187
77297
48219
54797
32133
78104
80425
34122
79851
60653
79715
18268
5889
45745
17956
30711
63277
74274
52687
50444
9006
19121
13353
8320
3195
8845
40816
33424
32297
31757
19607
15840
92737
35693
68843
44598
26844
98048
72974
46436
6189
93149
15851
20802
98055
50397
37799
92217
80547
70743
45780
30878
6909
4541
89198
30674
97085
51137
16125
33396
7813
12053
53013
21224
42042
81717
41243
51327
33855
96858
743
74067
89001
40771
73666
21240
2559
96198
56850
42327
7087
65575
28829
25704
93747
95924
79538
22562
50425
56127
25988
10408
0
0
13321
84027
33687
84789
80144
65593
94563
45666
83761
49313
52559
62955
21233
85277
97788
20173
43382
32130
75292
92541
65188
75168
74821
69498
28164
79802
88304
70776
80700
92116
82420
24567
1010
12697
46429
59327
90380
8369
88715
51582
29268
16321
1485
30365
2487
41234
93181
76146
43354
87912
40627
8717
37693
19070
13295
84952
15767
98901
20433
51356
97135
58590
14558
17918
78592
57905
57401
82280
32702
21661
82441
77912
60098
76833
6277
73220
60958
14511
64292
35038
95677
37609
4399
12044
76788
60183
78803
25420
57553
38009
63168
62479
64428
69280
28432
46469
57269
90293
11484
23382
14301
64529
11175
87164
72845
417
28810
97855
72451
48934
22357
22148
16319
44306
11860
29414
27128
77278
24084
28290
84693
6160
68043
78320
10104
11443
51558
57611
62106
56359
23251
77731
68743
92145
31721
32407
1626
17324
30832
18020
22024
94627
67729
69357
60884
50908
0
34331
78469
66707
5663
10887
51802
69843
97510
54005
68362
87416
34115
82283
85718
26658
54517
25002
23323
31855
1093
4655
28453
72458
1513
60604
7628
34368
13751
15414
96643
80670
36803
84518
52005
36244
15262
10705
20525
8603
87443
77571
84048
31488
19018
36311
16769
6907
90701
42897
7628
88217
86941
38417
31264
10928
6127
18337
13493
14960
74905
74339
86890
40350
59006
1915
23791
46197
45265
936
3764
94202
33443
43548
44071
87073
55564
15628
44464
56537
28133
2985
65784
67764
59606
16084
57031
92069
34093
75370
11377
32011
46376
35569
71700
4444
67463
3989
40373
9091
7657
76735
49502
9636
21913
15426
80218
29293
99763
33180
95874
41217
27144
71210
45774
32374
2682
61144
63703
5166
28836
21677
95174
87787
93154
97258
99875
89109
19394
74503
96106
12025
96752
0
29834
73086
31415
16510
92627
61495
73129
8751
17583
25260
95820
16727
72384
35266
49186
1390
42959
16917
32010
75487
98723
48384
35147
35598
5400
88745
23237
68004
57933
2053
47185
34760
55943
77755
39806
94149
47586
66440
41964
94019
81878
28314
73203
97864
20437
41453
20492
84074
29784
67065
0
5426
31363
50662
76936
97475
47795
69436
78087
32273
70256
51098
23275
82275
87491
50551
34994
46773
96383
87953
15999
96165
14188
4131
1211
82883
22649
71962
85597
57967
27264
10380
42028
5188
70117
45922
24452
42233
65483
30978
12668
58108
57735
97820
32454
86023
60960
99988
58410
72346
92174
62151
41154
22225
90284
99810
99111
91964
72113
57409
54887
39880
40193
1863
65371
79548
50331
60607
59242
62561
53792
27484
63366
85940
47380
45389
81991
73814
91028
80034
78501
65278
48914
2719
87950
52537
324
12899
64480
61593
32653
54461
926
1456
68664
15571
18995
46150
48181
17773
37810
11441
1504
99963
4984
52836
51379
67896
28224
85269
58245
207
40244
89970
27733
32015
5149
95069
64504
88398
2593
26687
56220
55338
47710
26950
60863
37619
31729
48640
72858
98450
85161
42188
57476
39526
59073
0
4123
11829
10991
98547
26518
41391
87293
5208
49598
57082
19476
52430
40238
98089
85862
25097
1162
50850
35696
99478
41556
62153
27460
29145
55240
94074
99698
19739
92853
55744
21048
837
0
2750
52080
98476
72939
0
19691
46061
14865
97254
41875
24172
97844
71703
56007
821
18679
30367
33105
64020
20954
64282
40376
46152
83517
27128
17701
13527
40931
16303
69908
21766
60060
12443
43192
77558
19105
18
21809
2108
34860
81421
32856
45295
90382
14107
55461
98668
56191
19583
18878
48899
73590
19718
32574
42132
19869
44765
22072
22481
53383
72149
27931
67511
28667
78372
65733
41444
27121
27552
85313
15225
67892
8963
61887
87203
69335
34018
30356
90526
80363
15833
36884
57919
49456
85241
77297
42813
19020
95973
53942
78418
64643
86092
57512
69622
94644
28116
95073
66757
68812
75807
1659
48723
85116
68749
29938
64544
86936
11352
67725
65542
60460
94246
67133
77878
19765
14621
42569
32389
37146
9608
32362
92585
27632
26982
32702
4923
15297
84122
65573
38376
58098
14896
64034
30412
90660
42585
91535
48175
24988
89865
60953
49297
22266
43129
56368
68650
21932
80270
19667
93026
12524
30682
90047
42046
55540
38448
79324
25538
27525
81406
35798
1595
17643
32633
87879
69518
48157
97276
32887
94679
59266
29105
25475
41917
22550
69087
35230
69619
25950
26128
83013
78472
57582
87337
94523
72777
45225
11500
43491
36837
75105
74497
30817
35915
4247
67135
11074
58714
54304
91541
17553
29921
97540
94701
8790
90745
74087
14556
84983
50086
44139
412
15586
16662
24520
66219
269
26156
38796
96719
41284
69237
61264
40871
15512
33390
49352
97513
66539
54109
34574
93579
93232
36525
19668
55817
39216
22584
11863
99932
3939
26339
70748
20486
22573
82473
20148
34651
51812
14035
49928
49293
14416
75838
12356
86684
34321
95127
41389
58060
6084
86873
16482
1880
27499
7259
30052
91089
4500
71608
57205
71059
31606
42447
99389
34770
36568
63860
194
45215
82447
26905
12578
86013
48542
67144
84814
44869
21020
77277
96161
15312
27792
0
95914
65890
50829
20174
48903
90302
29083
23445
57870
8245
90908
75265
46909
36160
32583
60494
57858
43515
33611
87247
54853
20297
21724
86894
53601
11362
77654
72608
29224
24529
36821
52280
50843
99435
32838
4818
46253
84467
36854
95299
74113
77471
49547
55272
58386
75196
18052
5278
19321
96410
26930
29156
61170
47152
71345
77087
3073
54195
31931
16574
62515
17582
76422
84554
66192
98609
99129
81925
21350
31274
4983
27363
99051
96766
87344
32379
97630
94565
94473
5398
48629
69264
49937
29564
63983
3989
59093
31627
77332
47701
49911
58190
61671
91992
7347
17422
21864
33270
73089
48179
73769
54329
4599
65491
15399
42605
22562
24573
78317
65769
49844
21769
44363
65543
88913
82544
38814
24475
2684
15499
75001
39907
20017
68121
57354
29487
95246
25434
24467
91495
52877
91540
88947
96433
56896
83209
39090
51551
68920
59182
78984
78133
87685
58670
78010
74369
66573
67149
0
62365
87234
7819
45872
3256
2561
43812
92143
31128
4439
19377
36453
42042
42993
75933
95592
79334
38546
2037
60045
85243
24196
17205
28652
25097
58297
88848
24534
33421
65000
93461
38169
12056
9003
29503
72818
35893
72174
0
41580
53909
43875
88824
46936
22881
45142
16420
46783
65218
53756
10379
53725
17862
84263
50764
11665
77577
49784
90476
33092
85701
30751
35661
41543
51096
63020
78049
44472
6160
74374
77614
52061
95184
3729
81358
10733
58627
5750
27301
47663
88912
9583
82469
68801
1557
16181
88065
98944
30938
1559
25859
42549
15345
30913
51528
94780
14768
91524
92266
33751
62742
9483
68210
40438
26508
32971
95224
45650
94873
17295
17896
83884
58010
95279
71025
86126
50237
68132
33668
33045
82759
53861
43382
56986
96606
29062
41319
53102
55597
76398
66244
35232
32230
34495
41061
76611
13466
85498
34678
13004
70465
97086
51076
40721
9653
98342
44695
26869
23262
31524
53439
0
23909
7782
4392
67654
10290
27939
36097
93716
58058
77618
64942
50408
27520
23014
38999
2117
43927
39337
6839
15363
60373
76827
6444
32665
15658
50299
33902
34467
86732
21386
96972
11401
98675
97877
41199
94335
74342
22157
75540
99535
18905
20833
29628
0
4884
23285
54288
6947
49085
71456
13977
42481
60669
44520
32166
10289
73517
18339
75821
79415
50647
85884
32299
41145
60238
43794
23959
10746
57354
60786
64120
97620
6927
11567
80683
70161
66600
81960
93673
29936
11564
9003
88574
65253
88588
38130
82287
77655
52114
22960
67693
71068
86080
96146
8643
97350
76951
61438
30264
11411
91614
5441
77070
87449
96312
17910
87090
36701
45193
7481
20627
55641
8496
21873
93202
59717
52698
8292
85807
9217
62862
94142
55775
34571
26147
23731
7104
93219
28763
18432
84256
34705
71078
51079
94688
7094
38585
80726
18145
40332
40125
37652
11367
5227
72860
70672
34617
86243
29311
58649
61185
84953
60424
89719
43112
46666
8380
24367
70138
17292
19681
43605
47185
89355
70834
90386
30918
38075
29556
58833
73044
1624
96700
1510
5294
9702
13366
44706
41764
74425
78549
1782
69167
49135
38312
10764
16946
26689
51287
90615
27334
96113
16098
10789
97045
95977
37865
50699
47298
44045
51724
32431
73455
83752
87961
49813
9485
60685
31711
70750
77394
47233
13207
85916
14397
30944
68848
55384
79479
48269
10094
19473
39752
66659
19416
5519
43505
2205
21496
72747
10178
33453
67747
91405
85466
17597
62522
43267
30120
89481
79085
26214
72542
16275
45556
74539
80529
45706
37737
49667
38402
27165
91751
58426
24347
84578
61230
38485
79053
59743
56965
31184
61937
64372
64816
8925
87865
78387
98771
1631
57159
9003
52607
61534
6007
38438
726
68515
84777
11378
19138
34395
23148
15287
22639
49150
56164
76807
81789
66369
56984
36237
21269
53417
59675
66543
88109
16468
88027
3538
8805
57807
11546
15393
26379
41389
92679
36637
86202
68695
38273
81303
37511
93888
17609
9659
36383
86905
80932
87507
26326
49576
11440
1317
68406
234
88724
39296
2317
85458
42054
19248
10858
58101
62595
495
79296
66100
3762
98875
52519
32772
54037
76531
3369
43111
73516
64793
0
76841
75143
67858
203
81892
38370
12325
90754
18626
89790
61302
91384
84484
72193
69717
19057
4375
39242
27028
14610
4291
84086
25711
61246
45436
99720
12517
0
17067
75855
31505
16461
74382
88658
9152
52839
82492
49004
67849
68182
14723
60294
50011
10058
79912
3839
8799
41944
63802
68731
48875
18232
32263
80779
40630
65491
46273
8252
63255
55030
90631
68569
85348
90944
3630
75602
0
27665
2340
20706
86364
26759
48451
34519
23085
63072
18708
38516
22400
98021
79351
35197
70241
54786
12886
33820
48041
98452
63299
91065
62372
39312
91317
75860
43080
77926
37914
6546
77828
69777
3986
44170
55128
25796
4733
87818
15446
45448
57445
77780
30766
20378
58611
86395
66672
74592
67697
39495
43886
46501
74962
57197
46569
47118
39285
42321
52083
71493
3926
95333
34872
8119
60319
89615
32969
83699
84630
25262
49540
46529
50275
81473
94862
22748
41252
45797
53788
25882
44072
0
88328
34276
44753
52526
17577
6001
16575
82487
33376
99071
17795
29211
76391
22851
16288
25238
77879
5200
30052
49191
56043
98286
16379
94370
79955
27277
81734
78405
72401
10514
88585
83289
56801
61390
48773
71900
8116
10039
21910
73093
12088
15457
98913
20271
78590
21908
4849
77836
16672
4255
75218
30242
65333
43000
60487
22170
77058
71128
0
83100
15867
40435
82595
39728
97582
29833
60992
3996
93249
30801
31437
39100
99380
68528
18371
23905
60018
1331
25732
75701
19557
17722
69602
18124
63159
24986
3412
81764
2969
71875
69994
37391
48742
15957
2626
39671
57169
48774
77802
72654
96086
29010
74973
23939
78526
32719
96194
46338
30336
46040
91784
43811
4957
6111
6195
58237
97897
73211
59473
87919
47947
62011
79745
60386
27813
6440
50171
49886
98271
52936
17891
84916
80236
95998
39842
51301
55854
97629
76459
67633
6018
50996
4784
65256
34055
27619
8407
84530
3777
77142
54310
33239
93545
68519
86343
79655
26660
42710
95896
1694
12849
24350
28325
1402
16549
59082
60097
9128
92047
19052
8283
32727
23957
43408
94806
92232
98499
88165
2460
0
46195
2833
68857
26517
20549
42561
56557
0
15010
87872
66850
82434
43307
92697
97428
40322
24682
63525
31353
58000
76357
57213
70784
31426
96610
43434
26143
81424
93221
78015
96946
23163
80527
22031
63268
43791
42476
46059
43316
82912
63421
85229
55296
15097
48505
39939
77482
29764
45979
90421
83706
46377
26502
56016
4332
43545
2001
75097
37607
19286
11776
53263
88815
34079
39498
36049
31895
700
28128
44547
37873
74464
4999
43732
95373
32464
85831
78053
14112
88735
28350
49507
59073
11351
38986
69857
87548
8784
49089
9463
12971
55526
79167
22524
4175
3397
21678
29239
89806
75425
67484
89270
20621
19974
92495
93316
78509
50776
80941
53164
60040
58950
80775
83790
8169
70831
53558
26861
85505
26691
93946
63285
75636
98491
99541
46630
88253
13765
11458
61816
79887
61842
59264
21957
56117
24741
94446
38182
4712
90532
95806
59013
12038
6257
93064
53730
36080
41914
53630
0
49241
83902
23091
25934
58339
28773
8915
76051
55160
38734
30439
60448
92734
57787
59374
45424
25223
5210
34363
22940
86032
69386
96352
57803
24066
96403
7480
51229
1637
45474
49275
75068
24720
14371
81888
84395
88313
96724
81113
93220
41606
38875
45390
39205
80809
6501
76619
66388
93052
37096
78338
18977
35587
33204
8766
28282
53936
97345
33635
91204
16853
57590
45328
86255
41054
78127
67094
82589
23563
68360
82884
59890
45925
9537
12385
3180
68379
17436
15792
72654
56409
8454
22676
7923
5270
14472
23769
44277
31363
87924
69392
94584
25267
44291
930
21091
27432
41060
47614
9137
66553
2895
66649
66325
18993
77349
11972
20041
75230
20716
46319
54560
32023
43585
27292
76177
68273
87289
39031
68385
20036
86970
11954
28301
80890
69692
39231
94043
73532
16459
12877
37875
6857
47638
84543
95594
67018
29587
54474
45416
56434
3119
7487
30122
282
92486
70281
92234
52010
91510
89690
73565
80641
42760
4455
18049
39165
22310
99225
69143
37587
36922
3903
314
22321
80764
41443
31741
33373
39757
22230
83634
68072
80961
74700
8754
85643
90214
6388
61176
66688
60929
45074
37784
90130
76757
73096
778
93247
88748
21203
31891
6750
33319
3746
58896
43766
82603
71844
14881
58857
0
62454
33400
395
77842
73878
42148
14047
37898
74936
38396
88946
23389
35501
2893
68604
78845
58217
87142
27634
64448
33614
39515
90797
84477
0
92746
52665
87063
17653
97183
56135
96589
5242
27639
68530
61593
67574
96212
29753
19896
87160
18562
40086
39394
67582
21054
8708
28343
29531
9455
92267
91176
73576
33678
22329
42712
35866
0
19733
21033
2731
12330
90765
62785
58163
98399
54085
75566
62212
67598
94164
1213
76309
69968
36275
60539
93861
83767
48756
82538
10744
92084
19749
63961
87533
77500
31531
76426
90427
14030
83944
63742
23735
81296
43619
5616
83073
60663
23305
33499
66608
87725
74046
73097
65201
85369
41433
77131
22922
36795
61579
37021
49579
31671
71500
56562
43016
19565
88204
21108
22617
19315
94850
40813
58722
63914
89973
67956
55201
1795
92512
11212
21552
93237
88895
70331
46735
83401
34023
90911
59434
94375
83342
32402
65763
10349
6129
60943
51536
78031
90647
33207
50923
62866
46969
19069
75708
33589
80818
34367
13557
26643
93213
95861
20643
58384
55722
93077
62074
84718
79948
66440
65753
10230
15014
73868
97483
36862
35345
73022
49465
15055
64981
34711
95672
29882
38216
72227
75731
20801
1415
89635
19756
13827
12129
85996
38316
82737
28585
31912
25871
8089
6178
3759
92619
87771
94969
74653
83356
6801
50717
64714
88223
35535
6226
90401
73801
62438
6652
39514
9034
52654
69253
63497
98956
54930
14041
98209
68730
50262
20858
31984
7445
24487
95333
22182
40911
94710
80630
33550
67671
90120
52780
76529
39207
48531
2071
14220
52856
97346
36978
75550
32025
37927
81344
4312
64375
71987
88409
752
68061
21207
30852
78674
60576
21279
47890
9199
61564
35538
15156
75466
6746
36397
93332
38096
35303
42616
98791
59172
99335
42645
10180
51084
33515
41748
65347
1445
22214
73334
29323
56914
66303
12682
41157
35394
70114
72110
87177
89236
68519
74155
12002
12477
23201
22921
64147
73842
78706
29772
50107
12075
25148
27008
88015
21988
94024
51468
79073
9935
25001
95042
14544
11360
71191
53729
12029
70178
24815
98839
4540
71056
33927
99574
12374
5834
79393
78306
76284
5295
68038
98676
44280
9671
22635
96407
29086
39900
12465
24020
32069
27113
86235
41130
93026
65588
38989
67104
35289
30034
20464
63021
905
35344
59273
9703
40118
36267
34208
32316
27582
40051
82529
94924
10520
99094
37450
470
83135
73338
39674
71018
9088
64115
89164
27174
40922
98777
24985
57602
42548
34506
91315
43263
36696
38489
49983
85188
59076
59780
44416
21488
47572
34459
33931
63617
73688
19866
59198
33508
71060
82079
74505
37570
94050
68959
81303
93360
18949
29108
76029
44415
40529
82061
98458
56076
87884
4363
94782
79187
47511
3226
30426
72996
44434
14135
8083
42095
50375
38489
41407
28216
82460
44168
90623
79997
27114
80805
3074
55792
72960
81859
91392
45424
8655
22771
21582
22923
27442
33436
4465
84993
34087
80854
37572
50943
10074
43322
49228
38122
11185
50740
69876
29633
2959
32123
65194
46882
88912
87460
39545
52437
14860
24358
58249
2562
33521
24426
27872
33807
54872
11332
53018
56317
60044
38281
62422
22926
31243
58112
74354
47798
78935
587
25406
52348
36205
49051
19007
30954
23603
34993
22894
25660
28646
74187
70621
54293
59623
4712
3929
30740
96096
70925
62576
93368
17564
70226
59626
24661
22172
958
77998
61225
8468
50054
53908
49991
19702
20924
4446
64160
61514
72369
13406
64604
59470
33871
71754
60565
83611
72896
52533
24310
93818
23137
91657
47390
36812
14842
39710
35431
1971
27776
79882
82237
80439
84597
44683
6099
66897
79264
59757
53447
88917
32439
70895
10702
36700
59024
95202
13218
29589
69945
80178
20080
60578
45875
70599
35800
27087
17826
18731
70317
64348
7415
49478
86199
3935
97980
77431
86872
94156
89757
93237
94274
2376
15530
29343
23621
49045
62024
18555
1642
8685
63588
54237
18716
2144
82356
72450
25531
49404
65067
25144
56683
38372
51847
68214
67188
13962
65558
51851
41094
56822
35349
52106
93213
75753
73363
85202
0
6604
16503
62352
27975
83804
40039
28004
9713
63961
96975
2574
92728
62548
40752
59473
49341
84421
41404
26177
65667
97718
54665
24384
72504
78918
86258
26883
45322
31718
23512
62424
91852
20448
43721
34269
78345
83033
93350
40977
68321
36769
88422
38304
11603
17189
85624
67351
73968
50098
74960
34514
87477
95026
89060
44867
80191
9746
99183
74214
26543
51430
24690
7364
94399
67409
42072
29931
78449
36143
7530
75291
53349
62932
11042
89373
85977
72007
33178
55152
57543
29635
3550
32741
9071
97191
96757
65304
26340
65761
91576
61797
96511
83630
67193
14492
30345
7845
53480
49680
21735
69472
40793
8533
92040
27123
75624
82489
31806
72780
69482
93199
23951
28328
79948
17482
82942
87109
4965
38343
25596
95794
50357
23788
25523
74523
73409
95078
14262
76498
29641
45905
35170
89220
64762
12278
84354
58155
50263
80869
94973
61409
22452
95740
64212
85711
11227
51093
1297
83594
87976
20777
97256
7066
91646
51432
30732
19743
56803
93658
24665
54513
69582
69783
25219
39219
73055
10621
47752
12390
64326
98520
14677
63565
31690
30800
91938
95289
42396
10764
43775
68691
38253
22776
45377
9410
36291
52838
24388
33994
20672
79139
67368
68492
54533
28743
78148
25924
63917
58991
93950
94796
56623
70615
70438
96898
68793
12582
36925
65436
92109
85877
54194
84948
86504
15031
9603
71582
23214
65748
82109
38327
62578
54446
77482
3231
49588
11725
97701
79824
79180
60899
78641
97394
99101
34444
35690
80852
61778
51675
20313
90979
85808
77941
20736
73097
82238
46117
23466
68578
91920
40836
81276
9967
85842
47907
73929
81806
978
54913
40735
51301
1420
94799
78063
16145
75266
95593
42151
51713
44609
5817
55983
71191
34577
16510
68873
16617
52830
61302
30359
46176
44414
17272
73212
35310
2605
74753
25959
6061
44673
38367
80652
92998
3149
16210
18943
3239
95284
84198
50709
95962
36865
7229
11329
99744
60338
14926
88712
30851
15436
12589
60880
97240
43229
10660
29622
88925
81720
72914
65992
7589
90404
95715
79429
53088
11979
15846
77328
93493
63768
5172
53240
62727
97581
37718
79345
1719
0
10746
59033
87966
55246
42641
72320
67782
77263
63328
1250
90126
58338
19478
86660
81895
48427
33335
25574
