773
25060 26920 84089
40448 49265 42243
25785 14948 68266
16842 16387 37735
35959 45648 70120
41314 42785 40617
36140 44920 87083
8327 3265 51172
30689 32009 19323
20072 49689 83774
24485 16400 78506
15127 39375 21779
32423 14062 95251
17015 20394 8925
47875 13434 77760
27853 9285 3175
10602 43553 33795
36836 33940 38284
16973 14523 80705
46232 43696 50435
36514 33358 68406
22765 48732 26610
37789 48497 19439
28677 11755 33238
19204 1822 67520
35210 10564 85885
40709 22043 54221
16229 3627 29316
9023 3512 57981
27084 44593 98972
49165 44139 61864
41772 36764 43609
15364 18381 54442
33589 15065 6466
31378 9874 191
31422 4340 11927
12056 18989 77500
42633 13071 75243
34251 46594 74068
2771 22340 21660
30247 48941 45742
47892 47450 32576
15950 12670 98171
3858 2541 22550
45329 17771 40579
19169 22982 5819
10924 9216 89773
18646 22114 26767
49556 15791 98529
47330 10163 36887
1802 35801 98618
40362 44759 88234
16447 28731 40045
31580 3111 70350
15342 45162 37897
5422 27432 74072
20192 12521 65243
13179 44399 96889
34087 32736 62990
3430 664 27799
43909 13002 41904
42258 3009 68716
11229 21804 17746
28233 45744 82481
28090 45814 64622
47479 10508 6464
24134 11230 2764
35626 4675 65927
48806 11514 21440
7275 27773 55682
16173 20074 72198
22405 2493 18838
23119 47451 60088
30084 13210 28285
37125 41226 17346
19404 18016 66868
30666 47558 63021
33102 37792 94722
24544 10775 88007
32449 11063 77868
31705 11328 85407
2518 23865 86448
38119 45740 54619
28235 39279 92989
11178 20125 73154
18239 32625 38809
31587 22162 31323
48892 7354 11326
22120 10744 42575
46366 334 49104
21185 49698 98038
1439 49763 80541
41649 26011 29307
49509 16419 93242
29628 43601 76871
29748 21748 18319
9155 15399 11580
12705 38038 79971
25729 24532 7017
16990 5139 66078
1579 39522 73368
20045 46796 71016
10908 34929 58972
45068 38575 32937
31483 18445 95497
17562 16968 60116
8036 14682 6569
40516 39058 53796
37748 21569 10465
29884 48453 37536
39305 33829 88754
28970 33335 91317
5400 14809 75012
27237 18364 96221
18763 48344 3766
31582 41421 72681
16007 34235 60749
12438 47480 43645
9450 21697 12375
39686 36404 59051
13470 43084 93136
3984 18360 49761
46446 46655 17346
49222 7923 27318
2118 11066 73841
37958 1679 56762
4230 48934 30341
11931 21253 99564
25577 19529 30769
5070 9962 61910
49077 7470 98773
9716 43584 89839
35548 36526 46144
21391 12490 26068
42543 6127 62255
27300 13331 5165
38133 37286 95593
16054 14441 33410
14765 46994 7255
43643 40747 47276
48110 6274 11874
10894 39608 49803
23222 36412 6377
45387 885 50094
3613 25808 6847
43597 18778 1117
43844 24193 23039
33646 31920 23856
28443 32212 38218
36872 39761 415
45859 24369 12821
18631 32125 11527
37248 8031 60069
19935 45352 23618
38316 6686 42936
31208 2257 70020
49367 34439 99757
44297 30039 18812
30803 36884 70527
24184 3220 46642
13823 25316 44755
26845 32251 61659
42424 4279 46817
22863 4066 70910
7633 38325 17748
23836 12348 55146
1547 13217 85398
22366 5359 33354
21918 15911 44463
16616 4913 53475
41247 16682 27170
40854 8026 95491
33336 14404 67937
42403 1507 54677
36965 754 65950
32351 4725 33587
8777 24017 89755
44789 5402 96221
18536 37684 79368
36484 20247 73243
17478 46304 31742
28937 37361 15498
32346 19475 17103
47554 23692 54400
41145 49479 44135
45851 39910 8651
44703 7793 64407
21695 25955 44817
16809 2963 8613
6568 42481 29408
14856 38845 16235
17777 25718 63494
3043 7088 59393
27931 28839 66104
28121 14464 4138
4125 35502 25645
35262 30257 38378
2777 28873 32712
21707 29852 34422
22303 48056 98917
13548 46059 96223
35861 5072 99514
8549 28604 78257
13779 31313 20246
21232 34062 42752
34582 8508 10181
6664 5241 68880
23849 28179 82391
6763 21792 13630
12266 96 39622
49007 38100 58848
44243 26381 44625
23025 23519 70090
13720 48526 94140
35431 24268 24815
44513 9572 45691
17100 45966 59379
4741 32538 99861
16314 29785 57822
22921 23605 36374
44627 26462 83673
13826 30400 36429
21136 31260 40645
12017 12208 51366
5143 45914 25222
20019 5476 81268
26215 33008 11230
46208 47336 98336
17503 12832 42757
12270 25695 78691
11157 23314 65681
36146 38119 96276
47559 8635 58321
23283 15327 13087
37998 17415 80816
6267 31726 24666
49230 29353 50115
42377 7861 52560
45587 7134 25076
7009 8664 30588
22311 22407 80440
9629 31417 37452
49462 27736 83422
13343 3891 3868
17181 6760 51669
20859 26962 68652
47004 19616 47491
9664 27423 63352
12282 17549 211
37560 2733 74772
41872 26246 26106
44533 1581 56299
17337 37772 38992
5265 47720 4677
29978 24572 36081
35975 16786 52461
27011 17426 37991
12993 27357 42741
916 7553 7765
49583 16172 16638
25944 29907 72208
42062 18314 88498
12528 16693 6519
38079 27434 49700
28428 22363 8163
18651 15051 9774
1073 46822 13513
14012 3088 12757
43309 24641 75871
701 43022 17844
7991 12054 85934
25389 8010 70739
4931 25124 4157
42815 17363 42032
2391 618 87362
5092 44110 71420
21623 18083 30903
17876 40614 67762
36959 48737 96891
40286 23956 36224
3533 41579 85142
46555 22827 80556
17606 4116 83035
27865 15324 96569
48639 7035 82355
49089 10943 55988
2238 15966 88754
15945 40168 79186
41970 23493 68644
26534 49833 44073
21869 1563 57214
44820 14880 58547
45500 2920 70632
32390 18026 14828
24759 12922 47673
37273 34391 80854
44903 12697 90391
37270 22846 46597
30792 17611 53579
32739 23665 51015
22238 46968 27624
5812 39811 79332
48278 33384 47145
28871 29542 12366
8428 10041 12308
20256 41059 23720
39357 11766 17673
24818 13725 60605
12745 47727 64988
47608 17995 87506
47352 22801 22636
43261 15576 77790
40677 47512 39715
29873 7332 58272
48949 11167 65885
20470 33034 77217
9536 24153 80049
1485 17520 18343
38008 32596 61852
15424 30571 76570
30341 21541 52354
12529 21619 86290
12471 1132 75525
5880 21521 99584
39316 24640 29147
44377 18243 3990
34517 18761 22248
10037 2081 73816
27297 23017 76567
35438 49970 34261
16011 40726 40258
49092 11398 38459
4976 33155 39021
37060 44273 42038
39467 49339 24149
21255 32124 635
37065 29270 61181
36292 41282 14739
47571 46776 71561
32602 36864 98538
18756 25610 26272
34349 32326 92970
41632 40070 65822
22950 15824 17055
48049 39942 64925
13032 29604 82347
15316 19290 93570
31427 24846 67720
30567 32563 30846
47265 6637 17554
24551 22559 70154
36419 22239 22190
38570 33964 35732
24619 18807 66442
43010 5276 59467
29230 49704 4933
42590 37206 15227
27386 9838 9091
29968 12025 93132
35520 20756 81989
17820 42444 77542
2420 24986 79500
4631 38882 38968
46468 8220 14357
47342 5140 99260
33742 36072 93348
45224 4222 16056
8612 43754 19652
23041 47045 37866
45980 10620 69033
30250 6249 69265
5211 42099 77445
38613 46463 49508
34127 12481 44939
30934 43367 83597
34823 47528 66903
18245 35506 72491
21031 10604 43500
47141 30328 35316
8097 32605 71019
17286 27449 40578
39135 19825 2061
11338 2003 59646
17975 3956 90990
47619 16002 73278
49825 30631 13672
2710 46716 51385
22948 37672 81594
41794 19634 84955
872 14572 27774
20743 20747 67977
43892 16282 83889
35671 2014 13244
31105 25100 81159
47261 39673 24540
7629 26330 43494
14411 6506 16131
28353 20528 6661
21400 12659 28150
10746 7410 86719
45885 15012 25455
17684 9508 10703
17969 43922 53616
10223 21751 16124
33451 44884 97196
16285 6334 11293
109 45792 14754
16671 33829 85702
35932 46560 12091
31701 36190 49413
44333 32172 19733
43745 6805 55509
15530 7183 53150
15562 49120 55661
29285 33282 3894
46889 43080 55709
3717 30730 30009
11180 2042 47969
35207 13972 57517
27675 28764 60461
32740 228 95292
45449 42163 32060
42379 41637 42055
27298 37510 39918
13752 28339 71505
37694 11810 68868
4328 43027 79729
3794 17584 50024
15514 44800 73457
21767 31186 57571
48391 29733 30122
25394 39724 50754
10431 11381 56617
31720 13383 44800
46938 18960 97974
19417 29926 19554
48032 43023 37942
29665 22959 25643
25972 2420 68050
33249 3803 56975
32208 49443 19420
19746 19367 7845
42206 31525 58761
45348 34639 34051
28791 26677 94560
42491 18659 86205
33185 32275 82676
27223 25134 54537
2368 48310 45207
20252 13930 40224
38172 43920 75904
30920 15575 50564
16340 17337 55603
5171 7930 57794
23785 40272 69832
34649 25487 16967
34696 15449 13335
44412 9325 42199
33473 21345 66489
44405 39521 7583
13118 23751 55832
1204 38070 36821
39237 39330 3008
3614 412 50692
24949 5780 7001
24797 12269 4621
48867 29226 96003
23426 8087 40564
22155 11292 83847
5587 11530 77513
26369 30103 47391
47335 44631 93200
6283 2848 54549
21761 35183 27860
43615 13777 82510
47402 16396 36468
13532 33415 95573
37814 25906 84430
23289 6379 34342
23632 31456 23161
18383 16111 58970
39302 30190 73984
24425 9796 73957
38178 38963 52548
5189 14268 9384
15518 8924 83192
21623 9545 41757
26448 44835 42608
13438 4286 83930
8965 23860 6792
3592 34715 89239
28357 37378 79852
4434 20656 29826
17669 1625 38928
16797 47066 24277
28371 15530 19588
4282 21246 60539
30065 48555 93127
14963 24190 6237
18951 11702 52329
29165 9750 50728
25194 28822 90497
12464 25041 12298
1874 2005 9095
14089 44387 80779
23322 19358 7616
28762 46805 68214
1380 2050 8767
28843 9010 66724
16252 1130 90453
40955 8054 19710
1826 44904 77218
10584 40261 10678
20530 48211 28443
45977 14521 1271
39244 667 42466
6256 408 21252
22297 44381 76218
44049 8379 57226
16786 17479 26334
27781 5308 35130
4772 16094 66812
22138 9981 92544
31902 12635 17226
40260 24161 35626
746 2739 71804
37206 3579 1138
25696 13035 47104
7263 19267 40870
11616 28358 91769
31994 11262 70735
17813 25730 57780
48869 20451 46600
12995 9510 75593
42052 5110 73505
31328 21491 94698
22138 9482 47782
38821 2000 43723
30520 36945 49221
39896 11795 70774
21788 34921 21159
21187 40053 20937
34981 10744 62837
39675 49999 30204
18088 6129 28501
1 0 16569
7642 45063 92855
41232 11896 80708
23403 30443 94245
46138 23701 74299
48236 23954 85305
6080 33902 41663
3360 24073 74350
27823 14746 73203
9146 21140 97331
40015 9210 93360
19722 11461 40348
26654 19494 72138
5735 45616 81273
7186 28320 32328
33264 48336 34971
49188 22029 81912
42336 29885 25689
23013 19829 38833
39523 45128 86781
34423 38080 3256
12071 22378 91281
36899 44981 51850
11983 817 69281
33059 5675 55705
12616 32744 23313
2225 48605 51311
7033 15768 6531
30358 22519 36637
47721 24630 91252
28945 19047 51453
25330 14288 75435
43167 32946 26672
42963 5488 71714
34273 16561 69556
38876 18548 77078
39200 14671 57427
22661 49743 14736
27004 2797 14716
16769 28652 93193
42786 26711 42235
43660 23779 99265
48548 24010 70009
40572 30864 24110
20931 25640 34531
46694 13653 43736
32949 17714 34911
2469 5898 53051
36501 4134 66236
25443 18859 32457
24585 41749 20204
26293 41668 99265
18606 9530 30095
22994 1726 32034
4910 20762 94525
28006 35665 17746
33629 35885 24414
22540 28265 66294
9239 33386 15491
41731 2410 15374
26394 38885 39892
12902 46677 60992
26913 21176 98132
40087 27014 23870
49808 2158 55825
7703 22448 68289
17741 22431 98388
8004 33914 47138
5868 30551 5597
40380 47919 4831
362 40610 14752
31593 24899 37567
22105 19519 87703
13201 18628 63335
1051 23982 8750
22108 11219 6985
42835 9022 80009
28037 1090 70128
26422 10776 21225
41405 27171 14958
26846 49861 94861
28153 7202 85052
2419 4944 82411
20441 1900 95705
25757 32020 97755
49926 27535 31279
1001 23171 65547
22279 35265 72258
314 37273 48533
34667 35092 49998
21129 7871 70033
21632 13773 61679
27677 12568 49644
7321 5119 74222
31877 43164 76644
31543 38708 93234
34858 49488 40699
22087 4633 57581
25524 18152 43112
43807 48250 14676
27678 17677 72227
41196 18934 25438
10820 3891 18217
30580 1336 27121
46660 42248 90683
3356 18604 39356
17945 3589 48632
39410 41830 18998
2447 33869 37148
46088 23759 19327
35638 8524 37617
33602 30087 18541
39238 3677 25771
42768 25866 30235
5520 27812 38913
22774 4134 73639
1199 14507 23710
21984 26873 98748
34425 23670 26287
613 4751 3181
40256 11420 90271
31965 24181 99170
18202 23942 69940
24349 29338 52456
15663 229 15849
20819 2042 64871
37834 14385 21642
26452 16885 68979
38284 16028 48051
23322 12431 46271
4597 17884 44765
4276 22837 21934
17441 30035 63716
2126 33254 62353
25548 20344 25978
25964 10280 55202
44216 18430 92972
10935 37944 2013
9450 34493 27789
9718 34199 33694
23339 8742 45434
23782 5152 97107
29776 42340 89648
32938 26618 5410
19266 1623 78251
12765 39829 79887
9915 46456 34554
8479 3679 86211
36037 15755 71951
4192 10256 37478
995 24631 20426
27266 42894 7713
16494 18120 92437
41039 25063 65483
45451 16648 16615
21046 10491 57268
41338 2174 87246
11755 19617 3027
10688 36889 39497
33637 31395 91300
10455 19934 54157
31772 31988 3480
10773 17867 62019
44814 16020 93099
10493 284 60915
34833 17546 81261
14913 41057 45530
1 0 87663
1 0 40990
7000 10682 71286
19751 6205 76058
17676 27046 3959
22756 1874 97577
39118 44224 87722
7469 40208 17423
34574 18779 24611
31872 12176 83734
42911 39974 35807
26711 24244 29994
27440 16781 56638
14408 47884 22220
13674 24259 35299
17352 25002 6936
20470 28389 55015
23616 3436 97391
29220 39069 31345
40362 46212 28212
14844 36969 39591
12814 14489 21820
44992 13877 74524
44264 26315 32407
29454 18792 63951
48715 35282 45542
34142 13016 15055
5496 25063 51374
30593 12352 97120
17381 15779 89639
21740 26228 6014
24111 24348 22033
18992 38638 37531
9539 32461 6243
17901 10077 32116
14091 24784 79471
43368 13947 4471
23266 18009 56098
40542 13003 68381
10879 36776 67004
34846 37530 9557
2821 12565 55149
5772 7205 95875
25881 20811 19767
48677 48041 738
39641 25905 50151
10973 31389 73674
2979 19555 8692
6359 22169 80044
16340 16221 41025
1662 35323 10632
17676 22604 95419
15873 29829 57003
49449 9547 17813
12708 25825 74622
3228 7945 86402
45561 18011 28026
23678 47955 18951
45005 23809 8549
41943 11584 79670
25073 43864 20677
