0
0
0
0
0
0
0
0
0
0
0
0
0
0
0
0
0
0
1728
0
0
0
0
0
0
0
0
0
0
0
0
0
0
0
0
0
0
0
0
55934
4150
0
0
0
0
0
0
0
0
83762
0
0
0
0
0
78825
0
0
0
0
0
93632
0
0
20485
0
0
0
0
0
0
0
0
0
0
0
33419
26286
83176
0
92359
0
0
15325
28489
0
0
0
0
0
0
0
0
0
0
0
0
0
0
0
0
0
0
0
0
16769
0
0
0
0
0
44571
0
0
0
0
0
0
0
0
0
0
0
62077
96683
23989
0
0
0
0
0
4672
0
18997
0
0
0
0
0
51210
0
0
0
67225
0
0
0
0
0
0
626
0
0
0
0
0
0
0
0
0
0
0
0
0
0
0
0
0
0
0
0
0
0
0
0
0
0
0
0
0
0
0
0
0
0
0
0
0
0
0
0
0
0
0
0
0
0
0
0
0
0
0
0
0
0
0
0
0
0
0
0
0
0
0
0
0
0
0
0
0
0
0
0
0
0
0
0
0
0
0
0
0
0
0
0
0
82085
0
0
0
0
13600
0
0
75154
0
0
56223
0
0
0
0
67318
0
0
62304
0
0
0
0
0
0
0
0
0
2753
0
0
66943
0
0
0
0
0
0
0
0
0
0
0
0
0
0
0
0
0
0
0
0
0
0
24540
43731
0
0
0
0
0
0
0
0
0
0
0
0
0
0
0
0
28995
0
0
0
0
0
68869
0
0
0
0
14230
0
0
0
0
0
0
0
0
0
0
0
0
0
0
0
0
0
0
0
0
0
0
0
0
0
0
0
0
0
8885
0
66640
8945
81891
27076
64377
98728
0
0
0
0
0
0
0
0
0
0
0
0
0
24892
0
0
0
0
0
0
0
0
0
0
0
0
0
0
0
0
0
0
0
0
318
0
0
0
0
43547
43336
0
0
0
14301
0
0
0
0
0
0
0
0
0
0
0
0
80786
77089
0
0
85089
0
0
0
68082
0
0
0
0
0
0
0
0
0
0
0
0
0
0
0
0
0
0
0
0
0
0
50219
0
0
0
37179
0
0
0
0
0
0
0
0
32387
0
0
0
0
0
0
0
39395
0
0
0
0
48605
0
0
32957
0
0
0
0
0
0
86918
0
0
0
0
0
0
0
11929
0
34593
0
0
0
0
0
0
0
0
0
20105
0
0
0
0
0
41498
0
0
0
0
0
0
0
0
0
0
0
0
0
0
0
77350
0
0
0
0
0
99021
0
0
0
0
0
0
0
0
0
0
0
28410
0
0
0
0
0
0
93362
4623
0
94537
0
0
0
0
0
0
0
0
0
0
0
39849
0
0
0
0
0
51092
0
6036
0
0
0
0
76034
0
0
0
0
0
0
0
0
0
87917
0
0
0
0
0
0
0
93168
0
0
0
0
43459
0
0
0
0
0
0
0
0
0
0
0
0
0
0
0
0
0
0
0
0
0
0
0
1186
0
0
74651
62550
58965
0
0
51153
0
0
0
0
0
0
0
0
0
0
33589
0
0
0
0
0
0
0
0
0
0
0
0
65246
0
0
0
0
0
31034
0
0
0
0
80133
0
0
0
0
0
0
0
0
0
0
0
0
0
0
0
0
0
0
47183
0
0
0
0
0
0
0
0
0
0
0
758
0
0
0
0
0
0
0
98529
0
0
0
0
0
0
64741
0
0
0
9885
0
0
0
0
0
0
0
0
0
19624
0
74771
0
0
0
0
0
56250
0
0
0
0
0
0
0
0
0
52343
0
0
0
0
0
0
0
0
0
20978
0
70727
0
0
0
0
0
0
0
0
0
63077
0
0
0
0
0
0
0
0
0
76148
0
0
0
0
26310
0
0
0
0
0
0
0
0
0
0
0
0
0
30093
0
31758
0
0
0
0
0
0
0
0
0
0
0
7531
0
0
0
0
0
0
0
0
67110
0
0
0
0
0
11392
0
0
0
0
0
0
73683
0
0
0
0
0
0
79478
0
0
0
0
0
0
0
0
19441
0
0
0
0
0
0
0
0
0
0
45819
0
0
0
0
0
54913
0
0
0
0
0
0
0
0
0
0
0
0
0
49469
0
0
0
46734
0
0
0
0
0
0
0
0
0
0
0
0
0
0
0
71455
0
0
0
0
0
0
0
0
44763
0
0
0
0
0
5971
0
0
0
0
0
0
71712
0
0
0
0
0
87745
0
0
0
0
0
0
0
0
63091
0
0
0
97798
0
0
0
21942
85528
0
0
0
0
0
0
0
73319
4368
0
0
0
0
0
0
0
0
0
0
7177
0
0
0
1910
0
66836
0
0
0
0
0
0
0
0
0
22396
0
0
0
0
0
0
0
0
0
0
0
0
0
0
0
0
0
0
0
0
0
0
0
0
0
0
0
0
0
0
0
0
0
0
0
0
0
0
0
0
0
0
0
0
0
0
0
0
0
0
0
0
0
0
3487
0
0
54580
0
0
0
0
0
52351
0
0
0
0
0
59351
0
0
0
0
4296
0
0
0
0
0
0
0
97932
0
0
0
0
6712
0
0
0
0
0
0
0
0
0
0
0
0
0
8332
0
0
0
0
0
0
53099
0
0
0
0
0
0
0
0
0
0
67440
53202
0
0
0
0
0
0
0
0
0
0
0
0
0
0
0
0
0
0
0
0
0
0
0
0
0
0
0
19668
0
0
0
0
52541
0
0
0
0
0
62999
0
0
0
0
0
0
0
0
0
0
0
0
0
97334
0
0
19241
76824
0
3588
45911
0
89866
0
0
85089
0
0
0
0
0
0
4181
0
0
0
0
0
0
0
0
50212
0
0
0
0
0
0
0
0
0
0
0
0
81364
0
0
0
0
0
0
0
0
0
83294
0
0
0
0
0
47132
0
0
0
0
0
0
0
0
0
0
0
0
0
0
0
0
0
0
0
0
0
0
0
0
0
0
45738
0
0
0
0
0
0
0
0
0
0
0
0
0
0
0
0
0
0
0
0
0
0
0
0
0
0
42470
99981
0
0
0
0
0
60024
0
0
0
0
0
17815
46366
0
0
0
0
0
0
0
0
28330
0
0
79117
0
0
0
0
85024
0
0
0
0
0
0
0
0
0
0
0
0
0
0
25627
0
0
0
0
0
0
0
0
0
13967
0
0
6231
0
0
0
0
0
0
0
50625
0
0
0
0
0
0
0
0
23079
0
0
0
0
0
0
0
0
0
0
0
27090
0
0
0
0
0
0
0
0
0
0
0
0
0
0
0
0
0
0
0
0
0
0
0
0
0
0
0
0
0
0
0
0
0
0
0
0
0
0
0
0
0
0
0
0
60330
0
0
0
0
0
0
0
0
3894
0
0
0
94694
0
0
0
0
0
0
0
0
0
0
0
0
0
0
0
37632
0
34019
0
0
0
0
72477
83775
0
0
83854
0
0
0
18170
0
81128
0
0
0
0
0
0
0
89807
0
0
0
0
0
0
0
0
0
0
24797
0
0
0
0
0
0
0
0
0
0
95842
0
0
0
0
0
0
0
0
0
0
0
0
37343
0
0
0
0
0
0
4661
41876
0
24870
3244
0
0
0
0
0
0
0
0
0
0
0
0
0
0
40667
0
0
0
0
13111
0
0
0
0
0
69698
0
0
0
0
0
0
0
0
0
2879
0
0
21546
0
0
0
0
96868
0
78545
0
0
0
0
0
0
0
0
0
0
0
0
93119
0
0
0
0
0
0
0
0
0
0
65045
0
0
73658
0
81498
0
0
0
0
0
58109
42787
0
0
28922
27415
0
0
0
0
0
0
0
0
0
0
92869
0
0
0
0
0
0
0
0
0
0
0
0
0
0
0
0
0
0
0
0
0
17841
0
0
0
0
0
47814
0
0
0
0
0
0
0
0
0
743
0
0
0
0
0
0
0
77630
0
0
0
0
0
0
0
28169
0
92936
0
0
12516
0
0
0
0
71226
0
0
0
96783
0
0
0
0
0
82784
4081
0
0
0
0
0
0
0
0
0
0
0
0
0
0
0
0
0
0
0
55296
0
0
0
0
0
0
0
86313
0
0
24125
0
0
0
35002
0
0
0
20394
0
0
0
0
0
0
0
0
0
0
0
0
0
0
0
0
30915
0
0
0
0
0
0
93395
0
70454
0
0
0
5703
0
0
3321
35030
0
0
59722
0
0
0
0
58509
0
0
0
0
0
0
0
0
0
26978
0
0
0
0
0
0
0
0
0
0
18643
0
0
0
45700
0
0
0
0
0
0
75711
0
0
0
0
0
0
0
0
0
0
0
16287
0
0
0
0
0
0
0
0
0
0
0
0
0
0
0
0
0
14807
0
0
0
0
37087
0
0
0
9812
0
0
57
0
0
0
0
0
0
0
0
0
0
0
0
0
0
0
0
40983
0
0
0
0
0
0
0
0
78464
0
0
0
0
35734
0
0
0
0
0
0
0
0
41176
0
0
0
22178
36834
0
0
0
98500
0
0
0
92981
0
0
0
0
0
0
0
0
81945
0
0
0
0
33901
0
0
0
0
0
21735
0
0
0
0
62081
0
0
0
0
0
0
0
0
0
0
0
0
0
0
0
0
88873
0
0
43835
0
0
0
0
0
0
38629
0
0
0
0
0
0
0
0
0
0
94018
0
0
59965
0
59800
0
0
0
0
0
0
0
0
16026
49640
0
0
29903
0
0
0
0
0
0
0
0
0
0
0
28285
0
0
0
0
88348
92595
0
0
0
0
0
7053
0
0
0
0
0
0
0
0
0
0
0
0
0
0
0
0
76151
0
0
0
0
0
0
0
0
0
0
0
79960
20464
0
0
0
0
0
0
0
0
0
0
0
0
0
0
0
10254
0
0
0
69885
0
74713
0
0
0
0
0
0
0
0
0
0
0
0
0
0
0
0
0
0
0
41273
0
0
0
0
0
0
0
1194
0
93404
0
0
0
0
0
27014
0
58077
0
0
0
0
0
0
77456
0
0
23095
0
0
0
0
0
4137
0
25692
0
0
0
0
0
54647
0
0
0
0
0
0
0
0
0
0
93121
0
0
0
0
0
0
75280
0
0
64880
0
0
0
0
0
0
0
0
0
0
0
0
0
0
0
0
0
37775
45815
0
0
0
0
0
0
0
0
0
0
0
0
990
0
0
0
0
0
0
55150
0
49469
0
0
0
0
0
0
0
0
0
0
0
0
0
0
0
0
0
93210
14376
0
0
81832
0
0
0
0
0
0
94085
89380
0
0
0
0
0
0
0
0
53708
18252
0
0
0
0
53851
0
0
0
0
0
0
14727
0
0
47713
44429
0
0
0
0
0
0
0
0
0
0
0
0
0
0
0
0
0
0
0
0
0
46916
0
0
0
0
0
0
0
0
0
0
0
0
0
29437
0
0
0
0
0
0
0
0
0
22230
10180
0
0
0
0
0
0
0
0
0
0
27713
0
0
35070
0
0
0
0
0
0
87443
0
0
92016
0
0
0
0
0
8844
0
0
0
92309
0
61377
0
0
98783
0
0
0
0
0
73891
0
0
72956
0
0
0
0
0
0
0
0
0
29375
0
0
0
0
0
0
0
0
0
0
0
0
0
0
0
0
0
0
0
0
0
0
0
0
0
0
0
0
0
0
0
0
0
0
0
0
0
0
43367
0
0
0
0
0
0
0
0
0
0
0
0
31791
0
0
97947
0
0
0
0
0
0
0
0
0
0
0
0
0
0
0
0
0
0
0
0
92511
0
0
0
0
0
0
0
0
0
0
0
0
0
0
0
0
0
0
0
0
0
0
0
0
0
0
0
0
0
0
0
0
0
0
0
0
5499
50979
0
0
0
14847
0
0
0
0
0
0
95062
0
0
0
0
0
0
0
0
52010
0
0
0
0
0
0
0
0
0
0
0
0
0
0
0
0
0
0
0
0
0
0
0
0
0
0
0
0
0
0
0
63602
81544
0
0
0
0
0
0
0
0
0
0
0
46331
0
0
82476
0
0
0
0
59731
64855
0
0
0
45261
0
0
0
0
81340
0
0
0
0
0
0
0
0
70311
0
0
0
0
0
0
0
0
0
0
0
0
0
0
0
0
64037
0
0
0
0
0
0
0
0
0
0
0
0
0
0
0
0
0
0
0
0
0
0
0
0
83124
0
0
0
0
0
0
0
0
0
0
0
0
82525
0
0
0
0
0
0
0
0
66085
0
0
0
0
0
0
0
0
0
0
0
0
75682
0
0
0
35729
0
0
0
58943
60980
0
0
99580
0
0
0
0
0
0
0
0
0
0
0
0
65185
0
0
49046
0
0
0
0
0
0
46231
81934
0
0
0
33618
0
52521
0
0
0
0
0
0
0
0
0
0
0
0
0
23805
0
0
0
0
0
0
0
58343
0
0
0
0
0
0
0
0
0
0
0
0
0
0
0
0
0
0
0
0
0
0
0
0
62918
0
0
0
0
0
0
0
17331
0
0
0
0
0
0
0
98466
0
0
66708
0
0
0
0
0
84977
0
61729
0
0
0
0
0
0
0
0
31388
0
0
0
0
0
0
0
0
0
1058
0
0
0
0
0
0
0
0
0
0
0
0
0
0
47487
0
0
0
0
0
87915
0
0
0
0
0
14026
0
0
0
0
0
0
0
0
0
0
0
0
0
34130
0
0
5340
0
0
0
0
0
0
43304
0
0
0
0
0
0
0
0
0
0
0
0
0
0
0
0
0
0
0
0
0
0
0
0
0
92080
0
0
0
0
0
35556
0
0
0
0
0
0
71604
0
0
0
0
0
0
0
0
0
0
0
0
0
68800
17973
0
0
0
0
0
0
0
85718
0
0
0
0
0
68041
0
0
0
0
0
0
0
0
0
0
0
0
0
0
95765
0
0
0
0
0
0
0
37052
0
0
0
0
0
0
0
0
0
0
0
0
0
0
0
0
0
0
0
0
0
0
0
0
0
0
0
0
0
0
0
0
0
0
0
0
0
0
0
0
0
0
0
0
0
0
72906
86495
0
0
0
0
0
0
0
0
0
0
0
0
0
0
0
0
0
0
0
0
0
0
0
0
0
0
0
0
0
0
0
0
0
0
0
0
0
0
0
0
53862
0
0
0
0
0
0
0
0
0
0
0
0
0
66880
0
0
0
0
0
0
54078
0
0
0
37976
0
0
49464
0
0
0
0
0
0
0
0
0
0
0
0
0
0
0
0
0
0
41522
0
0
0
0
0
0
45722
0
0
0
0
0
0
0
0
0
3106
0
93759
0
0
0
0
0
0
0
0
0
0
0
0
0
0
71842
0
65455
0
0
0
55087
0
0
0
0
0
0
0
0
0
40330
0
0
0
0
0
0
0
0
54484
0
0
0
45180
0
0
0
0
0
0
0
0
0
0
98754
0
0
0
0
0
0
0
71769
0
0
0
0
0
0
0
0
0
0
0
0
0
0
0
20399
0
39595
0
0
0
0
0
0
0
0
0
0
0
0
0
0
0
0
0
0
0
0
50037
0
0
0
0
66629
0
0
0
0
0
0
72755
0
0
0
0
0
0
0
0
0
0
0
33543
0
0
0
0
0
0
0
0
0
0
0
0
0
0
0
0
0
71018
0
68755
0
0
0
0
0
0
0
0
0
0
0
0
0
0
0
0
0
0
0
0
0
0
0
0
0
0
76511
0
0
0
0
78921
0
0
0
0
0
0
0
0
14166
0
0
0
0
0
0
0
0
0
0
0
0
0
0
43756
0
0
0
0
0
0
0
0
52134
0
0
934
0
0
0
0
67886
0
0
0
0
0
0
0
0
0
0
26087
0
0
0
0
0
25823
0
0
0
0
0
34315
0
7754
0
0
0
0
0
0
1966
90893
0
0
0
40757
0
0
0
22261
95694
0
0
0
0
0
0
0
0
0
0
0
0
0
0
0
0
0
0
0
0
0
0
0
0
0
0
0
0
65186
0
0
0
0
0
0
0
0
0
0
0
0
0
0
0
0
0
0
0
94869
0
0
0
0
0
60771
0
0
0
0
0
0
0
0
59480
0
0
0
0
0
0
0
0
13173
0
0
0
87602
0
0
0
53892
0
0
0
0
0
0
0
0
0
0
0
0
0
0
0
0
0
0
0
0
0
0
0
0
0
0
0
0
0
0
0
0
0
0
0
0
0
0
0
0
0
0
0
0
0
0
0
0
0
86168
0
0
0
0
0
0
93827
0
0
0
0
0
0
28199
57894
0
98670
0
0
0
0
0
0
0
91712
0
0
0
0
0
46951
0
0
0
0
0
0
0
0
19661
0
0
0
0
0
0
0
0
0
0
0
88598
0
0
0
0
0
0
0
0
0
0
0
0
0
0
0
0
80720
0
42375
0
0
0
0
0
0
0
0
0
0
0
96935
0
0
0
0
0
80677
0
0
0
0
69443
0
0
0
0
0
0
0
0
58728
67562
0
0
0
0
0
0
0
0
0
0
0
0
0
0
72197
0
0
0
0
97717
0
0
0
0
0
0
0
0
0
0
0
0
0
65377
0
0
0
0
49660
0
0
0
0
0
56053
0
27837
0
0
0
0
0
0
0
0
0
0
0
0
0
0
7047
0
0
0
0
0
0
0
0
0
0
0
0
0
0
0
9791
0
0
0
66787
0
0
0
0
0
0
94669
0
0
0
0
0
0
0
0
0
0
0
0
0
0
0
0
0
0
0
0
83956
0
0
0
0
51757
0
0
0
0
0
0
0
0
0
0
0
2381
0
0
0
0
0
0
0
18704
0
0
0
0
0
0
0
0
0
0
0
0
0
0
0
0
0
0
0
0
0
0
0
0
0
0
0
0
0
0
46064
0
0
0
0
0
0
0
0
0
0
0
0
7520
0
0
33771
0
0
0
0
0
0
0
76392
0
0
0
0
0
19911
0
0
0
0
51320
0
0
0
0
0
0
0
0
0
0
27766
0
35645
0
0
0
0
0
0
0
0
0
0
0
15283
0
0
0
0
0
0
0
0
66659
0
0
0
30513
0
0
0
0
0
0
0
0
0
0
0
0
0
0
58209
0
0
0
0
0
0
0
0
0
0
0
0
0
16831
0
0
0
0
0
0
0
0
0
0
0
0
0
0
0
0
0
0
0
0
0
0
0
0
0
0
0
0
0
0
0
0
0
0
0
0
0
0
0
0
0
0
13816
0
0
0
0
0
0
52875
0
0
0
0
0
0
0
0
0
43027
0
0
0
0
0
0
0
0
0
0
0
0
0
0
0
0
0
0
0
0
0
0
0
0
0
0
0
0
0
0
0
0
0
0
0
0
0
0
40362
0
0
0
76610
0
0
0
0
0
0
0
0
89651
0
0
0
0
0
0
0
0
0
0
0
0
0
0
0
0
0
0
0
0
0
0
0
0
0
0
0
0
0
0
0
0
60643
0
0
0
0
3337
0
0
0
0
0
0
0
0
0
0
0
0
0
0
0
28678
0
18666
0
0
0
0
0
0
19288
0
0
0
0
94059
23120
29594
0
0
0
0
0
0
86901
0
0
0
0
0
49159
0
0
0
0
0
21269
0
0
0
0
0
0
0
0
0
65670
0
0
0
0
0
0
70711
75873
0
0
0
0
0
0
0
0
0
0
0
0
0
94374
0
0
0
0
0
0
0
0
0
0
0
57293
0
76185
0
0
0
18339
0
0
0
87429
0
0
0
58269
0
0
0
0
0
31882
54406
0
0
0
0
0
0
78333
0
0
85160
0
0
28047
0
0
0
0
0
0
70536
0
0
0
0
0
0
0
0
0
0
0
0
53511
0
345
0
0
0
0
0
0
94931
0
0
0
0
0
0
0
0
0
0
564
0
71106
0
0
0
0
0
0
0
0
0
0
0
0
0
0
65566
55760
0
0
0
0
0
0
0
3896
0
0
75370
0
0
0
54185
19396
0
0
0
0
0
0
0
0
0
0
0
0
0
0
0
0
0
0
0
0
0
0
0
0
0
0
0
0
0
0
0
0
0
0
0
0
0
0
0
0
0
0
0
0
0
0
0
0
0
0
11620
76499
0
0
0
0
0
0
0
0
0
0
0
0
0
0
36332
0
0
0
0
0
0
72865
0
0
0
0
0
0
0
0
0
0
0
0
0
0
0
0
0
91925
0
0
0
0
0
48267
0
0
0
0
0
0
0
0
0
7907
0
0
0
0
93126
0
0
0
0
0
0
0
0
0
0
0
0
0
0
0
0
3568
0
0
0
0
60068
18249
0
0
0
16765
0
0
0
0
0
0
0
0
15855
0
21917
0
0
0
0
0
0
0
0
0
0
0
0
0
0
0
0
0
0
0
0
0
0
0
0
0
0
0
59623
0
0
0
0
62347
0
0
0
25957
0
0
0
0
0
0
0
33193
0
0
0
0
0
22427
0
0
0
0
0
0
0
0
0
0
0
0
0
0
0
0
0
0
48639
0
0
0
0
51994
0
0
0
0
0
0
0
0
0
0
0
0
61584
0
0
0
0
0
0
0
0
72209
0
0
0
0
0
0
0
0
0
34048
0
0
15485
97312
0
0
0
0
0
0
49611
0
84988
0
0
0
5274
0
0
0
0
0
0
10732
7689
0
0
0
0
0
0
0
0
0
0
0
0
0
0
0
0
0
0
0
0
0
0
0
0
0
0
0
0
0
0
0
0
0
0
0
0
0
0
0
0
56743
0
0
0
0
0
0
0
0
0
0
0
49199
0
0
0
85781
28050
0
0
0
0
0
0
0
0
0
90864
0
0
0
0
0
0
0
0
0
0
0
0
0
0
0
0
0
0
0
66602
0
0
0
0
0
0
0
0
0
0
0
0
0
0
0
0
0
0
0
87809
32468
0
58140
0
0
0
0
48309
0
0
0
0
0
0
68019
0
26676
0
0
92835
0
0
0
0
0
44764
0
0
0
0
0
0
0
0
0
0
0
43444
0
0
0
0
0
0
0
0
0
83816
83599
0
99484
0
0
0
0
0
0
0
0
0
0
0
0
65527
0
0
16232
0
7703
0
0
0
0
0
0
0
41705
0
0
0
0
0
0
0
0
0
0
0
0
0
48048
0
73054
0
0
0
0
0
0
0
0
0
23906
0
0
0
0
0
0
51641
45362
0
0
0
0
0
0
0
0
0
0
0
75687
63013
0
0
0
0
0
0
0
0
0
0
0
88297
0
57251
0
0
0
0
0
0
0
0
0
0
0
0
0
0
0
0
0
0
0
15272
0
0
14877
0
0
0
0
0
0
0
0
0
0
0
0
0
0
0
0
0
0
0
0
0
0
0
0
0
0
0
0
0
5427
72843
0
0
0
0
0
0
0
0
0
0
0
0
0
88119
0
0
0
0
0
0
0
0
0
93763
0
0
0
84594
0
0
0
0
0
0
0
0
0
0
0
0
0
0
0
0
22563
0
0
0
0
0
0
0
0
0
0
0
0
0
0
14862
87692
99038
74704
0
0
0
0
0
0
0
0
0
0
0
0
0
0
0
0
0
40980
0
0
0
0
0
13617
0
0
0
0
0
33562
0
0
0
0
27335
0
0
0
0
0
0
0
0
0
0
0
0
0
0
0
0
0
0
0
40033
0
0
0
33296
0
0
0
7143
0
0
0
0
0
0
0
0
0
10503
0
0
0
0
0
78907
0
0
0
0
0
0
0
0
0
39799
0
0
84472
0
0
0
0
6640
0
92072
0
0
0
0
0
0
0
0
0
0
49466
0
0
0
0
66441
0
82975
0
0
0
0
0
0
0
0
0
0
0
0
0
0
0
0
0
0
0
0
0
0
0
0
0
95479
0
0
87899
0
0
0
0
0
0
0
0
23102
0
0
0
0
0
0
0
0
0
0
62988
90531
0
0
0
0
0
0
0
85319
0
0
0
19977
0
0
0
0
0
56070
0
0
30164
0
39805
0
0
0
0
75475
0
0
0
0
0
0
0
0
0
0
0
0
0
0
0
0
0
0
0
0
0
0
0
0
0
0
78796
0
0
38303
0
0
0
0
0
0
0
0
0
0
0
0
0
0
0
0
0
0
0
0
0
17378
92959
0
0
16189
0
0
0
33420
0
0
74000
0
53419
0
0
36510
0
0
0
0
0
77478
0
0
0
0
0
0
0
0
0
0
0
35794
0
0
1142
44963
0
0
39578
0
0
0
0
0
87220
0
0
0
0
0
0
22129
0
0
53191
0
0
0
0
0
0
0
0
0
0
0
0
0
0
0
0
0
0
0
0
0
0
0
0
0
0
0
0
69278
0
0
0
0
0
0
0
0
23282
0
0
40733
0
67019
0
0
0
0
0
0
34652
85530
433
0
0
0
0
0
84730
0
0
0
0
61765
0
0
0
0
0
0
0
0
61494
0
0
0
0
95808
0
0
0
0
0
0
0
0
0
0
81825
0
98258
70141
0
0
0
0
0
0
0
0
43575
0
0
0
0
0
0
0
0
17279
0
0
0
0
0
14288
0
0
0
0
0
0
0
58106
52384
0
0
0
0
0
0
0
0
0
0
0
0
60752
0
0
0
0
0
2067
0
0
0
0
0
0
15430
0
0
0
0
0
0
0
0
0
0
0
0
0
0
39023
41358
0
0
0
0
0
0
0
0
0
0
0
0
0
0
0
0
0
0
0
0
0
0
0
0
0
0
0
7942
0
0
0
0
0
51788
0
0
77093
0
0
16538
0
0
0
0
0
0
58390
0
0
0
0
0
0
0
0
0
0
0
0
0
0
0
0
0
0
0
0
61750
0
56304
0
0
0
0
40725
0
0
0
0
0
0
42957
0
0
0
0
0
69685
0
0
0
0
0
0
0
9950
20983
0
0
0
47429
0
0
0
0
19108
0
58814
0
0
0
0
0
0
0
0
0
0
0
0
0
0
0
0
0
0
0
0
0
0
49307
0
73326
0
0
0
0
0
0
0
0
0
0
377
0
0
0
0
0
0
0
0
0
0
0
0
0
0
0
0
0
0
0
0
0
0
0
0
0
0
0
62920
0
0
0
21347
0
0
0
0
0
0
0
0
0
0
0
0
15093
0
0
0
5501
0
0
0
0
0
0
0
0
0
0
0
0
0
0
0
0
0
0
0
0
0
0
0
81789
0
0
0
0
0
84840
0
0
0
0
0
0
0
0
0
0
0
0
0
0
0
0
0
0
0
10043
0
0
0
0
0
0
0
0
0
78151
0
0
83627
0
0
61856
0
0
0
0
0
93389
0
0
0
73551
0
0
0
0
0
13472
0
0
0
0
0
0
0
0
0
0
0
0
12563
90404
0
0
0
0
0
0
0
0
0
88747
0
0
0
0
0
0
0
0
0
0
0
0
0
0
0
0
0
0
0
0
0
62355
0
0
0
0
0
63366
0
0
0
0
0
0
0
0
62153
0
0
0
0
29719
0
0
0
0
0
0
0
98527
0
0
0
0
0
0
0
0
0
0
0
0
0
0
0
0
0
0
0
0
0
0
0
0
0
0
0
0
0
0
0
0
3823
0
0
0
0
0
0
58779
0
0
0
0
0
86857
0
0
0
0
68476
0
6590
0
0
0
0
0
22747
0
0
0
0
0
0
0
0
0
0
0
0
0
35955
0
0
0
0
0
0
0
0
0
0
0
0
32800
0
0
21472
0
0
0
0
0
0
64298
0
0
0
0
66231
26887
40502
0
48756
0
0
0
0
0
0
0
0
0
0
0
45420
0
0
0
0
0
0
84557
0
0
0
0
0
92480
0
0
56501
0
0
77303
52363
0
0
0
0
0
20720
0
0
0
0
0
0
0
0
66381
0
0
0
0
0
0
0
0
0
0
0
0
0
0
0
0
0
0
0
61313
0
0
0
0
0
0
0
0
0
0
0
0
0
0
0
48818
0
0
0
0
0
0
0
0
0
0
0
0
0
0
0
0
0
0
0
0
62075
0
33334
0
0
0
0
13146
0
0
0
0
4308
0
0
0
0
0
0
0
0
0
0
0
0
0
79675
0
0
5810
0
0
0
0
0
0
0
0
0
0
0
0
0
0
39978
0
0
0
0
0
0
0
0
0
0
0
0
0
33289
0
0
0
0
84317
0
0
0
93560
0
28288
49053
0
0
0
0
0
0
0
0
0
0
0
0
0
0
0
0
0
0
0
48396
0
0
0
0
0
0
0
0
0
94349
0
0
0
0
0
0
0
0
0
0
0
0
0
0
0
92941
0
27937
0
0
0
0
0
0
89898
0
0
0
0
0
0
0
0
0
0
0
0
0
0
0
0
0
0
0
0
0
50998
0
0
39649
0
0
0
0
0
0
0
60212
0
0
62643
9586
95051
0
0
0
0
0
63730
25565
0
0
0
0
0
0
0
0
0
0
0
25972
0
0
0
0
0
0
0
0
33537
0
0
0
0
0
0
33092
0
0
0
0
0
0
0
0
0
0
0
0
0
0
0
0
0
0
0
0
0
0
27175
0
0
0
0
0
20755
0
69003
0
0
0
0
0
0
0
0
0
0
0
0
33693
0
0
56943
0
0
0
0
0
0
0
0
0
16512
0
8152
0
0
0
0
0
0
0
65446
0
0
0
0
0
0
0
0
0
0
0
0
0
0
0
0
0
0
0
0
0
0
0
16066
0
0
0
70960
0
0
0
9049
0
75965
0
0
0
0
0
0
0
0
0
0
69688
68163
83269
36271
0
0
0
0
0
0
42515
95109
0
0
0
0
0
0
0
0
0
0
0
0
0
0
0
0
0
0
0
81082
0
0
0
0
0
0
36875
87256
0
0
57100
0
20533
0
0
0
0
0
0
0
0
0
0
0
0
0
92822
0
0
0
0
14606
0
0
0
0
0
99707
0
0
0
0
0
0
0
17769
0
0
0
0
0
0
78665
0
0
0
0
0
0
0
0
0
0
0
0
0
0
0
0
0
0
0
0
0
0
0
0
0
0
0
0
0
0
0
0
0
0
0
0
0
0
93061
0
27534
0
0
0
0
0
0
0
0
0
0
0
42819
0
0
0
0
0
0
0
0
0
0
36532
0
0
0
0
0
0
0
6481
0
0
0
73072
0
5255
0
0
0
0
0
0
0
0
0
0
0
0
0
0
0
0
0
0
0
0
0
0
0
0
0
0
0
0
0
0
0
0
0
0
14467
0
0
0
0
0
0
0
0
0
0
0
0
0
0
0
0
54130
98788
0
0
0
0
0
0
0
0
0
0
0
0
0
0
0
0
8150
0
95947
0
0
0
0
0
60067
0
0
0
52661
0
0
69779
0
0
0
0
18720
0
59000
0
0
0
0
0
0
0
0
0
0
0
91935
0
0
0
0
0
0
9319
0
0
0
0
0
0
0
0
0
0
0
0
0
27477
0
0
0
0
0
0
0
0
44442
0
0
0
0
0
0
0
35600
0
0
77460
0
22086
0
0
0
0
0
0
0
342
0
0
0
0
0
0
0
0
0
0
0
0
0
0
0
0
0
0
0
0
0
0
63473
0
0
0
0
0
0
0
0
0
0
44334
0
0
0
0
0
0
0
0
8989
0
39989
0
0
0
58529
0
0
0
0
0
0
0
0
0
0
0
0
0
0
0
15579
0
62052
0
0
0
0
0
0
0
0
0
0
65932
0
0
45388
0
7733
0
0
0
0
0
0
0
0
0
0
0
0
0
23540
65396
0
18830
0
0
0
0
0
0
0
0
0
0
0
96981
0
0
0
0
0
0
0
35225
0
0
0
0
0
0
0
0
0
0
0
0
0
0
0
22195
0
0
0
0
0
0
0
0
0
0
0
0
0
53181
0
0
0
99321
0
0
0
0
0
0
0
0
0
0
0
0
0
0
0
6691
0
0
27342
0
0
0
0
0
44268
60102
0
0
0
0
0
0
0
0
43757
0
0
0
0
9469
0
0
0
65808
0
0
0
0
0
0
0
0
0
0
0
66834
0
0
0
0
0
0
0
0
70562
0
0
0
0
0
0
0
0
0
0
0
13400
22207
0
37337
0
0
0
0
0
0
0
0
0
0
0
0
0
0
0
0
0
88111
0
4134
0
0
0
0
92735
0
0
0
0
0
0
0
0
0
0
20606
0
0
0
0
0
0
17290
0
0
0
0
0
0
0
0
59459
0
0
0
0
0
0
3680
74880
0
0
27572
0
0
0
0
0
0
0
0
0
0
0
52988
0
0
0
0
0
0
0
0
15997
0
44079
0
0
0
0
39950
0
0
96513
0
0
0
0
90926
32071
0
82399
0
0
0
0
0
0
0
0
0
72491
37527
0
0
0
0
0
0
0
7195
0
0
0
0
0
0
0
0
0
0
0
0
0
0
0
0
0
0
0
0
0
0
0
0
0
56871
0
0
0
0
0
0
0
0
0
0
0
0
0
0
0
0
0
0
90063
0
0
0
0
0
0
40987
0
0
0
0
0
0
0
0
0
0
0
0
0
0
0
0
0
33112
26679
0
0
0
0
0
0
0
0
0
0
0
0
0
0
0
0
0
86850
0
