3088
1 11 91033
39 39 45487
67 24 70133
48 19 51868
73 42 63007
19 68 67345
50 62 92531
72 40 81636
33 81 56028
74 80 49657
4 52 95882
48 9 79366
83 78 69664
77 42 27463
3 17 99764
63 23 39434
67 93 63943
74 43 99647
12 66 4409
79 92 18509
39 53 9904
23 19 85909
26 51 36017
42 87 787
33 8 52086
62 59 18230
74 12 93668
56 55 92930
92 7 45679
35 19 2405
7 61 55399
48 97 25440
82 46 59098
69 29 56239
68 98 47078
90 56 95478
53 33 32166
8 53 87787
30 40 74705
37 66 40052
67 45 45829
47 12 92113
64 40 77346
26 8 89972
28 9 98297
93 27 57598
95 72 460
2 89 12629
48 76 50741
39 47 26483
19 45 18276
32 12 75793
85 40 88993
10 92 3584
90 97 40345
54 25 16270
11 51 5734
60 83 19395
53 20 67921
24 64 41993
80 23 63977
5 38 18648
85 78 36291
15 13 35300
42 80 71763
77 77 87332
60 10 55132
32 85 62011
22 18 99861
93 54 14177
57 54 60550
54 64 48495
88 78 1208
14 56 89832
63 94 46499
9 71 55475
23 99 22106
45 74 36660
51 65 489
72 93 78020
67 31 35885
37 65 18505
8 38 97047
97 78 25555
70 58 59615
46 82 8470
72 7 66494
100 33 89954
12 17 28327
91 54 7647
67 54 59719
91 63 31356
30 68 86888
35 50 7000
76 57 18385
66 65 1244
31 38 70011
83 33 91981
63 99 96600
96 48 98900
20 24 64558
25 76 76492
20 87 29811
61 79 5540
5 61 57228
30 8 88393
26 89 8087
44 25 34752
12 93 30246
90 13 11483
21 23 17333
38 48 21604
5 48 90728
14 53 80270
36 41 97615
10 17 10012
25 62 25964
48 37 3938
33 17 15963
77 24 67394
80 28 65405
61 90 80653
65 19 4901
85 8 2826
88 45 54621
47 41 61792
87 1 13233
67 98 58726
13 54 61223
66 68 14801
73 68 2257
66 4 64633
15 21 79739
6 22 79974
78 37 87388
56 83 88612
96 53 44689
78 73 88709
98 47 95418
95 17 45393
41 64 45014
63 53 65922
3 31 12898
0 30 62627
15 52 61216
5 81 42116
55 86 15225
57 43 40827
92 49 4683
68 38 82278
95 0 44940
23 50 27829
62 58 74467
78 68 98077
45 4 94197
35 95 93620
61 84 72514
50 68 28105
57 45 17938
79 89 61276
19 79 79205
34 65 87115
96 56 36969
43 25 38916
17 91 97046
67 42 84914
95 53 49098
14 62 53341
93 18 89993
81 44 4962
66 75 20525
98 52 47759
60 7 74219
53 95 27438
80 96 81232
72 39 67041
71 30 29917
91 95 60693
14 100 60693
50 66 82241
87 59 80181
36 56 55740
10 6 78815
0 28 88409
28 33 60090
47 30 19955
35 77 92900
8 48 56852
43 21 68121
52 45 79661
85 2 80244
91 42 23452
65 98 19235
48 64 31217
100 36 36860
79 26 87448
5 73 233
48 83 57839
69 52 32113
77 97 76598
35 26 10810
25 76 65815
65 67 84510
67 46 24713
28 88 26830
5 16 37097
93 33 2276
62 38 52705
81 45 7036
46 84 63442
57 13 85051
92 59 79002
77 92 63057
20 10 98287
22 40 63972
66 24 81562
13 0 51145
63 44 87972
88 73 25712
4 1 72543
34 54 98306
33 90 28656
66 87 39821
76 44 21099
20 96 37379
22 85 85908
70 86 25974
48 83 15440
89 51 44821
85 41 32302
22 47 38110
55 71 76093
44 5 15177
98 59 33748
74 39 16587
99 48 284
33 53 75924
70 59 29948
16 12 71220
72 84 82029
44 37 82183
90 66 29820
72 30 1340
83 100 65195
61 55 98329
10 58 89042
80 93 48853
88 71 2392
40 83 95441
92 10 8440
48 34 1386
66 13 16765
32 47 36675
5 23 58262
36 4 534
88 30 79408
72 96 29413
60 49 1152
40 12 30356
72 46 4648
26 33 55650
29 19 63686
34 90 17342
65 36 16255
17 86 32794
79 19 11962
89 47 36799
9 21 58715
99 97 60620
6 71 61382
93 26 49497
88 72 3212
47 21 37882
88 8 21914
59 60 87922
37 47 43783
100 50 72201
79 58 17043
90 66 53431
18 52 7702
47 98 32432
98 14 32231
42 55 61691
27 63 86645
50 11 97951
96 17 47808
16 55 67479
82 34 91636
54 39 12629
100 3 50441
27 53 96461
11 7 41147
10 34 22166
47 20 95339
56 0 22111
29 14 56070
64 79 19593
42 2 18725
86 51 43823
38 42 74455
32 83 54875
19 45 44736
13 77 3591
73 54 35839
25 13 43010
87 81 76576
28 9 73559
26 93 21685
77 24 6025
22 99 42242
74 10 70236
80 57 67228
85 48 68936
27 36 9058
29 19 94871
82 61 2518
90 73 92496
82 4 38285
30 79 7823
96 59 15871
71 100 88110
19 18 97958
10 62 63
65 98 73083
33 24 35698
50 34 26300
67 16 61443
44 19 22871
64 40 43636
72 23 19269
80 65 9259
30 84 84230
74 92 55294
92 89 62277
27 67 31082
43 30 86111
21 0 48844
53 40 49083
90 78 46196
83 94 93481
80 19 40726
99 14 21401
47 28 5261
14 26 96132
58 83 68169
40 41 68393
42 89 30823
97 53 68700
27 51 68888
15 35 87841
62 22 57673
61 8 14158
62 58 41382
52 86 99197
79 35 97830
78 20 94756
90 1 10332
23 21 38806
94 74 88965
44 49 62805
36 45 88311
66 77 62966
48 39 59409
64 25 23982
60 69 63972
49 17 11457
100 34 4248
48 54 61327
49 84 81795
17 15 10376
89 28 97350
28 64 36532
96 98 1258
89 19 10917
73 47 60845
0 35 92110
13 14 25205
97 28 85535
61 80 69510
33 8 85919
45 77 90755
7 85 12226
34 20 92830
33 12 72125
55 35 75300
93 50 70985
67 21 87701
75 29 21960
99 79 18345
43 37 87680
8 91 12297
36 5 67218
99 76 62222
79 70 10600
59 4 37835
99 7 50089
76 16 81341
15 56 3840
69 77 92857
71 75 75987
91 60 49365
4 80 2361
60 6 93591
57 65 6022
78 36 5963
23 48 55915
17 43 85757
21 50 53041
81 37 53803
76 53 2691
75 43 92429
2 35 44915
33 85 67763
42 17 65334
91 87 50516
58 66 4892
35 14 60737
84 12 67459
93 73 63811
68 63 1032
86 21 70246
94 88 96145
40 67 69944
87 56 56982
23 79 548
19 30 69293
60 95 45894
77 28 72832
5 11 41928
86 27 35783
63 42 21029
30 57 90829
85 62 172
87 47 99683
21 62 5506
26 69 91049
84 92 40850
85 68 57756
18 90 268
73 94 73520
54 76 34935
21 89 6619
3 77 58166
72 38 34969
23 89 52760
21 43 60902
79 48 37202
71 83 96347
8 13 35913
1 44 2161
17 31 5873
99 72 54532
54 64 37411
9 32 71028
31 65 45782
35 88 34737
61 99 78200
75 83 97383
67 38 46444
59 2 31224
81 51 50939
66 23 47408
48 63 10973
8 21 29594
65 16 38826
51 10 23730
91 32 85438
80 34 17280
3 79 27300
33 53 75661
37 3 32687
58 35 63745
49 100 41965
25 14 89716
56 34 6216
81 64 52082
5 57 91172
54 56 88453
76 88 87125
44 72 75176
15 62 50211
2 23 9403
33 74 42459
40 40 37289
50 89 69893
84 40 44350
18 19 66034
67 93 61727
2 12 16904
33 95 66597
95 11 86046
52 86 85591
48 43 62659
76 50 93522
48 4 67341
25 12 80974
90 61 79302
9 24 48318
59 19 44526
86 60 35656
71 91 18996
0 17 2331
22 78 41890
9 23 86390
89 30 3671
73 60 19499
5 60 80148
83 60 47115
37 100 62897
37 34 395
2 58 91026
23 45 76925
66 30 80579
28 86 56759
89 24 86280
66 5 28087
79 99 12317
71 60 26324
82 92 49974
16 80 94605
34 69 74921
37 79 79648
18 24 13887
88 56 75364
37 73 96809
32 91 16796
99 75 13037
50 15 68216
77 46 13633
5 66 85050
16 98 58199
51 33 14878
57 88 43508
56 97 47238
8 36 85888
40 87 19549
55 84 25325
52 41 2563
8 34 87555
91 36 86245
9 86 61693
38 100 2796
6 80 2427
15 39 19421
2 67 98976
66 96 70028
16 17 92811
80 86 88501
80 97 9228
30 76 22931
2 81 44145
22 53 56451
89 64 16011
62 35 98749
94 87 71655
4 9 32674
86 0 77414
85 53 21939
97 80 44105
36 74 15600
48 39 85084
58 86 10997
73 76 42596
90 67 34070
100 94 70907
91 26 61826
16 39 22397
7 85 373
90 67 29516
6 41 35720
69 44 50635
28 37 59093
44 95 71131
92 72 87507
36 33 15380
55 22 43961
88 29 59090
12 21 44104
53 39 44327
47 55 3018
41 46 67391
90 42 59502
37 38 36753
12 89 43017
62 89 84915
40 67 7038
15 79 83036
63 61 33010
86 45 81562
82 12 82630
39 89 46593
79 14 77267
10 96 40440
90 12 49057
91 31 31402
81 90 20493
80 68 54701
51 80 69596
34 59 71578
21 27 87493
38 5 51485
59 58 70991
5 1 45558
3 21 31800
56 25 77955
75 23 15831
34 2 26722
83 6 86838
61 38 41227
67 61 86984
77 44 82468
14 50 31029
51 38 41288
62 54 70992
92 73 4431
35 71 953
23 35 34785
31 49 33376
78 10 12288
27 27 11936
14 29 22040
89 41 47767
91 35 68037
94 96 3507
2 27 68421
25 28 33219
1 16 2869
63 64 28213
40 34 28651
53 10 33145
24 84 6965
98 43 54022
87 11 91078
36 17 28041
52 68 80518
75 85 87690
43 1 43277
62 0 55518
33 53 25434
38 1 74751
58 3 90400
2 49 4447
14 96 83301
84 7 66927
3 71 73116
48 59 21008
44 93 74362
97 59 24710
5 80 50160
68 37 74831
43 93 83626
37 22 9614
31 59 14873
90 49 291
80 73 37542
9 47 8466
5 38 17549
51 65 94738
84 26 76392
12 29 66513
98 86 51666
73 76 93564
62 95 78093
60 11 11872
97 34 55082
64 6 85418
39 41 9859
12 57 24852
66 76 94673
34 17 32290
78 90 49877
6 49 50650
85 93 57639
0 67 62557
29 24 47018
48 31 46054
72 9 20241
54 10 29786
26 10 89625
100 58 52072
45 100 53717
100 94 16674
56 52 8452
23 8 56439
45 1 99191
68 99 29420
28 81 71415
20 14 65755
95 56 62057
33 97 63215
68 8 99972
14 18 96552
21 80 48095
21 71 9697
99 7 57643
23 87 86630
55 12 15234
34 97 35663
40 7 23801
26 62 95981
42 54 4871
12 33 75968
94 42 38501
40 15 79328
56 76 79769
48 79 98942
25 37 9037
32 34 91805
57 73 3499
36 82 30446
74 32 1969
28 34 40833
56 66 90982
75 66 82436
22 27 7737
36 53 65596
46 72 31278
20 29 61612
16 74 54839
84 3 43653
8 83 36472
100 71 70634
34 11 81548
94 90 5285
80 65 6829
68 55 18965
39 29 48066
28 86 9820
54 74 32907
37 26 10175
67 44 31936
48 1 99608
48 8 43845
83 14 6524
90 53 80779
99 47 21735
57 59 22138
4 88 36490
15 79 5962
67 90 15444
60 40 23977
75 21 16065
14 40 6271
87 32 37317
63 55 47686
7 75 58064
60 99 97666
15 81 83959
30 52 48134
95 48 49530
91 87 81067
46 91 56999
41 36 45791
58 62 56051
1 77 50911
47 52 70177
71 36 44069
44 49 96819
34 61 56746
51 64 60524
38 80 166
82 37 87728
20 61 2697
16 39 78712
79 62 78211
19 0 15765
28 69 52019
95 72 70936
98 48 32267
72 32 5928
62 53 83962
26 44 88252
66 80 10816
91 35 39920
1 85 82535
21 24 12332
61 34 21948
34 49 54382
57 18 64729
30 75 71960
64 61 21602
43 61 44169
57 90 33084
96 71 25878
88 29 19073
64 3 10537
81 12 68179
73 78 52456
28 92 20247
97 0 20092
60 27 46935
19 67 59465
19 97 70789
28 47 47817
4 90 38931
90 96 18819
98 33 14704
13 23 80730
53 8 27540
85 5 79931
1 32 40336
93 94 22310
63 79 68869
57 59 47416
15 24 12146
0 40 48497
92 94 85083
64 80 67269
96 76 24630
84 9 35248
73 75 23574
14 75 2719
21 93 77443
76 56 30419
77 40 86577
3 40 7798
41 39 50694
83 75 23378
35 19 86745
34 72 94011
6 32 46043
60 52 70856
41 89 95558
40 7 55611
6 1 58606
74 96 24390
86 35 12115
30 64 47852
55 97 5770
1 29 22173
26 41 42331
70 79 18552
50 74 96974
66 38 30393
64 3 32174
1 35 49870
80 4 3675
9 54 17816
100 41 49359
92 77 19767
49 53 92252
5 16 46837
23 92 2105
84 42 99956
1 71 41367
81 46 59089
31 3 35936
68 26 92117
21 9 27151
45 61 572
72 90 77160
55 58 51814
48 71 26761
63 52 99406
2 88 73959
66 88 61993
66 18 47334
77 34 47215
24 49 34296
35 74 20962
10 53 94618
65 20 25477
26 37 10490
75 32 13921
82 62 48699
55 2 4713
11 44 78450
19 96 93751
74 44 98785
3 76 5246
81 18 20137
56 47 15323
93 19 87024
12 77 70649
81 34 43835
10 34 13107
60 29 72654
85 40 71850
18 80 82274
5 52 7941
65 43 61933
40 45 92670
99 89 82749
59 10 838
100 20 16560
50 55 68726
94 84 45641
81 91 63332
17 30 84145
6 24 99786
90 59 81214
26 48 83132
99 75 13335
78 28 61328
2 1 28453
45 57 69578
16 77 89333
48 57 54717
37 26 20973
36 45 75655
64 49 77315
9 50 1303
50 16 71789
97 0 25140
13 46 78600
75 84 6668
61 58 53679
92 50 76158
85 83 92481
56 98 37375
93 37 99082
75 10 63939
72 50 45345
3 84 42229
57 68 46935
46 71 75874
3 39 2294
38 15 28245
48 96 24483
21 37 48328
68 9 14593
55 9 13886
61 58 50700
40 23 6487
81 55 5989
31 27 43810
18 98 45039
25 51 5832
32 28 62804
71 66 17906
41 15 86047
25 11 55636
2 58 26438
35 64 8151
50 0 29028
35 27 27850
88 17 26088
92 10 84605
95 34 58270
52 0 10081
80 10 48647
85 65 52112
68 86 20549
8 90 14006
32 65 52461
11 28 66156
39 75 49411
62 15 74440
59 43 88647
39 59 3834
22 8 80062
62 94 91519
46 64 39692
67 47 88802
71 67 6138
31 27 81118
82 77 19859
53 55 79934
27 92 98353
40 33 88730
31 35 9792
79 47 25739
81 60 89578
96 28 81418
79 80 8206
95 60 33621
65 50 13727
94 29 96997
77 14 35097
87 84 16813
40 37 60317
85 37 69987
82 18 53408
44 63 79399
64 75 16772
59 34 34708
76 82 51058
80 20 81954
57 100 74633
74 85 82240
34 75 10679
86 66 33350
57 45 97298
46 18 56486
48 64 88270
77 10 64831
89 39 41950
61 85 59487
16 7 47797
71 47 53348
27 41 16025
78 23 22553
25 10 65257
38 92 37098
100 56 75451
35 17 1629
98 18 11632
62 55 67808
2 14 28365
4 24 11108
57 14 85118
74 43 63858
38 46 66079
95 58 47666
28 52 90668
55 45 63161
30 3 36213
3 60 87997
21 69 27234
49 66 88923
59 19 6772
87 53 70059
24 95 63688
60 88 11649
73 16 92774
80 73 51719
69 1 66760
45 68 11943
90 3 85738
1 0 54538
81 21 4530
68 75 80320
70 13 38351
98 51 93991
97 33 28113
24 63 68148
100 39 85005
67 67 73716
36 35 52701
2 88 55145
7 34 70373
88 99 12247
57 47 83464
20 23 34750
99 52 8069
84 51 7118
58 95 46902
18 69 75263
75 72 10927
81 64 16515
8 46 81563
43 38 30703
63 2 39677
90 92 31177
51 72 60081
83 53 75218
64 39 76462
51 36 66080
34 70 14446
39 6 21151
94 41 14057
83 87 79493
89 7 28001
82 0 34125
37 24 12743
51 61 53884
32 83 12817
76 19 51837
25 96 68887
34 46 38964
35 14 22072
69 43 58242
11 30 83365
95 79 93327
57 32 54440
21 67 76679
84 8 74766
58 8 11651
93 18 26576
9 36 11406
27 73 13516
26 71 60783
47 69 37042
3 65 21708
12 71 96508
91 61 48292
6 16 21687
82 55 53192
37 97 65136
22 89 49060
81 89 43330
77 99 41384
38 95 17290
96 60 20965
67 88 33705
80 70 89505
66 17 39058
59 80 8485
27 81 13773
87 24 94737
94 87 9909
13 70 66052
67 28 77899
42 72 3907
14 66 31740
54 72 86457
68 57 15532
62 12 34983
64 61 54109
35 63 12275
15 45 30902
66 70 73217
82 26 98764
100 70 74225
30 54 86673
87 92 47259
28 92 42302
56 53 87682
90 95 59242
21 77 12468
31 62 14651
6 99 12720
20 88 1667
42 78 20454
35 92 37276
41 15 82393
15 51 1805
4 70 14480
52 56 45796
10 2 24860
33 89 16289
10 53 12133
19 84 1687
22 17 20508
44 95 30027
64 35 89521
32 5 73768
31 28 25715
60 21 50502
74 12 13171
42 11 50263
1 100 59714
69 91 45669
81 75 62439
16 31 51294
41 97 65786
13 43 1454
32 11 78946
18 66 93927
51 85 30603
55 17 86638
55 72 89088
31 57 68109
72 96 51664
57 19 77738
2 89 14469
92 38 48867
73 96 97980
16 59 86608
93 81 23159
17 15 31328
47 49 39435
58 1 1671
52 71 12898
25 95 83063
80 49 93850
10 30 83823
76 28 49773
51 90 94203
26 48 47359
97 51 61982
81 75 60905
37 68 66378
57 15 30402
11 74 76269
22 33 90009
6 75 42972
63 7 33088
41 100 41663
30 67 4996
48 56 27271
37 5 53434
42 1 28943
9 46 58783
32 31 37908
66 14 7781
10 51 86408
2 33 65594
60 50 21414
67 90 2108
18 96 67618
7 69 5304
23 21 13671
87 9 56539
42 9 53442
95 23 45824
2 21 75683
99 69 41025
26 24 61684
11 45 20081
65 84 61370
48 85 94016
67 51 93823
89 53 56203
0 0 52570
72 25 85295
21 41 51724
31 92 48849
69 64 49590
20 22 58082
75 5 474
69 5 7756
21 15 81213
35 80 22675
72 73 89868
51 66 88266
95 57 72257
82 79 37772
38 16 87170
23 51 22519
54 1 30872
50 2 9524
43 79 59462
2 28 44499
65 5 38741
8 54 94523
50 39 70676
77 25 59324
59 80 3942
37 57 29414
96 53 20929
10 87 81272
76 100 29139
20 29 41411
53 38 57893
36 53 73061
22 67 6890
37 24 33693
8 32 48177
50 49 22735
56 73 49857
19 84 96215
94 83 82853
42 26 441
47 74 92582
10 66 3529
81 73 28550
40 65 41127
37 6 15271
20 84 77662
75 40 46534
10 1 1888
91 56 21138
78 99 86434
69 34 95544
36 23 73900
38 60 9995
77 95 81412
49 7 45275
92 90 68777
34 19 34852
50 47 5323
32 5 35696
54 18 45891
29 76 61213
68 23 5275
59 15 54097
18 23 60503
10 19 48639
93 46 59000
33 33 55100
19 55 52272
65 33 80081
54 70 41370
33 74 43652
15 87 92673
48 41 90042
15 30 44896
55 57 10783
40 55 85938
33 16 26881
31 76 50088
52 14 62583
94 26 60434
47 69 85745
9 65 88728
59 17 33374
28 55 26042
77 13 88873
89 84 87636
45 96 64126
81 100 7299
11 88 88696
22 91 89010
20 97 18523
87 28 57864
30 92 90475
98 7 11574
9 64 32221
8 14 32504
18 9 40541
12 56 64453
24 48 63827
26 0 46517
32 7 55722
16 49 46122
87 29 29569
40 50 30415
65 3 14972
45 82 49335
19 4 89345
77 90 70642
81 55 12875
95 74 55524
29 78 97223
94 94 45805
29 43 42891
64 61 73184
27 61 53569
16 31 51910
46 13 73124
22 48 50255
36 61 80686
52 80 72107
2 34 34982
74 100 24219
96 56 13384
55 11 61321
83 41 54354
44 84 87213
56 30 54543
49 97 37511
66 48 73404
6 11 22723
82 51 52097
83 34 77428
20 9 68742
30 11 93018
63 26 9
47 93 42280
53 35 2765
80 71 30933
58 83 92254
91 74 44488
57 100 64303
58 93 33349
90 41 94217
67 86 26144
37 14 46464
17 74 12609
69 12 80978
68 49 62014
35 38 67091
71 0 89702
7 56 77144
90 14 72211
79 55 81699
56 74 68933
41 75 96737
86 83 47599
22 51 95382
59 98 38168
89 39 47927
71 96 4886
63 40 85101
77 49 82573
43 87 19139
88 3 71580
59 37 52297
7 80 1274
37 18 61107
20 69 47229
7 64 97342
82 75 6856
87 60 45073
71 70 76476
100 32 38439
31 85 18450
7 39 25716
28 38 73638
12 98 55183
29 84 54963
65 31 53911
21 75 24750
89 31 7661
84 35 48635
55 24 7784
27 46 365
71 70 24388
19 79 16875
91 52 31874
95 41 73037
60 21 26430
41 50 43722
86 13 65264
13 87 25289
27 9 39460
86 81 83610
59 40 6614
89 44 11013
27 30 43398
61 75 79597
86 86 40626
99 5 4179
27 27 7156
13 48 97893
29 17 52352
63 77 64227
83 32 85582
31 49 73331
42 3 56380
87 82 61842
54 5 40749
20 99 53550
74 85 44996
53 30 72924
6 44 7050
59 9 97514
41 74 67545
1 100 57005
37 95 66451
68 68 88612
80 91 99245
54 17 42374
55 70 66672
86 15 38231
43 2 82776
22 11 76286
96 51 56928
10 38 24615
70 64 25468
27 47 64651
50 18 60488
90 72 87926
74 99 54290
64 42 43544
61 23 64878
81 76 25430
42 15 93674
46 7 44599
61 44 96654
42 91 57950
30 46 72205
40 18 42098
71 94 28563
64 29 70307
72 28 81257
20 54 67462
74 0 47853
11 24 50104
41 6 64647
93 27 86280
82 76 77884
33 43 46420
35 91 21180
53 20 43305
37 88 34006
43 16 21456
2 10 67983
10 93 14652
43 4 4022
19 21 61675
53 17 97370
72 16 60189
65 43 25030
12 17 5122
51 42 77129
2 72 72443
71 70 23190
8 74 42408
42 2 17821
51 57 87561
35 50 70222
47 69 73435
13 31 81414
92 43 73116
3 4 85792
91 50 54883
40 50 76104
7 66 54421
45 100 70617
28 7 23086
17 83 80581
74 21 45404
2 31 88701
65 35 48358
42 54 1983
1 13 19114
83 66 85866
76 25 7375
78 6 18973
83 3 98010
20 65 65563
85 13 43731
50 77 16071
57 26 9065
90 73 88234
32 6 56445
39 10 12100
63 35 5416
17 0 27152
30 74 71501
49 53 294
33 59 10053
49 15 11218
75 62 14064
1 67 45567
25 20 57507
27 36 28781
69 1 12030
16 43 96227
73 82 62024
39 2 8898
91 98 64906
42 77 74754
5 92 55030
26 16 79597
94 55 15337
90 57 94184
65 85 72579
54 14 73812
48 42 22617
9 0 8112
11 85 55939
76 21 21672
67 41 51209
31 45 30227
10 71 58601
51 82 24581
25 95 95190
79 17 13477
17 81 54625
95 2 40819
71 6 77159
5 0 16969
93 33 38489
57 48 16697
83 63 38319
62 45 69793
23 0 85242
23 80 95159
74 70 62699
98 76 33491
77 62 77467
41 18 76057
55 18 44894
41 89 35710
23 88 96053
30 19 1218
78 96 69897
26 2 19728
43 38 37147
24 6 26482
71 36 23886
19 1 69785
69 18 17443
84 43 50539
90 88 67020
30 73 5957
99 73 68345
52 20 38414
5 97 53027
28 85 49620
47 25 6438
9 0 72986
78 92 46522
18 11 78880
37 63 92947
64 16 82130
76 39 17273
12 90 60775
29 49 1116
81 61 72338
43 91 84022
78 89 59142
2 29 68299
3 28 22741
30 92 11046
42 2 24868
22 81 42135
46 48 75570
22 74 62524
80 17 70494
56 28 18681
32 40 94651
89 57 51002
66 48 80653
44 22 94332
1 57 55601
95 83 40059
98 59 11034
92 77 29122
31 100 43188
86 88 17567
71 25 9246
36 82 18141
13 58 13743
12 56 74480
44 8 35658
77 37 59906
95 11 42284
40 1 29764
33 36 63278
4 50 73137
64 56 290
56 93 77962
71 49 28695
4 31 35265
8 82 83395
66 90 42656
0 41 79651
65 90 84662
59 54 80479
34 8 24672
88 28 10387
91 79 21266
79 91 96367
41 34 29707
77 62 73420
79 53 71110
94 11 67973
85 75 89092
19 51 78453
50 88 41131
95 5 22208
6 57 8577
67 63 51615
42 29 83248
14 98 93440
28 23 37547
20 97 33866
99 4 13053
4 36 91765
46 50 64548
56 70 27826
39 72 24265
97 63 73743
16 78 81805
35 36 10306
51 5 28092
81 6 97208
17 59 8256
18 22 3674
42 87 8825
22 25 95002
88 11 72382
96 87 39452
48 79 65536
100 18 33471
56 71 72364
19 41 62025
39 36 48089
65 42 2391
38 91 72627
42 47 17532
34 87 92390
27 96 64493
73 84 13924
67 73 10034
78 49 61637
41 86 55199
31 64 27270
26 57 51907
96 18 19189
75 26 3618
73 10 22181
5 99 20259
44 96 93673
24 79 5368
81 12 20019
94 99 64748
71 39 97161
74 41 63556
50 31 1084
49 71 39532
9 68 46305
33 10 68519
83 37 45070
58 6 93055
45 6 31941
24 17 45937
11 95 71824
99 52 59113
11 24 74377
58 23 12369
36 4 97474
65 79 27855
57 79 58838
40 36 71738
4 73 52398
82 41 2430
73 33 9521
89 28 48520
86 22 7630
28 80 51030
8 97 7022
6 34 90728
90 52 67907
60 11 85296
83 21 67623
77 8 13651
82 4 1367
100 72 21660
4 29 17644
33 41 11426
22 60 67439
72 17 79109
29 58 57598
84 99 21703
4 24 3437
28 46 47284
2 29 77325
34 11 21073
50 59 26318
86 98 35223
4 58 86062
48 71 32170
24 42 8024
71 2 11613
78 28 5109
75 34 17662
42 28 16730
63 29 28393
100 67 14523
10 22 26793
91 1 40562
98 33 5390
76 22 1354
17 66 62873
65 67 61718
16 88 10604
58 15 12583
14 70 50320
75 45 60359
100 27 82808
83 50 22803
74 73 32433
77 94 85505
23 60 52514
3 26 67853
67 74 46454
97 89 76415
19 81 12412
34 41 3874
41 83 45084
27 89 28584
37 65 77224
49 88 94108
52 92 21685
0 21 44886
28 88 64776
33 85 99425
49 66 780
70 65 48607
31 99 77778
36 51 78024
42 97 33390
71 45 52435
81 46 12972
77 0 20007
80 84 43490
29 0 72020
2 2 93640
22 49 90442
74 75 92261
68 50 77550
7 34 83868
71 26 28536
28 89 86520
45 78 14033
33 24 77626
93 16 26792
3 87 364
5 45 27261
39 75 897
72 75 52947
46 49 7100
61 88 18215
35 1 22373
31 92 63885
67 66 17674
38 15 45648
91 43 3495
44 77 22523
9 55 87032
14 11 60873
81 14 45750
62 0 27955
0 33 46029
56 46 58347
36 5 16417
52 18 18904
92 97 88672
15 5 36623
37 53 54530
23 97 27033
22 10 93619
88 81 67947
1 33 1249
50 43 76380
88 55 60428
85 82 49995
76 56 62189
60 19 99125
33 48 20418
89 34 8631
57 72 7201
28 88 75133
43 8 47566
65 22 86761
9 53 99360
88 33 61804
34 11 54432
78 91 55210
64 70 9932
20 83 48406
38 40 83531
17 44 85847
91 100 77293
53 31 76173
59 95 5717
0 27 34953
81 36 50907
32 48 84387
51 65 7604
38 53 20859
2 97 76902
18 72 56446
58 50 80130
87 6 36710
48 66 74655
23 34 65179
13 99 96850
19 69 43731
3 14 85159
34 29 87011
54 62 48441
81 4 61168
54 38 52620
61 5 96819
77 68 98041
1 71 24447
62 29 8661
5 16 21238
48 67 67033
70 21 7146
38 75 76398
76 81 79699
58 38 11309
71 77 85821
93 59 21442
87 11 60873
54 87 54274
17 60 93309
90 94 11037
11 2 61019
70 49 7701
35 58 39486
38 37 45040
38 64 43626
66 65 10375
87 50 70535
72 31 16779
99 35 11516
70 63 71113
31 55 43588
81 4 43260
65 12 35340
63 62 32480
12 27 26975
29 15 83847
67 14 66856
65 78 70673
48 93 26012
25 58 5542
4 58 45568
8 59 83682
56 93 49341
98 11 52185
68 91 16238
80 28 26219
62 29 16472
88 5 75191
36 77 36959
52 38 12428
82 26 60321
10 9 14408
66 72 24765
82 44 58089
15 49 56630
82 44 56093
83 53 25690
10 34 42079
56 3 37550
56 50 99368
14 18 80697
61 74 52616
25 97 63494
40 50 58679
42 71 65729
44 9 65779
85 54 99380
54 40 66959
92 78 74472
87 62 62140
88 18 6872
44 15 73975
16 12 81705
27 34 89836
20 47 63556
100 23 50029
66 33 25110
98 21 29029
47 84 59849
98 45 2618
28 58 26771
59 50 21306
34 53 39855
12 20 74253
90 22 1127
56 91 63725
84 62 66891
6 27 87181
9 96 43630
64 5 18106
80 61 92766
99 64 61904
47 51 58087
35 96 56442
61 47 66395
72 60 32662
67 16 7471
61 67 28005
6 57 13185
91 72 151
49 9 54627
100 26 24713
71 52 49770
89 61 73750
75 80 61118
48 65 34381
81 38 6860
71 96 12963
14 33 7809
37 22 32324
98 54 45508
56 84 18908
16 52 26653
53 15 86545
81 66 11206
47 100 6234
96 29 69153
96 24 55598
42 5 73965
54 12 34548
67 44 75976
0 61 10157
51 45 66087
27 72 31476
16 86 78969
78 56 45662
100 12 5648
72 72 54968
59 86 33680
64 46 35426
37 10 44880
87 4 68190
28 41 63997
48 24 23790
11 42 89468
85 74 27434
40 77 17621
20 80 76507
35 3 17143
7 23 50549
82 99 52589
25 17 48517
13 6 47198
80 5 48639
47 21 52531
1 22 22826
81 76 98782
97 67 98658
6 83 9591
72 19 44667
100 85 44999
8 36 24433
41 50 79160
99 98 91505
60 37 70513
97 79 50046
39 74 61743
64 81 82394
14 27 96290
30 50 39737
100 34 82877
12 78 8627
19 78 11047
24 90 2215
20 30 68645
30 28 79064
31 74 83393
37 14 27930
83 29 14471
100 52 40714
63 72 60823
1 6 45690
31 95 16533
51 72 92455
93 69 64574
10 43 84979
39 73 59029
1 65 42935
37 94 51333
51 69 18973
80 75 49530
12 79 30437
80 22 92442
91 18 15562
47 96 84965
82 72 32726
71 15 73624
35 81 93628
52 86 65582
85 76 3208
47 23 22380
30 6 47949
94 56 71558
84 16 87909
63 41 86295
81 88 97185
32 53 83029
19 75 67156
67 78 91144
21 23 63423
36 19 61986
26 83 86971
59 1 59261
5 15 97478
33 30 91126
93 56 80204
15 47 12050
43 14 96376
17 17 51130
56 69 83448
71 69 86197
93 53 20561
60 7 79189
35 51 26829
6 59 20674
66 6 65353
80 15 6536
66 92 11100
14 95 40968
6 75 79159
87 43 65714
48 7 9467
29 41 39646
48 70 93605
37 40 10031
90 63 53478
3 99 57202
29 95 55178
7 55 22309
53 38 63132
4 82 98045
23 8 64644
14 29 22333
98 11 30829
54 36 72210
56 60 58730
28 51 85906
61 71 97285
99 85 49903
56 42 12659
37 84 59524
43 85 37532
25 94 38549
93 87 54333
66 67 51599
5 9 99050
23 62 49239
2 78 84983
73 49 94335
4 27 40096
17 17 72721
96 96 22074
18 80 59001
97 55 48181
92 46 49059
0 38 20970
6 9 34065
67 99 24929
86 4 8432
32 72 8008
0 90 83329
26 64 91253
49 72 26188
64 96 34704
59 93 30817
39 58 45042
15 38 9572
65 96 10403
38 58 86062
86 77 82304
84 87 72743
64 4 27986
50 90 5302
74 50 59901
15 5 53226
92 95 47356
91 88 12563
75 4 61021
1 39 79234
47 94 61227
62 57 8482
28 61 94639
72 32 68918
73 96 74934
81 7 45526
92 14 83216
23 52 2504
17 75 28631
66 64 27350
39 40 87736
20 18 97504
96 55 74346
78 40 49413
78 91 41070
13 0 4116
74 87 66169
14 1 96528
79 31 84698
79 99 55847
25 65 70487
68 85 4909
92 83 80374
46 36 70224
61 75 40434
42 31 50985
16 86 99464
85 96 43747
89 48 46933
90 85 51019
74 10 83727
44 42 73468
94 34 61345
76 64 59037
89 37 50774
29 45 46420
51 95 15522
82 11 46316
35 18 37239
6 81 74936
14 80 98771
87 52 63203
56 5 52238
93 42 56369
69 40 70029
80 39 20665
46 66 49485
39 27 45941
34 22 63399
96 7 12403
72 81 57019
80 4 22695
86 97 1373
67 70 87602
29 27 37555
47 64 83259
63 96 50297
67 36 67586
24 24 22067
80 71 16756
97 38 81550
88 55 71648
81 88 77210
24 45 95726
54 12 86233
93 39 48812
7 4 66551
52 77 59900
26 19 43941
11 22 52730
58 6 954
36 19 87069
50 76 27526
16 39 7596
51 97 82710
22 18 58359
29 54 25308
94 64 54620
73 51 14307
5 44 16345
7 82 86090
76 0 61806
18 32 99165
48 71 36710
48 74 9450
67 45 24549
88 2 71317
79 83 34356
5 57 88357
43 14 74299
100 94 3375
6 77 95534
60 47 74578
34 16 54962
32 59 27828
4 90 23439
93 78 33041
8 13 59342
34 58 65022
94 2 72564
61 28 43669
25 27 32242
84 62 12945
15 31 38349
62 94 10527
37 20 82473
65 19 301
82 44 18567
78 74 93442
49 39 93570
100 97 1521
18 35 16438
68 94 4234
26 76 64436
44 70 19958
67 73 15945
90 33 66361
100 62 78387
94 92 11551
42 2 1537
12 19 32664
56 22 35800
32 80 90650
97 28 43297
42 97 4604
72 88 23012
82 33 30134
63 58 84411
31 97 94666
84 95 1493
48 28 74168
21 77 78580
81 87 9485
60 69 6394
18 8 39157
76 41 95281
11 88 61355
0 39 3184
28 100 9568
66 39 6860
1 19 8275
68 62 50874
55 53 93757
91 99 93173
37 11 82341
5 33 9953
3 51 58874
27 71 54282
6 83 15195
18 64 35976
32 33 98407
63 27 55863
48 45 66065
81 10 54514
85 12 2336
87 4 76807
72 97 46927
47 95 93420
68 50 52117
26 21 84640
13 6 60413
22 8 62408
18 61 77506
76 0 83927
31 77 92379
48 79 8297
23 51 16806
12 20 1013
15 93 79886
44 87 91262
92 21 33767
21 34 13006
90 49 5642
46 40 55302
47 3 42008
37 45 76710
24 24 88077
5 94 10410
53 91 93082
37 94 78255
84 91 39581
94 77 2843
86 40 72752
1 22 11421
40 17 62399
45 56 76501
6 25 62561
42 11 2312
55 36 20566
24 100 30547
74 72 19467
97 25 35236
84 58 36758
74 6 49718
76 52 32773
44 42 19988
3 56 80024
57 88 3729
88 18 88810
64 81 70664
20 66 2682
66 17 38896
34 86 56586
39 21 77351
44 95 89995
10 38 3105
83 43 5455
67 31 93124
98 91 79351
24 87 57300
32 100 12134
72 18 89659
15 43 23145
53 37 56322
84 29 6154
88 26 4315
27 60 11847
64 21 37343
69 78 65782
45 45 64935
1 0 91812
90 82 7411
7 76 97874
35 9 6547
6 43 56563
79 53 21633
39 19 81279
61 45 32679
6 100 16183
94 55 47512
81 70 87996
44 77 82103
6 95 3932
10 44 60820
66 3 72350
76 60 34529
42 39 22531
97 93 9150
93 28 91762
27 3 73383
9 38 41874
6 100 61046
91 2 72007
95 90 96063
50 27 74609
9 69 77
46 10 36312
28 27 37195
52 43 9707
13 9 92492
28 11 6825
56 26 47386
31 93 84777
57 30 27117
56 97 23022
24 2 52525
55 20 95936
11 69 17004
69 20 88966
75 1 40338
71 15 91869
45 14 48467
52 88 1021
11 1 80858
44 19 89143
21 42 81334
25 12 66111
86 48 95868
33 17 68046
20 78 69665
94 1 24405
47 1 38690
87 42 36354
20 36 9130
82 97 8422
61 65 96379
28 100 96081
33 12 65481
9 77 10219
23 27 52081
2 1 62448
6 9 73526
70 24 72542
10 24 22322
18 88 7131
33 35 90019
27 15 56676
12 11 97389
88 31 95636
72 96 11903
93 46 18936
74 28 19241
96 98 53967
13 14 64536
99 10 40738
33 89 87617
41 42 92557
63 58 33767
90 49 92997
47 65 71673
55 39 38679
9 56 71880
84 11 80924
74 9 88492
79 68 69487
52 49 9114
28 8 21902
76 22 86655
89 71 57442
70 34 40258
82 15 33675
27 62 85731
99 75 36049
8 25 22483
0 76 29492
17 90 25029
79 94 28146
38 17 43271
39 53 83908
96 62 3117
52 54 40413
9 85 50635
19 52 53793
15 26 61377
39 6 39957
63 43 59273
68 22 37226
78 9 30238
100 98 24486
60 16 9568
54 22 75163
92 5 23216
8 8 34891
70 19 25037
26 47 481
81 9 68369
32 79 80535
53 27 15479
100 23 95850
61 90 84081
17 76 95873
39 68 52951
94 36 69664
18 22 54868
92 24 77158
80 3 59508
43 76 64668
42 22 70852
2 24 62927
50 30 34100
26 77 70623
19 54 78782
44 9 55569
13 86 60337
12 63 35890
82 25 75738
40 56 74556
26 82 50370
61 88 19055
17 78 6228
25 85 81003
45 52 4826
29 10 47394
19 15 6663
86 100 52057
77 27 60410
16 81 683
68 7 22511
54 43 26478
15 69 47676
96 40 6766
56 61 68261
19 77 25105
22 2 41622
68 60 94385
26 71 5965
63 46 478
79 61 8272
100 86 47311
52 68 33446
39 41 94118
50 38 74360
96 44 69033
54 42 90228
39 66 94850
69 60 96626
73 40 25703
63 56 52382
83 40 68598
89 90 35989
82 44 2569
65 97 34049
25 98 8745
87 38 28661
96 81 88149
19 52 86394
16 2 78453
46 84 4659
32 90 50721
11 0 1401
36 7 32311
15 18 55807
4 5 79479
95 30 36983
83 64 95719
57 64 79511
69 40 70237
100 4 65821
97 13 24805
23 31 60041
46 98 25882
73 42 19323
11 3 8650
80 52 95263
51 27 97017
11 14 65297
74 51 74040
46 82 96787
88 8 74170
13 18 83881
81 49 93338
99 24 14020
96 72 49822
49 81 55551
34 68 77165
3 16 14856
30 58 93382
59 83 11436
79 34 25341
32 60 88934
26 99 43711
96 52 85374
68 79 796
79 33 75945
98 65 8202
62 46 39003
54 61 4780
28 46 77012
78 23 80347
45 94 14654
67 8 98542
26 25 48967
92 85 27890
7 50 37889
73 2 72399
57 7 33850
25 60 25755
67 21 34697
76 11 2549
91 47 7078
89 85 84229
80 78 11540
65 66 49137
72 30 53614
8 4 95926
3 8 73524
30 19 1642
18 27 10018
84 97 80371
73 85 26327
12 100 27943
76 58 37781
53 58 60379
54 48 91315
73 83 18278
74 30 66743
36 91 12964
20 4 93246
55 40 46012
0 99 63112
64 24 13090
81 93 71287
84 49 66866
39 45 2677
30 71 11575
19 3 99046
35 37 40688
41 27 37711
31 86 79579
88 20 26153
51 37 1572
80 77 55255
21 29 87622
17 91 76008
35 57 60738
79 64 66200
48 55 96142
36 82 89637
19 93 68767
34 61 3202
11 9 6995
87 65 91417
87 85 41183
98 37 69661
5 50 97642
43 83 12295
67 33 45715
1 14 19085
75 83 83204
40 92 5216
25 45 75961
69 86 97506
14 27 49044
98 1 8091
28 84 827
89 93 24209
80 2 97009
93 22 21369
36 8 66980
11 70 22813
14 61 9954
45 75 41475
41 62 61645
11 26 58001
41 43 67943
74 32 73576
65 14 5696
20 57 34623
22 42 61858
83 12 29718
64 36 84180
35 33 88758
46 99 63044
63 82 14759
100 17 16543
53 68 81161
26 99 20587
93 3 17646
63 89 3703
41 89 18697
49 36 76184
88 27 47860
1 61 63667
83 40 68148
60 67 55459
39 98 95198
84 96 17542
56 53 75617
91 93 84908
55 100 79006
15 15 51022
62 67 97912
55 87 48456
0 100 34142
16 25 22089
15 69 21379
26 70 75252
3 68 80414
93 50 4572
72 40 89706
33 47 2819
84 40 67024
35 39 68074
73 91 72610
12 72 38523
19 9 82075
3 23 66239
60 89 16230
51 93 62736
60 77 59033
3 44 1234
53 45 42357
55 7 71292
52 95 71096
15 87 8555
47 38 831
75 56 42836
45 88 17564
84 43 76755
59 19 6226
65 47 48587
49 57 45297
72 46 32973
6 91 57125
19 88 34410
94 86 1236
96 74 6925
52 71 38025
43 8 69081
87 3 25859
21 66 64792
52 54 27871
88 29 96518
40 7 43441
98 72 37694
89 27 58820
33 81 29771
29 21 27243
71 43 25001
33 78 22361
8 82 33072
91 21 52815
56 60 78549
47 66 40599
65 31 69358
56 80 82135
34 6 18482
25 19 6170
93 69 31680
67 12 14555
2 83 78858
78 41 98637
83 23 18867
84 20 1345
55 55 97642
86 4 16881
82 14 55095
43 59 28272
25 56 13042
11 71 40532
21 86 46568
25 10 44838
50 73 91762
8 58 13702
23 26 27193
81 3 60399
41 6 52030
35 19 71182
13 3 98455
3 68 9470
77 40 54968
93 14 67627
70 75 46275
36 37 7216
88 64 56814
25 83 85342
18 12 98264
4 87 45432
28 13 54952
93 62 13345
2 13 11798
14 35 55711
64 40 56910
67 43 9860
37 59 10903
60 48 12376
55 37 20836
44 30 20996
64 94 32127
84 56 76752
71 18 67389
65 92 73037
69 79 74602
1 97 33161
90 35 86595
17 81 94262
44 67 194
4 38 48118
74 12 11124
46 26 42124
0 60 18545
85 81 12055
1 65 27988
43 24 77784
72 82 65073
39 93 47164
48 60 9001
43 91 44105
23 82 67529
36 7 30551
79 53 8029
77 96 82262
15 44 64482
4 70 95691
49 58 80921
14 4 59548
42 82 41377
75 47 59006
62 79 99819
80 58 37993
17 19 83072
95 35 56938
37 50 88980
43 98 39256
53 99 40404
49 82 13803
38 0 37239
61 44 15613
71 8 71324
9 62 11774
70 54 22672
34 1 93968
46 37 16473
48 14 62228
9 52 38688
96 57 75856
94 90 95317
55 78 78068
37 4 54473
81 40 31844
99 2 58353
4 27 45580
67 62 21641
8 93 23363
70 20 68640
13 89 52200
19 28 86549
38 70 9793
96 15 20541
84 82 27379
84 88 63253
62 72 74594
55 52 28141
70 8 30967
74 44 57715
100 40 14547
24 12 74387
73 20 22954
75 83 66381
32 75 4769
22 93 55537
91 34 90217
74 98 29365
14 92 27772
24 18 3186
73 24 78069
96 43 39810
62 25 49176
7 1 8536
48 50 90434
8 86 31700
93 76 84235
84 75 1185
92 79 86179
58 100 92850
12 60 4904
41 16 88929
67 37 75325
85 52 18652
18 26 83924
12 81 82744
60 10 42098
35 97 8809
43 77 14563
18 53 35413
33 65 24552
93 22 69862
38 35 96871
23 98 40232
60 59 55550
56 97 28145
29 50 54002
12 46 61806
85 26 59076
96 11 95897
30 73 51287
16 97 69591
60 70 41206
86 73 84540
52 74 64575
41 20 41811
92 56 519
90 49 53988
77 77 58013
8 68 37999
85 74 59037
99 61 82684
38 84 42256
87 29 43103
14 97 37936
51 7 2148
27 91 90613
60 49 82901
28 76 25699
13 45 59211
37 67 17019
67 80 20431
93 0 83906
79 70 34373
30 20 96099
52 65 53752
55 5 19986
30 2 83298
47 74 91242
32 12 56317
91 75 26291
19 4 35840
16 79 58156
42 30 27763
91 61 31567
56 0 91901
45 81 32487
72 73 22386
96 72 81095
90 9 85072
96 38 26583
79 78 81599
34 46 86289
36 59 80362
42 17 97437
80 97 96207
52 7 28584
71 80 52108
45 58 94295
43 97 54319
10 84 90474
58 63 98085
35 79 36529
48 82 79500
97 31 15456
45 44 2586
25 90 77714
81 57 79745
0 11 68391
59 81 6143
85 25 98870
18 69 32264
74 66 53672
45 17 87997
14 91 13397
34 36 46953
76 84 79423
32 55 60198
23 21 29275
64 48 26056
80 2 1333
94 23 76426
33 28 43536
81 89 91530
86 96 44031
15 23 41630
48 19 6898
46 74 29679
35 74 71748
6 98 65622
80 86 10858
65 49 66321
6 95 54221
26 89 72887
20 90 32623
46 11 45374
83 61 90609
30 4 76066
74 92 42341
63 47 83514
63 21 58159
90 30 49387
58 54 78882
20 45 76387
85 89 71151
16 49 57415
67 72 43661
96 19 21747
18 66 98830
34 39 36100
32 84 39800
40 24 82394
20 53 20221
99 35 50168
82 4 29503
82 88 86651
50 88 16302
67 81 58815
83 86 46422
89 12 47832
22 53 81182
90 71 20388
74 31 83373
96 63 2016
100 48 36602
27 14 36301
89 96 32855
3 67 56879
36 58 91732
13 65 58264
2 29 95502
78 51 99089
5 35 14609
31 82 45431
48 43 8096
7 80 48788
71 40 73958
17 38 25006
70 20 57938
36 71 49425
36 72 19854
83 70 14504
25 95 57796
41 73 56570
3 25 62769
90 3 59711
83 78 78125
61 31 90030
18 80 42775
56 16 37366
4 17 90922
32 23 82208
45 52 43962
15 57 8268
74 87 86837
14 30 79263
8 53 33272
74 7 80058
22 3 24045
12 31 68464
12 63 69055
42 97 84198
4 78 88941
0 64 40091
86 46 22671
8 75 77213
39 74 26039
99 8 96433
84 57 54499
23 97 63691
35 90 39146
45 87 63512
14 0 97404
24 85 52761
86 67 58122
83 4 10980
52 61 91750
76 27 91875
4 77 88383
92 47 76834
69 40 50155
51 100 19493
60 6 95872
46 64 43902
86 74 58095
74 89 35391
96 91 87574
59 55 9380
61 73 54906
100 56 95368
78 85 9712
87 25 10627
94 11 17299
69 53 1822
53 59 85601
31 11 194
35 44 94789
21 74 98636
84 42 97962
2 9 28503
88 20 11591
74 87 59045
40 99 45023
99 99 10904
66 99 40704
55 56 9382
49 10 91032
10 46 82027
19 94 91601
40 65 85852
66 43 15620
3 80 46464
9 1 96822
62 24 53488
76 56 52527
50 32 58477
30 63 97039
5 9 16043
60 0 52412
24 1 79217
99 30 41029
53 26 58911
84 52 19159
80 31 78817
13 38 77696
81 99 255
45 56 40758
10 35 61662
92 64 59274
18 83 15123
91 65 36693
20 74 12038
61 98 19508
59 84 64228
23 28 80511
40 46 30972
85 53 48133
24 55 12184
40 66 65882
25 78 59046
44 18 81634
85 9 30542
25 13 21649
20 49 4418
64 1 28903
45 54 50562
49 78 18849
3 52 38805
79 29 53152
