1000
2 990494204
1 129860453
2 129860453
2 606315530
2 286212794
2 763875726
2 7394841
2 752502046
2 650321520
1 524240886
2 524240886
2 742697882
1 369172193
2 369172193
2 324591043
2 417413846
2 86376042
2 589317310
2 349883766
1 296871905
1 39035144
1 770514317
2 39035144
1 889674043
1 528114648
2 758676806
1 881663846
2 763866388
1 152712707
1 135572316
1 526517581
2 135572316
2 797710994
2 296871905
2 152712707
2 770514317
3
1 72409474
1 628768494
1 863445601
2 464802102
1 889282318
1 250083704
2 528114648
1 826291333
2 250083704
1 206009478
1 103501952
2 889282318
2 826291333
2 526517581
2 220212703
1 208578763
2 604792325
3
2 206009478
3
2 72409474
1 883578993
2 208578763
2 889674043
2 103501952
1 266693293
2 628768494
2 881663846
1 843187946
2 863445601
1 338842809
1 767394413
1 884970070
1 378879305
2 767394413
2 338842809
1 253593255
1 619004885
3
2 883578993
1 498634990
1 393018319
2 843187946
2 498634990
2 884970070
1 792007835
2 91381130
2 253593255
2 637112997
1 59833420
1 468524699
2 619004885
1 156327939
2 393018319
1 960357168
1 751455865
1 4648252
2 522491168
2 421875827
1 462430368
2 59833420
3
1 373826218
2 410440703
2 378879305
2 118177042
1 363027570
1 480571730
2 201102934
1 228194829
1 584009588
2 751455865
2 750062939
2 266693293
2 960357168
2 56081369
1 495180612
1 125571636
2 363027570
2 495180612
2 4648252
1 845188921
2 462430368
3
2 156327939
2 584009588
2 667640336
2 125571636
1 265413003
2 813387198
2 792007835
1 745565784
2 265413003
1 249723909
2 276877130
1 958038356
1 380394590
1 219537993
2 373826218
1 722554586
2 219537993
1 206324398
1 906187649
2 958038356
1 817066485
1 212305326
1 226199494
1 636145398
1 668515673
3
2 668515673
2 722554586
2 226199494
1 963228765
1 449769467
1 623318444
2 817066485
1 279390085
1 324636083
2 669848065
1 598849084
1 986959600
1 701818119
1 623306065
1 846808322
3
1 388889227
1 223916525
2 279390085
2 879594425
2 249723909
3
2 986959600
2 846808322
1 652020025
1 577380762
1 270211535
2 223916525
3
2 228194829
1 578071003
1 664827866
2 449769467
2 598849084
2 963228765
2 388889227
1 15164296
1 90027026
1 528461365
2 623306065
2 664827866
1 204916546
3
1 745412300
1 980994862
2 380313922
1 849339970
2 480571730
2 746673605
2 15164296
2 206324398
2 845188921
2 500297487
2 701818119
1 504660774
3
1 693112106
1 721331687
1 2155582
1 686755525
2 693112106
2 528461365
2 90027026
3
2 623318444
3
1 770529307
2 849339970
1 282796720
2 745412300
1 480403521
2 745565784
2 6040806
3
1 367674361
1 634992501
1 620482737
2 204916546
2 808022439
1 926405016
2 270211535
2 282796720
2 44758522
2 652020025
2 636145398
1 619648829
1 618560800
1 639446802
2 575376405
2 721331687
1 621045820
1 292553336
1 720582960
3
1 750066007
2 480403521
2 619648829
3
2 324636083
2 686755525
1 896800215
2 618560800
2 504660774
2 980994862
2 623479311
1 538423726
1 875003249
2 602374087
2 367674361
2 380394590
1 629280975
2 926405016
2 639446802
2 2155582
2 538423726
1 976282000
2 578071003
2 212305326
1 975655409
3
3
2 770529307
1 546573726
1 473708123
2 473708123
1 957718530
1 95503772
1 802446317
2 95503772
2 802446317
2 468524699
2 46732724
2 517711912
2 546573726
2 768343175
1 298982950
1 270130125
1 563601310
1 157269342
2 896800215
1 99824701
2 51375767
3
1 787640233
1 633371532
2 298982950
1 82984174
2 787640233
1 197254592
2 65346424
1 355409378
2 957718530
1 476457775
1 622113031
1 732375808
1 233790525
2 732375808
2 233790525
2 563601310
2 744033000
2 270130125
2 563008964
2 875003249
1 229167206
1 787109192
2 99824701
2 750066007
1 590935307
3
2 620482737
1 636004440
1 853734805
1 725446973
1 973814048
3
2 56632650
1 456882980
1 834211680
1 631273153
1 162273519
3
3
2 633371532
3
2 725446973
2 197254592
2 229167206
3
3
3
1 210747057
2 82984174
2 456882980
2 629280975
2 973814048
2 834211680
2 634992501
2 650065564
1 122831260
3
2 590935307
1 908696875
1 971926646
2 355409378
1 709850899
3
3
2 122831260
2 210747057
1 346480869
2 720582960
2 631273153
2 709850899
1 564135411
3
1 426807970
1 572690395
2 56287680
2 522130074
1 207020667
2 157269342
1 405078686
1 48054472
2 976282000
2 975655409
2 426807970
1 930041343
1 716898672
2 761271482
1 396880815
3
1 289640170
2 289640170
2 292553336
1 340429720
2 787109192
2 162273519
2 786149207
3
1 340648087
2 908696875
2 52828101
2 621045820
2 564135411
1 470197724
3
2 405078686
1 6491448
1 331570969
1 414080721
3
2 476457775
2 930041343
2 291002505
2 906187649
2 89383311
1 233986436
1 106666013
2 340429720
2 6491448
2 297378481
1 832556654
2 636004440
2 340648087
2 922296965
1 582496074
1 391984829
2 511130521
2 77697864
1 142817926
1 233744559
1 631031089
1 264847193
2 470197724
2 207020667
2 15536840
2 142817926
1 50970416
1 238895020
1 309090525
1 127143427
1 869577409
1 837947807
2 582496074
3
2 832556654
1 402467457
2 971926646
2 233744559
1 922140098
2 48054472
1 350057095
1 847029913
3
2 402467457
2 577380762
2 511296008
1 927484088
1 483578173
1 937883044
1 469379360
1 57806470
1 57543888
2 414080721
2 800711413
2 847029913
3
2 106666013
2 937883044
2 837947807
2 853734805
1 404336458
2 869577409
1 406576558
1 330577932
2 50970416
2 141708307
1 289061496
2 264847193
1 699275759
1 388073658
2 927484088
3
1 639208579
2 716898672
1 168071739
1 67703668
1 85808420
3
3
2 720387331
1 559930107
2 469379360
1 211868282
1 834863117
3
2 907119010
1 676401327
2 470054619
1 647961442
2 483578173
1 823939542
2 559930107
2 57543888
2 823939542
1 751693203
3
1 487701353
2 391984829
1 931895023
1 961038229
1 457615154
3
1 169749703
1 742700345
2 631031089
3
2 127143427
2 404336458
2 961038229
2 639208579
2 238895020
3
2 289061496
1 558093127
2 309090525
3
2 683494440
1 873313772
1 302794971
1 937731771
2 767763776
3
1 679693744
1 181034100
2 233986436
1 278438358
2 67703668
1 904141722
1 503462236
2 350057095
1 153613303
2 572690395
2 834863117
2 503462236
3
1 276051737
2 330577932
2 931895023
2 278438358
1 668139349
1 65148865
2 388418625
1 385694116
2 153613303
2 647961442
1 373007583
2 168071739
1 363665004
1 560135832
1 218675838
2 742700345
1 710115200
1 837944596
1 929070198
2 922140098
2 937731771
2 534576585
3
2 363665004
2 188950417
3
2 302794971
2 873313772
1 947217345
1 478092242
3
2 676401327
2 560135832
1 963994050
2 751693203
2 346480869
1 200338799
2 457615154
2 331570969
1 986682128
2 276051737
1 220609775
2 200338799
1 311278752
3
1 646386032
2 995691296
1 442846890
2 487701353
1 695033315
1 609816533
1 340662475
1 760574571
2 818382928
1 673223907
2 963994050
1 976778249
1 146464031
1 865359446
3
2 181034100
1 447802883
1 77173550
1 604057194
1 305003033
2 385694116
2 409006693
1 66237158
2 648522472
2 211868282
1 710987574
2 311278752
1 551928825
1 962423879
2 695033315
2 65148865
2 837944596
1 429306531
1 632984821
2 220609775
2 668139349
1 771570815
2 710987574
2 146464031
2 558093127
1 37201161
1 57739540
2 429306531
2 6885330
1 902778529
2 58387695
2 461819699
2 211182778
1 199217332
2 396880815
2 467148352
1 903053353
2 305003033
2 947217345
2 123743012
1 533290004
2 986682128
2 373007583
2 447802883
2 218675838
1 836997479
1 477647991
1 779699039
2 66237158
1 912027974
2 771570815
1 187921013
1 768505356
3
3
1 327797485
1 154827235
2 902778529
2 610841656
1 319232105
2 37201161
1 474216146
1 30266453
1 702378618
2 865359446
1 983441043
2 533290004
1 638934641
1 938003102
3
1 534255058
2 632984821
1 227435173
1 752773999
1 336839648
2 551928825
2 57739540
2 622113031
2 324768191
2 904141722
1 315664478
1 858716562
1 776332882
3
2 752773999
2 154827235
2 478092242
2 903053353
2 415564813
1 310282064
1 702292050
1 361413875
2 912027974
1 31376289
2 760574571
2 442846890
2 679693744
3
2 938003102
1 720660985
2 604057194
2 702378618
3
1 483942243
2 310282064
2 85808420
3
1 274016298
1 837187221
1 299130384
2 586487358
1 470722340
3
2 470722340
1 218077606
3
3
1 676248304
1 938802407
1 369187785
2 720660985
2 673223907
1 844200119
2 983441043
1 337927464
1 242687256
1 559415076
2 57806470
2 242687256
3
3
3
2 31376289
2 369187785
2 844200119
2 340662475
3
1 802836064
2 319232105
2 929070198
2 315664478
2 559415076
1 13274093
1 227467823
1 689895089
3
1 153262811
2 938802407
2 702292050
2 274016298
1 136964571
2 748517386
1 362310883
1 751674175
1 35500014
2 504303806
2 77173550
2 30266453
1 84048861
2 646386032
2 169749703
3
2 84048861
2 187921013
1 158208627
2 994405245
2 768505356
1 130954001
1 169449483
1 566956096
2 976778249
2 275956075
2 299130384
1 619200674
2 689895089
1 256917500
1 521874877
2 699275759
2 473677032
2 153262811
1 539299165
2 227435173
2 227467823
1 213526661
1 586985003
2 477647991
1 414584091
2 30717033
2 130954001
2 638934641
2 946379190
1 407217468
1 366511822
1 565189085
2 35500014
2 58129157
2 565189085
1 716527318
2 388073658
1 690042362
1 894367214
2 213526661
1 565443917
2 375302186
2 199217332
2 820220921
2 362310883
2 676248304
2 710115200
3
1 958142562
1 905920123
2 586985003
2 974234444
2 414584091
1 487585646
2 361413875
1 986080529
1 964072610
1 852648431
2 690042362
1 338138040
3
2 474216146
1 170230457
3
1 262095438
1 246377469
2 521874877
3
2 751674175
3
2 487585646
1 846053666
1 532207801
1 117998220
2 337927464
2 852648431
2 958142562
2 256917500
1 904905375
1 429390922
2 336839648
1 880239126
2 539299165
3
1 188724126
1 988441041
2 880239126
2 894367214
2 986080529
1 444105256
2 407217468
2 778361222
3
2 609816533
2 260550384
1 866170731
2 565443917
2 568232210
2 394684286
2 158208627
2 169449483
1 275733776
3
1 671586476
1 885929399
1 256410524
2 802836064
1 744001296
1 992243339
2 35536619
2 890537254
1 554610734
1 627353930
1 808098426
2 170230457
1 684631758
1 113950728
2 356944596
2 779699039
1 17707050
2 246377469
1 590545591
2 180521739
1 439382093
1 345847802
2 366511822
2 459318494
2 885929399
2 444284923
2 293687792
2 262095438
1 971185104
2 532207801
1 318099650
1 150710350
1 28483084
2 256410524
2 566956096
2 188724126
2 534255058
1 426252662
2 622486396
1 85352449
1 276992671
2 904905375
1 701460482
1 570656936
2 671586476
2 484359289
1 544257719
2 318099650
1 288568033
3
1 835592755
2 964072610
2 701460482
2 846053666
1 374264375
2 930047393
1 69100522
2 113950728
2 716527318
2 117998220
2 288568033
2 338138040
2 5755195
3
2 327797485
1 443051577
1 526905124
2 858716562
3
2 744001296
1 945626472
2 17707050
2 374264375
1 157204705
2 928477155
2 157204705
2 426252662
3
2 526905124
3
1 494163365
2 992243339
1 956852446
3
1 415336117
2 275733776
2 764785270
2 837187221
2 302953632
2 218065557
1 285803165
2 483942243
2 544257719
3
2 619200674
2 570656936
2 956852446
2 627353930
2 836997479
2 590545591
2 377780891
1 885465860
2 808098426
2 429390922
2 866170731
2 962423879
1 318677564
2 415336117
1 353738727
2 945626472
2 835592755
2 875835639
2 13274093
2 444105256
1 5953699
2 5953699
1 561168489
2 428218329
3
1 199092030
3
1 296358834
1 78662583
2 296358834
3
2 136964571
3
1 486482090
2 885465860
1 863975066
2 779817754
2 85352449
3
1 48947002
1 462775597
2 48947002
2 684631758
2 971185104
2 199092030
2 905920123
2 561168489
2 218077606
