1000
1 1
2 1
1 2
2 2
1 3
2 3
1 4
2 4
1 5
2 5
1 6
2 6
1 7
2 7
1 8
2 8
1 9
2 9
1 10
2 10
1 11
2 11
1 12
2 12
1 13
2 13
1 14
2 14
1 15
2 15
1 16
2 16
1 17
2 17
1 18
2 18
1 19
2 19
1 20
2 20
1 21
2 21
1 22
2 22
1 23
2 23
1 24
2 24
1 25
2 25
1 26
2 26
1 27
2 27
1 28
2 28
1 29
2 29
1 30
2 30
1 31
2 31
1 32
2 32
1 33
2 33
1 34
2 34
1 35
2 35
1 36
2 36
1 37
2 37
1 38
2 38
1 39
2 39
1 40
2 40
1 41
2 41
1 42
2 42
1 43
2 43
1 44
2 44
1 45
2 45
1 46
2 46
1 47
2 47
1 48
2 48
1 49
2 49
1 50
2 50
1 51
2 51
1 52
2 52
1 53
2 53
1 54
2 54
1 55
2 55
1 56
2 56
1 57
2 57
1 58
2 58
1 59
2 59
1 60
2 60
1 61
2 61
1 62
2 62
1 63
2 63
1 64
2 64
1 65
2 65
1 66
2 66
1 67
2 67
1 68
2 68
1 69
2 69
1 70
2 70
1 71
2 71
1 72
2 72
1 73
2 73
1 74
2 74
1 75
2 75
1 76
2 76
1 77
2 77
1 78
2 78
1 79
2 79
1 80
2 80
1 81
2 81
1 82
2 82
1 83
2 83
1 84
2 84
1 85
2 85
1 86
2 86
1 87
2 87
1 88
2 88
1 89
2 89
1 90
2 90
1 91
2 91
1 92
2 92
1 93
2 93
1 94
2 94
1 95
2 95
1 96
2 96
1 97
2 97
1 98
2 98
1 99
2 99
1 100
2 100
1 101
2 101
1 102
2 102
1 103
2 103
1 104
2 104
1 105
2 105
1 106
2 106
1 107
2 107
1 108
2 108
1 109
2 109
1 110
2 110
1 111
2 111
1 112
2 112
1 113
2 113
1 114
2 114
1 115
2 115
1 116
2 116
1 117
2 117
1 118
2 118
1 119
2 119
1 120
2 120
1 121
2 121
1 122
2 122
1 123
2 123
1 124
2 124
1 125
2 125
1 126
2 126
1 127
2 127
1 128
2 128
1 129
2 129
1 130
2 130
1 131
2 131
1 132
2 132
1 133
2 133
1 134
2 134
1 135
2 135
1 136
2 136
1 137
2 137
1 138
2 138
1 139
2 139
1 140
2 140
1 141
2 141
1 142
2 142
1 143
2 143
1 144
2 144
1 145
2 145
1 146
2 146
1 147
2 147
1 148
2 148
1 149
2 149
1 150
2 150
1 151
2 151
1 152
2 152
1 153
2 153
1 154
2 154
1 155
2 155
1 156
2 156
1 157
2 157
1 158
2 158
1 159
2 159
1 160
2 160
1 161
2 161
1 162
2 162
1 163
2 163
1 164
2 164
1 165
2 165
1 166
2 166
1 167
2 167
1 168
2 168
1 169
2 169
1 170
2 170
1 171
2 171
1 172
2 172
1 173
2 173
1 174
2 174
1 175
2 175
1 176
2 176
1 177
2 177
1 178
2 178
1 179
2 179
1 180
2 180
1 181
2 181
1 182
2 182
1 183
2 183
1 184
2 184
1 185
2 185
1 186
2 186
1 187
2 187
1 188
2 188
1 189
2 189
1 190
2 190
1 191
2 191
1 192
2 192
1 193
2 193
1 194
2 194
1 195
2 195
1 196
2 196
1 197
2 197
1 198
2 198
1 199
2 199
1 200
2 200
1 201
2 201
1 202
2 202
1 203
2 203
1 204
2 204
1 205
2 205
1 206
2 206
1 207
2 207
1 208
2 208
1 209
2 209
1 210
2 210
1 211
2 211
1 212
2 212
1 213
2 213
1 214
2 214
1 215
2 215
1 216
2 216
1 217
2 217
1 218
2 218
1 219
2 219
1 220
2 220
1 221
2 221
1 222
2 222
1 223
2 223
1 224
2 224
1 225
2 225
1 226
2 226
1 227
2 227
1 228
2 228
1 229
2 229
1 230
2 230
1 231
2 231
1 232
2 232
1 233
2 233
1 234
2 234
1 235
2 235
1 236
2 236
1 237
2 237
1 238
2 238
1 239
2 239
1 240
2 240
1 241
2 241
1 242
2 242
1 243
2 243
1 244
2 244
1 245
2 245
1 246
2 246
1 247
2 247
1 248
2 248
1 249
2 249
1 250
2 250
1 251
2 251
1 252
2 252
1 253
2 253
1 254
2 254
1 255
2 255
1 256
2 256
1 257
2 257
1 258
2 258
1 259
2 259
1 260
2 260
1 261
2 261
1 262
2 262
1 263
2 263
1 264
2 264
1 265
2 265
1 266
2 266
1 267
2 267
1 268
2 268
1 269
2 269
1 270
2 270
1 271
2 271
1 272
2 272
1 273
2 273
1 274
2 274
1 275
2 275
1 276
2 276
1 277
2 277
1 278
2 278
1 279
2 279
1 280
2 280
1 281
2 281
1 282
2 282
1 283
2 283
1 284
2 284
1 285
2 285
1 286
2 286
1 287
2 287
1 288
2 288
1 289
2 289
1 290
2 290
1 291
2 291
1 292
2 292
1 293
2 293
1 294
2 294
1 295
2 295
1 296
2 296
1 297
2 297
1 298
2 298
1 299
2 299
1 300
2 300
1 301
2 301
1 302
2 302
1 303
2 303
1 304
2 304
1 305
2 305
1 306
2 306
1 307
2 307
1 308
2 308
1 309
2 309
1 310
2 310
1 311
2 311
1 312
2 312
1 313
2 313
1 314
2 314
1 315
2 315
1 316
2 316
1 317
2 317
1 318
2 318
1 319
2 319
1 320
2 320
1 321
2 321
1 322
2 322
1 323
2 323
1 324
2 324
1 325
2 325
1 326
2 326
1 327
2 327
1 328
2 328
1 329
2 329
1 330
2 330
1 331
2 331
1 332
2 332
1 333
2 333
1 334
2 334
1 335
2 335
1 336
2 336
1 337
2 337
1 338
2 338
1 339
2 339
1 340
2 340
1 341
2 341
1 342
2 342
1 343
2 343
1 344
2 344
1 345
2 345
1 346
2 346
1 347
2 347
1 348
2 348
1 349
2 349
1 350
2 350
1 351
2 351
1 352
2 352
1 353
2 353
1 354
2 354
1 355
2 355
1 356
2 356
1 357
2 357
1 358
2 358
1 359
2 359
1 360
2 360
1 361
2 361
1 362
2 362
1 363
2 363
1 364
2 364
1 365
2 365
1 366
2 366
1 367
2 367
1 368
2 368
1 369
2 369
1 370
2 370
1 371
2 371
1 372
2 372
1 373
2 373
1 374
2 374
1 375
2 375
1 376
2 376
1 377
2 377
1 378
2 378
1 379
2 379
1 380
2 380
1 381
2 381
1 382
2 382
1 383
2 383
1 384
2 384
1 385
2 385
1 386
2 386
1 387
2 387
1 388
2 388
1 389
2 389
1 390
2 390
1 391
2 391
1 392
2 392
1 393
2 393
1 394
2 394
1 395
2 395
1 396
2 396
1 397
2 397
1 398
2 398
1 399
2 399
1 400
2 400
1 401
2 401
1 402
2 402
1 403
2 403
1 404
2 404
1 405
2 405
1 406
2 406
1 407
2 407
1 408
2 408
1 409
2 409
1 410
2 410
1 411
2 411
1 412
2 412
1 413
2 413
1 414
2 414
1 415
2 415
1 416
2 416
1 417
2 417
1 418
2 418
1 419
2 419
1 420
2 420
1 421
2 421
1 422
2 422
1 423
2 423
1 424
2 424
1 425
2 425
1 426
2 426
1 427
2 427
1 428
2 428
1 429
2 429
1 430
2 430
1 431
2 431
1 432
2 432
1 433
2 433
1 434
2 434
1 435
2 435
1 436
2 436
1 437
2 437
1 438
2 438
1 439
2 439
1 440
2 440
1 441
2 441
1 442
2 442
1 443
2 443
1 444
2 444
1 445
2 445
1 446
2 446
1 447
2 447
1 448
2 448
1 449
2 449
1 450
2 450
1 451
2 451
1 452
2 452
1 453
2 453
1 454
2 454
1 455
2 455
1 456
2 456
1 457
2 457
1 458
2 458
1 459
2 459
1 460
2 460
1 461
2 461
1 462
2 462
1 463
2 463
1 464
2 464
1 465
2 465
1 466
2 466
1 467
2 467
1 468
2 468
1 469
2 469
1 470
2 470
1 471
2 471
1 472
2 472
1 473
2 473
1 474
2 474
1 475
2 475
1 476
2 476
1 477
2 477
1 478
2 478
1 479
2 479
1 480
2 480
1 481
2 481
1 482
2 482
1 483
2 483
1 484
2 484
1 485
2 485
1 486
2 486
1 487
2 487
1 488
2 488
1 489
2 489
1 490
2 490
1 491
2 491
1 492
2 492
1 493
2 493
1 494
2 494
1 495
2 495
1 496
2 496
1 497
2 497
1 498
2 498
1 499
2 499
1 500
2 500
