0
1
0
0
0
0
0
0
1
0
1
0
0
0
0
0
1
0
0
1
0
1
1
1
4
0
1
1
1
1
1
0
0
8
1
7
1
1
1
1
1
1
1
1
1
7
1
1
1
1
0
1
0
1
1
0
0
1
9
0
1
0
0
1
0
1
1
0
1
1
1
1
9
1
1
0
1
0
1
1
0
1
1
1
15
1
1
1
1
0
21
1
0
1
21
1
1
1
21
1
1
1
1
1
1
1
20
0
1
0
1
1
1
0
1
19
1
1
1
20
1
19
1
1
1
0
19
1
0
1
1
0
1
1
0
1
23
1
1
22
1
1
1
1
1
0
0
1
1
1
1
1
1
1
1
15
15
1
1
1
1
1
0
0
1
0
1
0
18
1
1
0
1
1
1
1
0
1
0
1
1
1
20
1
23
0
27
27
1
26
1
1
1
23
23
23
1
1
1
1
1
1
0
19
1
1
20
20
1
1
1
1
1
17
0
0
1
1
1
1
0
21
1
1
1
1
0
19
1
0
1
1
18
1
20
1
1
0
1
0
1
1
0
1
1
0
0
0
1
1
0
1
1
24
1
1
1
1
24
1
1
0
1
0
1
26
1
1
1
1
1
1
0
1
1
24
1
27
27
0
1
29
0
0
1
1
1
1
29
1
32
1
33
1
1
1
1
1
28
1
1
27
0
0
30
1
1
1
1
1
1
30
1
1
1
0
1
1
1
1
1
1
0
32
1
0
31
1
1
31
1
1
1
1
1
1
1
1
28
0
1
0
1
36
1
1
0
0
1
1
1
1
1
1
1
1
1
1
1
0
0
0
0
1
0
1
1
0
1
1
1
1
1
1
37
37
1
0
1
1
1
42
1
1
1
1
0
1
44
1
1
1
1
0
1
1
1
1
40
1
1
1
38
1
1
37
0
41
1
41
41
1
1
1
1
1
43
43
43
1
1
1
1
39
1
1
1
1
39
1
1
1
0
0
1
1
1
1
38
1
1
0
1
1
0
1
1
1
0
1
1
1
1
0
1
1
0
1
0
1
1
1
0
1
0
1
1
1
35
1
0
1
1
1
38
1
38
1
39
1
38
1
1
1
1
1
1
1
37
1
1
1
1
0
36
1
0
1
0
0
1
1
34
1
0
0
1
0
1
1
0
1
0
1
0
0
1
1
1
1
1
1
0
1
1
0
1
44
1
1
1
0
1
1
1
1
1
0
39
1
1
39
1
1
1
0
1
1
36
1
35
1
36
1
0
1
0
0
1
1
34
1
1
1
1
1
1
0
1
1
1
1
1
1
1
0
1
1
1
0
23
24
1
25
1
24
1
0
1
24
1
1
1
1
1
1
1
