C
abababaaaabababaaabaabaabbaaaaaabaaab
aaaababaaaabbaabaabaaabababaaaabababa
200
10 10
1 1
6 26
3 30
10 1
12 30
29 7
20 17
30 16
32 14
1 10
26 6
29 27
32 32
31 20
28 34
33 26
18 5
16 28
20 29
29 16
15 26
1 30
18 14
8 27
26 22
4 26
16 35
9 31
10 5
1 32
10 3
16 8
17 20
24 5
27 30
28 7
9 1
27 37
12 1
34 28
26 31
29 15
32 5
9 36
29 34
33 28
21 5
28 27
30 18
18 15
20 8
23 17
18 3
18 32
8 16
22 26
24 12
5 21
26 33
12 10
26 11
9 15
3 10
21 7
17 23
31 34
21 33
34 8
21 3
35 23
7 2
20 9
19 26
7 28
6 33
31 23
11 26
33 29
33 18
14 21
30 29
26 4
32 27
17 10
1 11
25 19
31 16
11 25
14 18
11 5
16 9
28 36
5 20
7 21
30 3
33 35
24 11
23 14
31 1
5 18
32 15
14 4
20 5
16 7
20 11
13 13
1 29
13 30
22 23
35 29
5 16
21 13
32 17
12 12
11 22
34 17
21 28
26 8
28 19
31 13
13 10
24 35
36 12
4 5
28 20
4 37
29 4
8 19
17 35
28 18
33 20
14 31
10 8
25 13
17 18
7 35
3 27
34 21
37 14
6 25
6 3
4 30
26 1
31 21
3 9
25 34
29 36
15 16
25 4
11 4
3 11
6 7
10 2
33 31
33 9
14 32
13 25
36 5
16 26
13 34
27 18
25 7
30 35
28 22
26 26
17 6
2 29
4 18
29 3
34 27
11 21
36 22
37 10
27 28
2 34
5 2
4 24
11 32
4 11
27 31
13 17
7 7
2 23
28 12
37 13
27 11
15 27
17 33
5 27
35 4
2 19
22 9
12 2
7 13
15 8
33 36
4 21
37 33
33 4
