C
babaaaaaabaabbaaaaabbaabaaaaaaabaaaabaaa
acaaabaaaaaaaaaabaabbaaaaabbaabaaaaaabab
200
10 10
1 1
25 28
26 4
4 29
2 23
33 31
33 6
30 22
25 27
23 2
24 14
18 11
22 33
5 15
26 15
3 14
22 8
36 2
11 18
21 10
33 5
37 14
15 29
8 22
4 16
10 14
16 36
13 39
31 2
2 34
9 2
14 3
14 35
22 37
14 24
25 26
21 35
4 5
2 9
28 15
17 25
33 16
26 36
16 37
7 15
6 11
35 11
14 10
10 21
25 29
4 27
15 5
27 4
38 1
35 22
1 21
36 31
15 30
32 21
37 21
11 17
30 33
27 15
11 24
10 1
8 9
23 24
1 10
21 24
38 24
15 17
15 28
27 35
21 31
26 3
17 32
4 26
14 13
32 14
1 3
5 31
1 29
12 20
22 2
37 22
9 5
40 35
4 40
39 9
15 2
19 2
24 12
2 40
5 17
26 28
3 13
18 2
11 39
17 21
29 31
4 35
24 17
37 11
38 23
23 32
23 8
9 23
9 17
31 29
7 3
2 32
4 20
39 5
32 27
7 20
3 24
23 30
32 19
36 13
23 39
11 23
34 22
39 18
17 29
25 7
37 40
11 25
5 34
40 32
29 7
38 4
2 16
8 23
21 18
37 3
19 18
16 16
12 2
5 20
31 12
19 10
22 35
14 23
32 34
13 36
4 31
11 14
18 29
25 34
1 15
34 32
6 19
36 18
17 16
31 26
35 13
4 15
7 23
27 20
22 21
11 31
22 14
1 20
4 39
40 21
23 38
36 10
34 31
35 4
39 21
33 14
39 23
21 9
13 20
10 32
40 19
9 25
7 10
10 26
18 35
27 31
15 23
13 38
23 21
32 13
22 39
16 19
23 29
9 40
22 27
12 32
19 11
39 27
1 24
18 7
16 13
13 2
18 10
1 25
