975656664
748575320
76025516
70391637
785840808
735752418
657474628
21829392
411862654
398306435
152541974
390167579
685613927
680141969
207681189
196954173
445335157
873608837
444737471
461616899
698735047
995112913
758259026
632312366
306367532
341170282
868676790
218742439
302555607
266895679
509826744
304274011
393889502
722276067
269916938
266714259
314425700
725949060
436831101
37661824
162072404
759212036
144938529
318733942
750317102
365790367
512939349
581410730
433488497
580560931
618425717
956531351
536306041
112736230
76924867
33476413
278854117
705670650
818832814
655924440
336327184
851116475
124329585
444546291
435795070
561295824
861555461
804293733
256038119
692960494
326368184
402546954
179822741
553201521
770954366
923780536
119248941
557507994
154968953
43488214
184626568
701771500
907328788
36388569
841732430
902558226
292632774
502063502
370083418
330729826
483733332
182375610
48443787
761360392
111203167
265070286
728128924
556467188
544778859
478485550
841685921
65971488
371767273
407430683
137014004
875540342
19467008
854271091
324105779
153036735
438577308
587664543
747842629
206722248
360597200
178263510
528619417
631744973
78177567
13114481
304621073
229965231
204658994
398223539
575317218
215001973
772911966
937323944
224322065
660571489
594569739
461236130
688238076
92901457
547598123
515123192
81509970
293843878
155997943
139546198
776957610
196827639
140636014
599450816
298952707
177634667
347367518
847245587
293596794
152414484
850552727
733872165
669588046
240635840
57376144
107692673
188028697
837271214
433722868
163244352
61055837
434035474
466373625
87021369
328645621
181319312
152811220
604755041
908044317
506698635
677335909
226613605
715641920
621761626
376324178
329141288
780400126
196891909
23614421
85589495
312554910
121907188
187604193
696668313
971347112
568235923
828789611
923312417
300080994
152032382
93632844
965574720
160841554
607300260
593488150
686620816
438896146
369505472
583281524
946105067
686997983
815149493
714305048
177618000
598746723
965693792
716757523
938914530
688840576
254848885
572135287
969929621
901362348
314357075
663663199
906192720
598114221
369404832
311585795
623384621
707738967
57159102
870532988
597128890
223533302
59676129
617397437
75233935
328278334
665087332
178793754
587393427
679514782
566321415
773104775
492144833
508188582
930399704
310987031
467974370
349808000
799932858
374207284
741203163
936476922
735188458
727902796
264982505
848488245
200274917
796104181
687654447
222249648
223997879
254192976
953725442
997801049
643800576
530952719
73706974
939215254
443601045
44508663
152206170
455208306
772922243
812646355
264759301
814956043
7396627
585367944
678736152
611229241
479245602
984312562
222033977
466098330
274293229
235659972
103732087
597023388
172408087
550105452
192492455
763195933
931414555
367241196
933050232
345002723
730879646
99752049
278984771
416509702
714604236
708134921
551581413
318122715
211747237
730135690
508142108
455493674
979035470
699782473
366142392
578071263
784702702
56821898
569259434
251899323
829544822
9488560
22978396
254174110
691709579
475634684
452780791
475232703
318591878
532259294
945207083
561677112
705025431
675319681
358459084
91130715
352673868
431647855
18022426
973375228
288708623
568526158
411436490
479272197
20808348
26293131
161829846
294103402
852888163
839066498
973416057
234273755
486722227
248685645
812988468
417423926
863997213
921492467
944779477
192304890
928665638
387863241
689524717
757349850
428165242
433904305
274943823
831637871
1674092
509265350
611381091
784093509
870546056
676007631
300432866
987987377
67679876
391669329
815115967
70281670
150985682
835008028
418026932
715554328
621339620
218979328
868292221
362821126
82332792
566005055
83036503
248546133
518458707
847974095
256599723
855203164
331063358
294556144
669425306
462184223
44997897
653272487
230143693
651930666
758696194
800848176
514246733
502341836
720272648
386240442
886485959
643542235
164443119
52351156
682491655
280690341
176024844
304011651
24556781
170602679
188192950
837257197
536740124
596702903
67901244
582921681
202033313
872814873
594527093
699636331
903566517
43684040
163756274
458476275
857317437
633004790
831699422
315383314
548429901
957944671
992333084
824668139
145675110
726128348
201318734
742142135
403686847
314396000
978830004
828659650
332984597
34832827
865805633
507147271
148890819
228593269
472248215
696559095
379719810
43363056
178244520
833351350
348383385
467099109
81342069
787250324
6119961
257290437
129921127
32433427
970375472
621455107
139417493
984360355
384774749
785615554
699863272
508154899
113838759
935841474
622309260
6580139
84067418
420002881
896854412
181915898
351311835
853167695
879177294
514643771
52382736
229911588
324349176
128473646
251028858
29061052
541117578
45404146
779240151
864959055
46516828
198941110
703302845
559119053
382854456
542811495
523542988
616147056
470168184
80742600
576634728
909743636
248522914
403034727
903668253
149176821
703537076
233283224
71285227
634312813
257070820
659154424
308310036
260829734
338963392
584301306
886643506
31965990
147778776
465821302
288877589
911629149
797220163
558213211
278745088
894852211
223007569
147092424
310327774
287529216
576115050
519325901
396278256
706799599
190553302
435333028
636741970
126756416
346263466
623844514
914370728
421695669
917197334
798174609
576143976
177940518
649556047
531650875
86398096
828602262
754248340
54453844
440790878
593170208
987392728
37570223
146899882
979044772
317972720
537914405
801404834
504044549
540482906
106071306
437355900
677444724
310324938
279100060
525806146
317737892
197148332
946504314
938006580
582830374
441719980
919192085
938312233
907413339
901502256
871518452
744035667
46045488
654981486
986602027
623548537
482422773
179296047
493069927
672343281
656006634
889429509
958825733
805512192
670442364
492571990
208484944
590021743
619345785
451450791
787558878
709351181
399121631
751986904
781474648
503454137
713743260
363294697
407556676
463406360
311306823
264639197
873821510
183146809
187388792
60596072
942281040
471876117
540136527
667195148
610518401
616220008
131672716
994813920
402298640
966035552
219267057
833532701
57783397
529269373
652548179
43919927
420438429
290919055
198996366
860027308
170122794
217522829
379810793
148510220
24524498
56895776
410296079
287452242
531583711
401651206
527804137
585138081
961819510
122896787
669665168
729866012
19787410
371987995
681391754
744024979
881173406
330836133
210786462
275737325
273366646
232154681
938390116
155879358
605132128
313001120
861702986
478306472
586829482
251086236
791059267
405344138
213420635
996249630
909736864
813499662
902456670
30964089
949036335
186149072
230922140
57076829
727787011
327164828
782312448
306877714
468755623
80409237
841255504
809822441
113311084
790328488
477429766
308045850
403720162
951232552
504800791
78605416
922207057
356928437
632116302
465631090
617338706
138527673
376622302
623210290
386838403
45574142
750339255
413300802
631136811
812170705
745758339
178093508
29494434
412646157
464931377
972046249
648562369
723946213
400135362
954425487
795783085
742558136
573872170
759391924
611414176
59632841
864758409
861651901
433284604
295157976
394948608
55897898
720538711
540534325
938569927
104425330
389821452
466186943
569921190
222771390
453745648
383459774
145204032
604668832
673761145
440716645
554844720
989413481
330056696
830997235
30340658
739731139
940896024
554655299
163216620
420305802
389884404
963506234
437442546
343739489
712835241
890192953
659395223
720082084
510558203
939108664
816778489
892650310
514625487
907353176
473285717
609059502
615312159
865532851
433328892
934113513
345746668
951095839
721691412
482177895
554869916
401733311
385457548
657271106
896626140
34574910
962305043
895305213
125382397
391191183
23227679
179289429
78527195
624837620
200706757
898542150
617465769
975354599
903626517
634532010
315370829
86803921
792058462
65115772
355530828
158018312
688930509
152514328
841044441
221400530
752510394
366965503
547315821
510097180
910352944
104267589
341977229
661643565
309378067
243178382
20563088
274816369
630305953
338273296
563749803
464751696
865978839
579261450
113753646
519718842
166983267
916231844
75164413
291313898
852838516
202340736
769527360
789472774
655631771
70029268
184675689
202079022
751142948
539612560
797518892
517158170
163796359
106239138
29332274
839330285
997023111
144992475
455957930
589070704
407302053
880517907
757469827
355939657
68546835
19801768
670977859
320664108
729288396
606738960
978489987
825296772
347615380
818384016
416150460
701765302
244399398
618612138
691597123
30270338
149914121
455944774
796743065
115389666
597108824
656074590
530227519
37687044
74183586
946527363
959499000
185398649
859640984
115777620
986640586
771925854
795134423
612565434
126480775
600805653
161395681
395713616
728703832
334855539
582343202
23880584
608452599
389331796
254262159
774484684
255635034
83834187
738469149
482735325
543033935
806063732
954690150
536389126
4399306
329955439
105477573
970073958
868462299
899331256
972014036
816548204
340756581
339066455
921876152
912076746
946481647
402743715
997410505
311732993
370585719
288415303
34542130
65397745
311050710
513474119
683497663
666603791
790008796
641345000
155397417
86142073
217066396
556421930
608286133
576613668
466875639
690331137
504671509
832312171
763061760
774232388
192158611
863485083
518106831
338551864
828987652
441488559
386906844
536297124
975817115
741019305
598786095
158665222
720666729
143315454
746876149
682967204
315719183
10018890
513741236
887385348
530044924
690840840
947903376
28736158
583734609
663386279
385973167
711900549
947807872
17770036
810223014
620854213
45680771
402362500
454975179
743108479
855883892
83706696
903019311
651518106
877915543
956846442
419055206
619527841
13898158
969066785
406694415
139169464
81043375
813517695
