966344083
360371435
884220874
434607054
743785203
702773409
247114199
830993260
57714703
287884876
360328797
930123211
445657382
234914749
640743621
676615428
652206831
711697277
626052680
246681682
649290947
156740252
517606020
231969845
621298903
681152818
195086383
378885910
169269113
969226737
966519007
874082667
428909034
483096716
883541230
525594519
373832861
274394880
373852580
627360780
768068373
597124271
162072749
283321572
600528112
564969916
450959970
719551837
734694766
534389436
783477625
750252232
399161039
447151312
725161461
246922651
314406355
592447112
354153615
487202609
395221295
250589033
146603962
82110096
588751734
934321735
830915137
159693391
654861236
77851053
807880661
244532526
972000576
881987898
871050928
331328986
841133576
577597574
600902587
891408199
39673467
369594167
267809230
321025842
81180438
877625241
850803892
419041401
843207020
423986187
139324904
988952749
756442390
688392623
270879014
409925979
841720384
570023512
836662763
873331129
767396099
699773526
559570288
703294405
450964503
251396292
563134239
382669097
433526973
104983661
889514789
158080326
3755110
285025861
744859237
872784443
838019672
975644335
835385670
296709431
325100812
519697731
52069063
288306382
174898450
490717824
336821500
636441822
921061442
452963706
719074769
256720202
668550026
92786215
997173976
693926053
504036404
242362086
648893680
693279281
319941666
670668948
355749032
513768781
34891959
505608674
359604635
750277301
859159323
522040675
317955035
401498996
571637834
334075797
409165394
579341993
630998921
10319341
832425149
614907565
401532770
78966337
24720664
245391601
785156584
181590941
193263749
729625002
649078679
693717839
24028580
810931791
414311935
311074475
461889014
871440109
223026185
834616640
386715495
41162886
377759458
341608529
963328732
521667290
577694695
945565816
53101829
833604333
250475594
728985334
269465062
448649118
400704850
781874367
24763751
18780357
260259422
58183632
456606447
173244099
990505091
513393007
671072535
194680931
485368164
677634085
789844917
378799098
966559040
500169341
44029965
959898513
927962252
842593380
463003134
556495540
677794500
669578573
789206752
95336638
465328308
358042013
930342094
287149260
205179263
831622626
593604089
393307293
291817345
194152343
784021543
314469272
299750520
581003902
328392355
912385540
302748884
501480660
628305903
710144048
305238406
805962565
545461210
573243972
546824080
479122891
957738108
729864412
21223591
410869523
546924705
33723015
670456956
405010032
5780102
512652747
698034224
704073442
356212206
363756371
651087526
302831736
154611264
354420323
20472894
437105659
504221013
177717235
730329483
993038598
237635107
733411805
717383089
41609814
606949552
974505502
436612657
605358858
204129541
741468982
431109917
492428195
871950088
852024031
559269807
480756213
286711493
744393931
599676418
793958750
570776129
719085929
467734275
104863035
103582606
367596672
243829161
656980539
833804301
504815950
538676344
316381431
12725498
27558324
27952051
434265598
438151296
495856493
410147730
444781644
933774057
592331505
406146575
968287344
37955636
186033793
378441265
587673086
909414201
846541389
345995608
623835790
33588719
910508107
917650601
116614604
506892665
897737177
417675590
337537451
333557540
799906671
178346172
97595066
411730323
129922041
22299787
820329683
283118302
578391511
496588013
174948656
932413761
419001267
657537533
692362417
217960191
358433592
584615478
885729223
59814748
954963219
764708151
332708033
259557439
466917974
248732972
93325461
565788450
123068654
104022201
524226969
980135881
749684719
606441701
157662061
43030162
120445154
712633149
284715759
884211073
28422303
193691548
414091064
994946991
265176598
311975180
502523023
235470125
857016696
598770711
971395670
51108962
406142598
176790522
502049417
356561764
509280147
157003688
72571440
290708227
20663792
430584744
358753411
293324183
893674787
218924956
290650970
63026563
933273638
85790130
636219781
473857888
138367211
724548141
764647663
438799852
558683497
741098963
239050743
530559796
908481048
815937870
877300087
59181076
750954759
806514302
570099025
368710477
494437345
440814286
635498275
749258168
34208583
263453215
432998594
203393453
291673533
164189629
524967804
205867511
971041322
296350632
460812826
255345589
30439177
852092053
539764231
38514588
121917455
653080039
783058987
444889084
435247352
717077821
142653853
497766450
997953045
978730713
926558518
642940709
81718328
432749401
995497573
46615425
554883292
249511803
646816737
666515013
126991138
251980617
840265514
727812996
630674298
294442987
814133947
949454436
224380720
397355067
143477052
816815291
520689829
127771785
448478905
178841847
507765600
690074678
969243383
469636004
173219258
878746418
191719287
226733272
960768712
642259861
610707393
971130118
248393150
370174068
149734857
56805812
682999398
291422187
734857762
355656947
270533032
54845982
763806937
478493989
494428232
811132566
335505742
164192248
152471775
323876655
979759100
214695021
63147171
771144708
37435884
678375272
222308142
504160516
550242128
521501054
95773010
635848316
128190441
883111933
442472341
800205889
678306929
148495248
765886291
615075729
311818761
226311990
623406881
573368534
9089290
704677962
29106219
178745993
352198005
202313156
410824577
757324765
969880989
817479539
874315441
170734009
492955390
140031915
78874177
586709521
802606113
682893607
276606308
170406273
695795753
570111090
191998129
892891390
154365434
328118071
322447453
829168034
30829425
807852743
584894196
543217683
948525817
160137914
143964398
934198244
370676952
730097453
845844082
867430160
356838006
879858739
165134154
912475743
599530250
110199776
93553786
92105643
360840925
596829052
890516458
476778528
770281134
606623980
544034870
637640586
480160483
709165957
721105356
72630327
916773582
280021402
106277467
154465589
197590371
728934385
571862805
172057819
817249231
240656987
669339751
458155319
763254459
394349111
469398081
72381814
114665401
677923495
693739092
368118994
743773047
826127146
79988684
33605289
805505380
222757832
152599265
694577080
903590794
684519935
472153714
824349407
271412109
804849726
727591466
756116628
900909473
82355764
25745459
408542106
894896204
594753443
259026269
907057488
383708428
745198855
292660473
304266724
864965211
454013362
605781639
610789093
103782315
700315042
856121844
46851244
575845714
533921455
160878293
842983061
554581676
730023627
581078865
758642064
564097090
418514141
836249501
463167462
728875
90723299
253739059
162033353
687799148
717025579
16298935
573045490
939097162
308756291
460795724
333011567
558037247
494148391
972549616
365051450
143376388
776265619
439316092
432413643
814404722
108038910
758281562
851131759
988945656
987805562
959808169
701642122
821035195
210913973
378374453
905816200
860331790
806727517
730382021
619502297
688003117
286667881
312294266
44635283
799458343
991628079
501820409
774860834
43556315
561668342
605797250
305365019
357558326
625889320
576726354
878340868
295797297
38435741
862484048
903463707
155178831
690847300
766671323
362160424
867921536
771709060
419537829
792774490
293997162
486378106
222350516
298121450
261788857
528867896
968522704
732477373
989054692
390189274
491797154
177062223
398423870
34213518
56353961
629856101
947975691
604737389
996405562
655921435
920473305
628384445
650324963
550044975
398061440
749304949
659586010
822949933
62824957
88428811
757041545
505707027
859377668
781382780
225341516
727258817
743090187
889389362
328450267
127224208
162321159
113945833
752108050
476322819
79730418
369011202
270391046
346590260
577010883
494814491
162118132
822019756
528189869
897461628
625884011
754773463
135301046
38007842
232489207
429631696
263407777
128433997
837482849
635147970
921148221
28126262
301939413
79844808
491981364
442580052
565267115
121987596
229153062
685811068
321056136
868893822
709770695
791762212
61113197
5084533
340222803
300636055
525910612
207256074
621066999
885275282
611980510
985522870
713253844
816239200
395245604
892313384
22498297
798221987
830651283
589250886
618684486
160945641
990965201
130847401
121321864
54537856
348827519
473820143
617842868
800089328
457664418
784425091
663245703
845245811
432090535
207359334
421467570
776009040
610151322
616200740
352261196
787967536
900283361
336739904
636242656
475715745
313638632
82275093
840435443
745270292
194609360
59585944
371036399
354099284
892540349
228690761
735522258
941393636
160906196
627596018
517764184
47245587
960893162
497462439
786560683
674977088
66117264
309430693
828342279
740082467
875560962
796231575
47241271
397915371
14785393
600052752
920797939
484611912
647229435
245082737
947778457
343674666
890214434
6477620
33924008
701402180
760744562
915686539
152986487
985833349
873576032
226610774
876479889
964897865
425131257
924962365
388599363
260883896
566103155
597552289
700762501
575178746
232802950
150126378
61646527
282142496
195915998
41715934
732732535
945525333
682001355
327789355
526822532
801749619
647390912
513570241
268019177
163550633
189713715
867123795
210191077
323436361
654384798
715278045
179368228
79428103
991992886
610410334
215384488
843393556
144099195
508046458
560173979
379748274
43880147
143659595
969561656
129658111
749091350
831759718
659302747
141117798
749553310
600783298
664425800
108573368
641670251
890894710
457768996
568160592
145219907
284027947
441784898
331318554
114222697
767009809
69001407
854975318
205054545
104906785
546817099
475389575
623370593
797283569
485192933
554180705
879488245
566516043
368348690
959272331
239683246
341075578
588045931
570082051
732940069
824277394
786352540
568917567
739370680
940793253
702248481
928133929
275981941
245597341
831502161
486563329
96369299
625194386
526207969
30944050
417354274
341488014
672625264
918569227
720327279
598313344
659347733
569292372
78924685
998029847
63283785
465870746
273216666
