1000
2990400 8561696
445430 989527
2803153 9520672
9808223 5193662
327715 7467179
1720082 4085521
4113431 7801042
4467088 4414081
817102 7529830
1848473 1751422
98730 1627640
2231983 9858489
1742411 8199385
8864148 9296164
229139 7089691
9461703 2176368
2914082 6912269
7232522 9218061
6535257 2577602
3380317 2650285
9977817 7407497
4809091 8332609
2800900 3668085
2869499 9990905
6637050 1240149
1355527 8231878
561821 4048828
3176104 5179995
2076684 1613306
8296735 7318566
4083754 6263456
8404205 8509659
9407000 8065279
7861074 9118825
1642550 1197480
4395985 3539201
7852197 5257836
8608425 2194837
2283718 3433693
7214044 7483990
7934651 8686666
6772394 594228
1193828 3589573
4826134 6458977
7389282 8114208
4106207 6400717
2237719 5632874
2776584 3977002
9163043 4455158
669904 1071465
2592232 9509844
677561 1465402
1105029 4139733
3779204 8600975
6563037 4524041
2603313 6756504
8828689 5466179
583811 3749447
5099777 7475219
7333497 4718540
4783950 7226442
6595925 6929050
9409497 367226
2819224 9111007
5302340 1144562
8601475 6720654
4044015 585796
3134870 3243096
2144891 8688322
4683411 6896685
7121098 9833851
4594428 2387647
1174268 513218
4190096 2141567
9987314 7794342
9198289 3587101
2640334 1820282
2105855 5612683
7000688 5724750
4675485 7361145
9686777 2787827
6767722 6162009
7530571 2110970
8550504 9661787
5239302 3331124
2643288 2758129
8530187 8274226
4162747 587723
2897532 2529733
6390354 3260892
5227961 62079
8509085 773458
4481635 9782191
4570335 6532001
2261211 2518119
4565143 9139831
2291779 3625337
1370759 8362568
8140668 5085300
4528304 2261059
3176485 7099435
675154 8202841
8676897 683822
670192 1710397
6361744 6765646
2837449 1817693
4216404 7383324
8417503 5535853
2363789 6676201
7714675 9057116
1335708 2168006
7139846 679259
3995683 3237508
8111321 491740
5106434 1934900
4124140 9251088
5038298 3978151
4494849 6695399
9850636 3359087
1365401 8795283
437050 904027
329077 4841988
8605508 3265022
8263574 27116
4472396 9735975
1183677 4099260
4151730 9832809
8527850 8076324
387095 777364
3158751 8880021
3669597 3626937
5749149 5880514
1572003 3255465
4506597 907673
1076045 284917
6604728 3366862
8057849 4752110
2332502 4157392
8732682 8650917
577346 9689808
7450912 6259179
2396603 8383681
8482461 7506897
1793347 4951121
1982368 5317161
3639963 1687156
1064973 5330690
3911364 5568601
6416770 5898543
2603774 401137
8351586 2895551
8329419 2553454
353741 5180037
6628973 9384129
3856036 3934481
7810787 8338074
856585 285364
4190830 5933547
6745820 9783295
6806417 3835108
3255487 2630083
5983884 5598839
5604114 6835729
1181919 9314004
8263798 9231034
9746636 1733101
9629388 4803023
8088532 6756595
4356150 9840674
2089912 8867670
9806100 7455682
8189304 9794248
8066439 2192897
2921431 4498746
910321 8648049
3881300 7107804
4690034 336226
1922609 6323999
191212 3900132
5213551 2682037
5032446 2888010
1651023 7668495
6771339 6418468
7300050 727645
7354548 3911619
5891640 3979537
7790424 2172216
5928707 7678428
7412250 2022612
2570612 2465838
8821467 6688552
1913868 1042488
3527611 7460102
9311244 5354348
8487323 9385853
5442036 6751995
1133724 7522527
107783 6546006
2236448 9596862
465220 4198700
9316039 7730153
2106349 4726513
7399026 7898099
2329347 3635284
932291 2523052
8970183 4907079
7173146 7725861
7659705 5582970
5906072 6388271
4890268 4068191
5079839 9098843
5995759 9668518
5123663 1812090
6278004 9316417
274569 5909277
7589420 2322657
6354030 174613
1709399 3060598
9324512 1496691
4219128 9439409
6812160 8976905
8029902 1676293
3705773 6002918
2425947 8315297
9661578 1199836
5837024 1843958
5613560 2312189
6042590 5060022
3992598 965529
3587862 4778706
5795527 6783169
6930824 1785210
958763 2059205
3506678 3979167
8928804 1176888
6171618 5934964
254034 9100010
2934155 7370344
9871382 5171308
9913458 9224364
6673682 9218447
2062682 2253874
8895654 4663781
6623426 8620331
7217139 4216381
1359725 1857799
8308698 8855081
2997466 7213432
8266877 8150139
6787787 8492782
631228 7792450
9063872 1131419
8529721 3401809
9329020 9351152
5451348 7069880
1919870 229405
5304366 2845767
3953801 6168084
36776 862609
7616668 3275653
7256292 3676646
4810617 1796706
8118723 8914519
8384928 2238299
9222244 3986997
439252 6518242
4398890 7690257
3856148 8890664
7696437 6960061
6576418 5182877
7307623 4737992
1186943 240242
8472927 8282500
4025324 2949914
536832 657155
2996202 5784004
6608619 9676820
6851770 6174561
2515072 5292106
311644 791459
8944864 3714421
541458 4660603
5802732 9006885
4628957 9801497
874310 1598509
2941310 4937839
2101326 6506269
8931829 8982189
7284518 5924678
6793605 6662085
6500909 7168953
5924525 9741032
9944711 3022792
9006255 1168902
5555090 3979394
6615052 9722448
3596017 3541433
1263877 7095993
2707460 6999039
7525659 8321391
1619308 8389411
851214 6760678
8654731 1647800
9355233 5890893
1413889 1512717
9636819 8248597
105135 5468981
1474022 8518128
6947639 76544
2201562 6585679
8204537 7136255
6898866 2528610
7198743 6918787
9258029 2042907
9151216 8215837
9337166 1209899
9745575 314910
4539604 2594050
3628957 1703447
9723457 4562001
9273457 2110681
6022229 5498891
421894 726518
6335763 8033374
1424637 1676733
7380282 9263550
9706421 8787136
4478540 4871002
5042641 6926929
5556491 3088675
8133938 4841600
6158965 6779723
3098615 965149
585678 9832643
9014403 5413691
8689430 2141499
217079 8751274
2110861 9315877
153138 2796667
4664117 5367217
413911 7104767
6381135 3668305
2687815 2971591
1247452 1298614
8426785 8113573
2529565 5902672
606280 3915944
6918674 3264465
4074461 7659682
9982462 6145705
2601919 4278309
5227104 7981834
9244561 6739072
8417786 1561572
8990259 3597382
901580 7292777
3385287 6368710
9259929 6010250
3648557 6947731
5939169 4931703
2058758 9430909
112868 8208802
7520436 7446805
4002724 8372923
4711383 2141612
453986 4605620
8978896 5522643
3918367 5107517
8492480 9759835
9370395 6510408
143369 5192789
5587673 6786694
6908364 8749971
6298136 9401319
5935592 1689508
61658 5550237
6834560 5385562
5005792 8291096
4447348 1248455
998571 9549194
5397222 8047419
3435899 3928164
3306422 7411782
7720787 8154966
1451269 4280635
7041010 4966994
7637044 1099178
1738714 564872
500837 4014692
2051660 4188394
4330232 9092986
6098633 3091240
8366223 1089597
257425 8212404
6548106 1916350
2043943 1187775
3905162 2181710
4596170 3025721
4842608 6591615
2803708 124244
8347486 3817760
5017086 9465344
5476660 8556995
6555472 2788335
5442580 2717626
5512117 1797649
1122014 2214165
5089452 45080
790195 9656228
2512503 923381
1628660 853498
5331479 4956760
5791043 5409127
8717517 1178419
7230848 5697404
4966170 6240566
8332749 9240074
475966 7155667
7163529 7921186
1996860 8997947
169431 4182293
1646803 2575966
9044504 6785140
9323781 3605613
6613356 842257
1132947 8399451
7988020 1140347
7626109 2000855
9054865 4929029
4306694 1500754
4520165 334270
4012717 5132286
7311312 9362937
7521588 6925899
2784947 1820230
3763612 3820780
4923056 3374581
9286054 7118927
1436327 4669209
9882066 9021480
901050 8316930
5005283 7350757
1680840 4284993
5129944 7183290
130932 6540583
1412723 595222
7080735 8791750
8135989 8459179
9990760 8895341
7105887 2984937
8413234 4673326
1638385 9797633
226590 7738331
5791918 6604006
7845259 6244739
1876245 6526151
8829468 2927225
9710056 4525973
6416050 59340
8672168 9260930
9607916 9926735
6106646 527231
9532717 3053330
8869938 5939772
6806806 9046246
6865470 252075
3306502 5914844
1919036 6782332
176928 3910085
1945707 7884961
3092293 5148210
3959244 9144139
9115796 8719476
3497122 7674986
6831472 1480860
2471149 4289584
2509049 3460220
5807725 4779021
7037201 8763683
316964 1179059
6984792 2032740
6395859 8620690
3229743 2785230
3911291 8347100
8216632 8526388
3474141 1930242
3856211 774438
2534009 2737332
6009889 7742709
4309009 3457508
989956 1145266
517414 2269250
2381980 9115182
9136121 3261632
9916490 4140026
3299467 2465294
8402991 6612967
1050781 8075679
8980653 9915398
1638447 6500129
2103781 1481896
3995907 5375111
7811894 5977055
1011611 8578946
8809411 3536634
6007733 5955459
6246508 5648012
7866709 5817
2372819 2052580
9374523 7902616
7629528 2343445
5188839 1765583
2964380 8318191
4040603 7365584
639744 7618179
7124952 6215371
167590 2727457
1601119 3357362
6049390 1313372
3640625 5515829
6748026 5366021
1287183 5651014
5729578 1263659
7221241 8643990
8133151 2659104
343857 1813909
433082 1550069
1547960 2104437
8983069 9308284
2034511 7458854
7940520 3788356
3393911 7550042
2360061 5803808
4214640 5229441
4011132 6540191
9542589 2337613
4993606 9030036
5145885 7108271
3414332 4145039
3023506 465111
5654656 7562977
6680669 6373815
3553778 3856795
2820606 7062399
6901555 1383566
1692344 9127329
3850149 8126539
2412554 2922190
7954408 6265635
8063030 291702
9090654 1600039
240573 8471627
4570663 3293608
4850144 5447357
6526244 2121400
8893728 7751934
3920886 2522278
4700477 1421054
7409663 7956229
8771769 7468527
4372831 3524901
5675221 823106
9399927 1172374
6728594 1654055
7305705 5112875
5976881 8533263
6353301 6267380
8330163 4844205
2615708 107458
5036504 9903088
9709920 2289574
8904098 3115017
8535553 5213297
5747410 5342186
7000545 5308596
4692329 4903492
1904927 8620225
6772648 296071
3339806 2144295
8205200 9367141
4532735 6442296
8615905 8632910
1458977 7920518
1432861 156020
595879 7165536
4035461 54727
2286450 4633177
5530010 627961
9934369 1418561
4516765 4796923
7075095 6346921
7128718 3367037
4037365 225377
1387568 9513329
1895066 1540860
5235842 2849672
3725609 4188362
5068870 5758641
2731138 9937885
4257533 6472480
5333575 2321540
4756711 3505988
9942744 30417
8166151 6369999
8995670 8781589
747548 125361
4198691 7838818
4557608 9592732
3865823 6791175
1866860 9279488
1774699 3942551
2321769 3037327
9971561 568162
44640 6716346
4732729 4455928
5095121 8340017
3368188 3897772
1289087 684390
2508052 9376142
6102121 8793225
1911968 3553519
1328977 3429900
5789316 129888
8711096 1901600
9575902 2228658
3959134 9531573
8615185 1849335
4186950 3986044
8996029 7412222
3421615 4351592
4753220 6571609
1168283 8815911
7747526 9555418
463051 4573357
8852516 2096400
1329600 9784105
2272000 3925582
7500090 1856524
7919289 7226916
8065852 9971080
4690803 9157986
3792645 3363854
5924620 5057563
7984279 259918
4274343 2373407
1393587 4504378
2639524 9219199
672217 3068162
9971493 3962380
6753868 922904
7765642 3708887
5251467 7107629
8792948 6172338
4536665 7347889
5160900 6953388
7273525 6631766
4034076 5748503
7602272 1140876
7928412 7785733
2527965 720901
1007142 5014597
1136876 9607858
9778137 5962858
7807629 338371
4660249 3787972
3748994 8481577
2788292 7952611
9366348 5964566
450045 7576346
3791148 4080123
1674020 742521
2309411 5156745
6699994 4546513
6853873 6351663
1181057 6670387
9882008 8345633
8057785 4030961
9981786 5848910
6652644 6269722
5573174 8029544
1144225 9410560
1384045 6619487
4733268 7634868
8836610 9250917
5371675 3184136
2643252 5538026
2556761 4337292
9561350 9198880
3793710 4368912
3410615 5199736
3506171 4122535
5118793 9381410
5094242 9807649
7701629 2983056
8833987 8341903
4767827 5326066
5035455 4499394
601614 2999098
2649656 2408523
4506541 7376536
5057742 7608955
9229426 1067262
6628834 8002659
6592094 4475421
6112918 7777108
1884593 2859877
4290378 8052063
5406318 9353992
3246111 7053654
9982036 3697270
6823415 3105480
6487142 2679905
5777778 1949192
6934371 6569786
6238193 8691622
2054989 6155441
6289558 1188082
9919844 8457271
60865 9657855
3474091 5977982
9948435 6667165
3395809 3438455
1160686 9773021
2365960 4608979
9559922 5510672
6773729 9319426
3071616 1494855
4263917 4162101
5836986 1743571
9203309 9291870
1183232 6886982
5617121 2610862
1478259 7664623
9592844 1255829
5859573 2140385
3101933 5311685
1387686 4053995
3371846 7707311
996711 6624160
8326936 1330691
3028570 2000975
2052131 294706
5253471 6009995
2660842 7014382
6036759 8945188
3174700 9913896
2678627 6535595
6595819 3646992
9493989 4641009
6772968 9842584
3952510 643975
2233764 6990193
9268045 7865150
6046176 6207371
967733 6847143
9458588 4043671
4004566 3629716
1461786 9669512
9685778 5400724
5605467 2680588
5301897 2748025
8162592 7315479
4247580 2111317
3282026 8496088
9159020 4569336
595322 9352768
9435227 7797106
2762960 9256449
348938 4034966
1691950 872972
2475352 5659124
3180181 4198545
7561576 3579869
2946758 6170498
6156698 5392354
2137282 6361488
4997008 7022164
8746313 5528107
8373545 9855940
1302622 1755012
2899593 2852483
513344 4924173
65806 6453411
5730417 4689783
8160347 4224499
7082418 4244914
132944 5413893
6103684 8979824
8867471 2683307
367527 763554
1488631 1758069
6304029 5152632
9234091 5130931
530856 7655395
9556492 6358136
642631 1849878
3297466 4835988
2733371 2208511
8342806 6629272
9942023 8467538
4590145 7594965
4735083 5522686
3979933 7183708
2228967 2614068
8826570 8607998
4692669 4408806
8036522 8844748
9977198 8973381
3181020 678040
9249723 3939137
7883715 8488049
7825060 8466444
6996096 5327146
5555692 8980118
9928691 2791762
7840402 7645713
4411453 3112124
252376 6263534
8911039 677496
5804607 3849821
3580955 8765014
7445256 5863120
2049073 3489769
3550132 3670519
4015394 8211201
4144643 1217988
9468624 3906863
4429175 3644135
220763 6653764
6115537 5125586
3119908 4916178
8264210 7610806
4688461 6318120
3578235 5870339
6441270 9572824
7016332 9267691
5745152 7154356
5858824 7159134
800653 7717707
5427182 9862926
8551293 7125232
7859072 8862060
5100593 5193650
2464319 986920
4438603 971492
8606828 1006899
5223595 678806
7341703 5894208
4411506 6662425
2929747 7744701
6450306 5772542
5928271 2673502
898427 2580502
9175101 7601426
5079614 3979122
2815902 5479434
8650605 7282019
9183794 789432
1061096 2672122
4863612 9793613
5754704 7535753
705723 8035129
8157831 6886815
7644017 8270382
695213 1370383
5080159 290845
2533667 5017064
5991046 4243510
3177227 1302909
1086631 8594282
3355589 7418846
4474306 6671595
5199986 5383644
7916569 162474
1453811 4638599
1006638 515159
6192234 3563570
7589696 7233380
3276343 3297006
7946832 9384066
9158396 4353034
6650785 6450081
5617561 742040
1849522 6631923
742703 4109801
7682118 111720
6972960 9512207
1338204 7528114
868620 1291993
7596982 9423681
4538196 6778842
3876948 271559
7807129 8936033
1217657 4150836
3208765 6230273
3490596 1056187
356960 3102090
3906712 448970
324708 7115532
6003540 7998484
9425385 5662298
1428634 3516938
5770320 5750916
4897898 2693725
6970682 5901915
845063 5910525
1683081 520305
2884336 9505435
1349213 5117589
2499431 8753193
5139480 9584089
4515693 5875416
9807194 2601103
9347779 883096
8474884 6646854
9282282 3543963
7393207 7468497
6535202 6574930
6602837 8860223
3886958 2973037
5529342 3866211
5798797 5098333
3509908 3659469
997249 2927061
7317175 7746126
4516875 2411971
9979592 1242358
8781483 8494811
8500840 598681
698020 6204556
7375225 3390661
2693877 6292871
5001243 4664908
4371936 7624382
5944367 4983615
1934950 7311202
3866839 5578351
4537288 2277859
8655219 9737070
6561287 4478963
8260005 505995
7582691 4530050
8099276 642009
2084446 1308994
9967884 2772263
7297466 9459748
9718339 2483464
9246326 9832536
5450260 735052
1568467 6551888
5497183 7033476
9371220 2899516
580165 6628353
4261304 7302926
8472744 2244948
9906818 9902838
4467240 5720782
7423601 2283622
9973798 5337600
7393031 107535
6194500 8032955
5911044 3511905
6148962 6852753
7801707 5453838
8473761 1879633
1309179 1534854
2276067 9097230
5630006 2206459
5167816 2781079
6995293 9390686
5720625 3810047
5693809 2680927
6865088 5912342
9086003 7131632
9111253 3773164
1980324 8357569
136977 4959956
4755844 5683396
9819990 9085918
8657621 7446313
4522564 5332315
762072 4684002
9507772 6972509
3123726 7746847
5322336 1745587
5134008 1685843
3695248 8336623
3188438 6378668
8050413 8814178
5691306 6856734
9067609 6794142
3450166 5922263
8554740 3674738
9540921 9627083
8456735 6473841
8652852 3930153
7096443 7285483
3436522 3605602
9021418 6700272
2810075 1020713
