1000
8175664 9527063
1702780 1665518
1930357 4617972
4797273 1001590
8857132 1081923
7671475 3095218
2075897 6147482
5110094 3878233
9380802 6439118
8287150 3798366
8285484 7799538
3079962 3616631
1521564 4750173
1666326 4558233
2414646 3452452
6250984 6940025
770143 613019
3765395 3638796
2728382 7064791
3077982 7911431
8069174 9967277
109004 2634591
6885228 132019
7296036 8464072
4448583 2141374
5982442 7686329
2359017 4112354
8455267 980325
9944890 6331380
4892180 9419458
7733981 8483081
4047043 6439429
8772152 3920119
549491 5183395
449520 7642067
9650155 3536465
8771305 907888
3338927 6349316
5280840 9107173
2408452 610929
6789748 2925831
5402991 370060
955152 1531370
9770549 8816396
3256961 5924707
3800923 5076708
3811566 9582600
7384231 5683530
4188090 2468397
6659741 8151348
695818 2163431
4439425 7654997
887877 2206732
4181722 8326435
7234957 5423536
1388268 9435986
8257738 3879465
1626301 3106009
7006623 2375947
934032 701164
4059762 9827499
6833259 7921663
9241191 6691871
1656852 6178505
1547492 6724539
4027407 7323581
8707342 6681749
4023329 5523345
1619273 1079169
1859791 5684282
6576443 9490580
5595614 4511085
8155337 7522468
2102739 7471647
5108503 6644165
4080372 8576645
3705355 9842637
2841284 5936147
1277898 1269456
5087114 4049792
710712 2274339
3626186 8309055
6819707 7356508
8939721 6404870
978807 6910031
7404044 4145226
2834899 9653393
576601 1839937
4400241 9489528
3281331 1174109
4192249 9994137
3216097 4423382
4053966 7629511
5249510 9504928
5194517 9488409
1099529 4400752
1700405 9050340
6816206 6243898
1884881 4200892
9517307 7047605
6027470 5309558
4867347 4159572
7362387 473127
3788380 6767821
5183170 3964709
4723164 437141
2934851 698629
9788759 1175265
8377017 1870747
7572433 2568870
6584778 661244
249617 5139353
8415194 8840317
5192732 5108526
8942096 4833332
4575413 5617948
5143246 7202166
1433698 4982358
4882492 9688407
1913577 985491
7130813 1711148
4482382 8362694
9718518 8029066
5240661 2506917
4753358 265415
4024197 9350309
8462056 7302391
1243299 1819899
5515689 714992
5324978 7505052
6325687 913222
9732472 6362684
9798391 4683087
6583547 9182930
7763598 8282399
3062527 5660561
4506464 4298251
3210248 5625200
7042707 3579304
3206493 3568034
3761675 2811596
8119298 9187485
2235630 9770892
2448957 69014
4482465 3276348
3976209 141954
752328 5743473
3422405 3288214
9805385 619393
6323292 2815430
1180233 8799744
9871261 8918345
2855980 8893507
2194572 3392274
3710360 6031968
6109550 4147800
5164017 1449003
7056840 9769870
2022622 9089465
2195424 9802858
7797313 2353120
491577 4934241
3621954 4055861
3206298 1545768
4467012 4380811
2189447 3774260
1896941 7253754
6963781 297913
419489 9131732
6585177 8790574
5242886 4215856
8029704 8267719
2966657 805346
1769431 8893560
2386870 1917440
5954956 4600311
6932491 2473694
2037419 6582201
8561189 6251538
2840568 7785075
4791016 5908207
1423226 9313050
7103226 3675277
1066357 9947875
5636415 7888318
1016943 7961667
251870 5474841
947627 9666414
5094073 6433651
1141935 9540315
9631096 3339231
3694273 4305213
660734 6095285
5990245 8485771
3318129 5238663
1539296 6705400
3797557 779052
3262135 7655418
1910640 3617337
5036591 553542
5078791 8266497
4246221 936656
4040222 8016156
9376471 9639887
3907867 4631260
5945680 6948791
7664802 9015512
6982655 4060476
6753562 531556
8404328 6522837
1348773 7990806
8647632 6038325
9677355 3136322
2027964 2888402
5728591 2239230
9938162 6095329
3952375 9223582
8398325 82519
7153863 4837943
4475660 6525161
9413029 3579422
8299194 7755148
3928758 4691818
2316998 3637620
8288350 7190637
3445940 2447128
7361603 8303934
5654217 1894187
348106 9179057
1555083 5411876
6778007 6836956
5654589 9094710
8456336 9869715
528742 3180247
2203097 5331819
97226 5480252
9856473 7462202
1732077 7535578
8645298 7463316
9276054 3582693
7626700 8061135
9435594 4628436
8578890 6674943
9234892 1044443
7114002 7066617
3931810 7586030
9139016 4012627
6692242 2581315
9952082 6613089
5294240 9057360
6227029 4608184
4657424 6784840
759605 9792686
8661865 2054561
9522968 1045464
3833456 7908880
571491 6672777
7161256 4007561
5910074 8812376
4031319 5478979
6761475 2069146
3734275 2231474
1752418 1182435
7725551 206346
6339645 5443592
6871970 1792577
1415225 2043551
2172128 5743117
64571 6778236
3302702 1810273
4558567 7258804
4800210 1686771
2790306 3459485
8692047 8339512
8077459 2905803
6202860 8283620
265501 7210772
5582252 8402414
6962149 9030412
9728214 7991178
7817937 7834888
2934894 4463404
2144262 5354654
9877433 578698
4840681 876066
9604924 9072922
8725790 1914410
666429 4365455
916619 6668042
8614975 7509215
8845524 2695127
3609737 6012351
8001376 4381799
4069535 4015139
9934417 1867598
351302 1690946
2376975 5380833
803843 3647248
7936957 9222838
4524059 8409921
4061504 7293345
4299027 3348812
1440831 8461368
3816881 514148
2183581 6675151
6217977 8240255
5196159 1516028
4314415 2742866
2232395 5516179
4814554 6268626
2627750 2539177
9478334 9514164
6021877 8255763
5960417 2988524
6377564 307431
2283910 3467441
2345537 3615738
1503411 9741303
3532488 453856
2506542 5711602
5989719 5140206
6199931 8254872
9310611 7279289
6330079 4344734
8916960 6974231
3056095 1258105
6642916 3114397
2808384 2464606
9773956 1869215
1079175 9773634
9651428 3638194
9890042 846298
1980522 4099627
3175324 6979611
3876027 8929696
5620276 431545
8979387 2575078
9468998 3753386
3550480 3366928
9339415 2137380
9890846 2148853
712876 6939418
2680203 5019050
2839627 355906
8131516 558083
5391863 3331473
1092822 7172245
7679479 390332
8834877 1791030
8659918 8699831
9785238 4612474
751939 1404345
2576968 7632310
3684570 5571510
2131190 857856
1154776 4303330
4530693 1536940
7578435 6108595
8664092 8603856
9440478 3716447
8502557 7551552
1967792 4916953
9241008 1172881
1881340 6742615
2688312 1137689
3630281 8995789
9901787 8555116
7004891 6345458
8884605 3728224
5634360 2133690
1686212 2863625
4878243 8202841
5325077 2837564
5732770 3038406
8576405 5360143
1890555 3827124
3724072 6824534
1264178 2520217
7890547 7694247
1720587 3294762
1304029 7412309
1166605 1252316
9457416 7007096
6190204 6697060
8722780 1222882
8380894 9559607
2052476 4734891
5572214 4769930
1094606 6451877
187851 9628753
9251447 7276519
8638880 579651
8534747 4020037
9392508 1218643
9289760 3290581
2024611 6997175
7785386 3006571
5127706 3974500
6779679 5447580
9168167 2390415
9402724 3218494
1138253 5594925
8437277 7688421
7322323 6550515
5393584 700519
7249212 4103254
9293890 9470168
8812111 222218
8569399 9602189
5728144 3993990
7298741 4878236
6686532 8136317
9709856 4097625
7745520 5894117
8995103 3294170
5945050 61683
9100052 9494643
6557573 8077852
5853863 6680121
5304376 2153621
6968763 6514690
8961527 4402643
6708854 198754
7706247 5243531
3632188 5947566
4810221 731185
9333811 132860
9388910 9735036
316096 8526625
332303 5322207
722183 4689840
2001430 9094417
4642286 6904704
6040070 3681541
630938 2143910
385446 4779505
6455023 3708278
7081210 8564810
2218515 4717317
1462983 6569284
9405802 5190953
3384338 3387350
1958682 9324534
6661409 7411636
5151496 6245313
7490167 2636754
7814233 8906016
7932379 6203879
519409 5195495
7849041 7509350
4135669 5649196
2968094 7400581
3931084 5334083
8411079 4506041
4215961 1134785
2532625 349367
6919873 9750012
3464961 1934836
6119787 9428360
8050013 4832421
9349498 9604282
232360 4495806
7307795 6827560
2960297 2775030
405916 5324199
6611044 9993920
415418 1572426
9822366 1991634
9933522 776937
756700 3184802
2143368 9409686
798692 3267811
583746 5274536
6486073 8210571
3873956 1174707
8028322 9124046
9707412 1134605
2524322 7638051
1798071 1097418
5994496 7184446
7258993 6029631
576 5664915
2628200 3153666
3341351 2120665
4332033 5566439
9718843 6984707
4060384 5152260
8283967 9505863
8256363 4269613
8129082 6824858
3998150 7053560
9190255 130353
712664 2203320
122341 5699585
3136963 3058180
919776 5534143
9932015 4156849
7482981 9745888
7828223 8534611
2401594 1826840
4429529 2862015
9908962 3831390
4175649 5230987
7541284 4046693
9445437 1379595
1795075 1943843
3121618 3900629
8170566 2551629
3855172 9777213
4966001 5822168
6038713 5692888
3636041 5184377
9323541 5348860
459476 6225573
3939967 794045
2734933 518160
466010 3588080
4444243 4019633
4447691 7255979
7730065 3749179
1615032 4325442
4393494 8171045
7062342 3100619
3854118 3134882
3149529 2359962
9505606 9962920
913943 7893317
3858748 7431148
4780005 9884063
9870987 868451
8098280 4107712
6152441 5870530
6173187 5919098
2549644 6789373
4798302 4724196
3557512 2096459
3278428 5026003
953970 2108319
9721507 272090
8124303 1602224
6520216 104144
2560484 4385137
9129823 3754570
6788151 9078680
1377630 946332
8141835 1437850
7582649 6043611
1055271 8929836
7015254 5578717
9414543 5331523
7573978 5585974
4464520 1156500
6836778 9292348
7094935 5341459
5347306 6880387
367361 2186871
666239 6384992
9934795 1119795
8434448 8901993
113851 3631997
9051648 2968306
9906900 2971594
3278068 7690000
1014109 4716239
2990418 4621081
4425178 8886017
8054335 1676961
6416400 1621397
4739104 5848190
4908932 7077632
4162073 7591748
458492 4586486
2053008 2120136
1343995 2461550
8841129 3100064
3253320 6242331
5006666 5448224
4591975 4321652
8294680 5655774
33949 7349548
6620023 156462
9915887 7296697
7606541 2436645
8934690 6747600
2862143 851481
6275131 7815014
2446641 6396190
7685632 6226863
8757961 9886986
2914676 3681826
5330348 3806065
8139358 4697458
1790014 7624744
9878338 3203478
2436645 5075781
700389 4068289
5627717 8416668
6950348 1698409
5075652 5494338
9177404 3635779
1832327 8453517
5858619 8469956
2204851 9459985
5749005 3177249
1932332 8409252
4748854 7836239
6740375 8653530
9906685 3574915
7633499 1519241
4094822 9574321
3442715 7053380
6939318 9475983
6712508 5487331
2815091 676755
7757796 8789496
9200096 114800
1202680 9482970
6101380 4104732
7541277 8409758
3282210 9524684
6936375 8749207
1771073 8872437
930156 4334557
2640933 6525900
315424 9041218
214995 2794309
4891641 2261725
5110929 3964183
7532508 4107139
5629794 560565
5424365 4641479
1369869 8093910
2342930 8695040
1620629 4102893
8185200 7663043
3459649 9282352
6727275 9129188
9148821 6296724
1953833 8668408
8920918 79950
9786127 4848597
5543050 9409618
4071233 1200271
4462068 4232023
6538021 6598011
6939291 1040721
7927392 952751
4563266 7626100
419286 989440
8721904 7342390
2506284 4007681
9675625 366541
6383817 9402633
4234162 4500908
9115728 8322733
7873297 6791305
517927 7811265
7245321 7869145
761202 4808538
8014176 6447056
4104343 8068813
1911068 25189
5265083 5381296
8722561 2523724
9413570 1186904
1813268 5594617
8864850 3657817
7764506 4186659
8523087 8799880
7839512 5636157
1670751 6383098
664276 9262077
6630503 5079045
9512529 1686232
2321676 4479550
1008598 7928451
6890930 9049208
6606183 5342835
4070911 2649546
1038537 7074652
5161431 704905
3480321 7379765
7427040 3240009
612436 538673
4917887 8399839
1453511 5902791
9124056 9517153
1734688 4610602
1732817 1826339
487778 8125392
2701711 2783930
9949012 5287918
2693750 9820156
3128058 370169
5278764 8812925
7031321 9421862
6853781 3467923
2019126 7197290
3110487 1059794
7699863 4573817
1992663 223887
3372223 4577738
4934202 1769568
6849141 2285968
4089444 6776858
1758013 9119297
3366778 1629648
2841820 9553682
5026019 5523289
4465367 3975801
6555074 674377
8909427 3231656
149884 3714678
1532981 3866391
4992696 6048500
6620643 368250
4760665 9245593
2875264 4596422
5331588 436345
2657491 3616943
6116639 3670505
3601504 1293228
4757711 5676159
9845100 4143344
5320441 898703
4688636 1342193
8430657 691118
7419733 2469348
7151885 3854514
6671869 3037118
3144193 1687984
4825143 7340852
1438595 4356731
4065930 7019835
3233848 6943274
1036346 6995207
5215620 1157138
97100 9380239
2566541 5234631
2545797 586502
1405752 1951390
7255147 2862434
9723561 9264300
6205249 358617
736326 6458056
8207118 7748446
4634291 5668996
4091669 3165991
8352598 2249399
2658397 8538793
5540820 6900597
3653290 1233176
7415954 9726867
9105025 7972971
7111348 5569447
2949032 881365
61600 2824326
2742306 5750605
5972858 2640836
9787446 7573894
4069544 5522102
7668455 569718
8905167 9417329
4273532 1485523
2114259 154059
2731513 1554576
6201562 1313368
4997027 812642
7456328 1353198
526464 5820864
4125252 1121569
8197715 2289886
5123632 5547207
6615587 7739824
4466356 5286132
784691 1508205
2657843 3632381
1756170 7596168
5259603 1421687
1263852 6725047
2067448 4262969
878942 4476527
9230664 9485781
2847141 2592485
7142312 9492002
9833671 774670
5475260 5646004
3449991 2431775
2453482 7810785
2631404 8165773
3564375 6214717
8912442 2005388
8086887 9569821
3620214 283539
5679552 364695
4154981 5817301
258119 9724543
3469196 7558344
5697312 8681066
4863025 55842
7002161 7738542
7041239 1058006
8442398 8293984
2776389 4925466
1829325 6838739
6842495 6517090
916707 1374367
7410634 5789029
3354948 564886
7104299 3791383
2671255 4438479
1382375 3211308
8103870 1176350
217731 855578
8058848 6631065
6388549 8877207
1098338 235796
4073648 4458646
7684713 4828709
5061771 5009613
7459801 4700319
5497178 347953
1240152 1319194
8065890 1049975
1345355 9074792
6367912 3785875
5560918 4776608
9569906 436668
7092063 4758679
5195075 953957
5127562 9454177
800354 4722757
9791037 5197779
1340243 9789007
5683997 2982018
2738779 1376441
1106830 5337668
9890047 9696248
5926326 5902638
5561988 9317825
5250426 1331347
9827311 531593
5275646 1143563
8103814 4685573
9061032 1897320
5768396 7180841
4561565 5050305
6466824 7904940
8780609 5122794
2385726 6304129
7025978 9936505
5708595 6473567
3850476 3497666
6923756 6987705
5851901 8613339
4395950 510277
1300562 7275416
9900031 6194808
7552783 2269838
3135138 575111
829978 324115
9629854 8462054
1673240 6369723
8973623 7840076
5304429 1040347
9708274 4041900
2579007 8358537
4871060 7137981
3436275 6362905
5804067 6145522
9401645 9948193
1977058 9591297
5961171 2944757
5438168 5813343
9464202 7701546
3103560 659521
3242806 7422486
1881401 3021212
1000445 3756365
4004719 9195685
699459 3762981
1095791 6444369
4421806 3747506
6869247 657620
8056483 3198025
6004642 2136357
4822470 2235904
3866527 7761271
4069245 7263915
9301881 3465920
3151597 3428575
1870455 8951989
3652858 4465266
1963933 4330571
2863818 6159225
5170352 4331959
2271170 2126279
9038134 8136942
4470790 719219
4877554 949925
5660028 3475282
2046955 9812304
4515528 8797176
6836964 6064934
7500113 4327994
7859684 3777946
6781241 7383598
3102255 5830498
9757800 9900072
2745930 291315
5066113 2816957
7112186 2665218
9982442 3934403
1257669 616452
474055 1861966
6555374 1107502
7551102 8620468
9065724 8533493
164787 4902025
618931 6919821
3969101 7004066
8891160 4522093
5069935 1321621
5642736 7525576
8838654 2943670
3103936 8618900
4380192 9405339
6933582 951814
3066298 6680
219805 5277203
4492657 4301122
198772 2088816
5096873 469231
3195863 3660306
8185224 3380659
9477002 4072750
837874 7387363
9466901 816824
8707085 1112469
3475002 3872743
6384062 5592990
7745151 657198
7406761 7954065
7195690 8446787
2937780 301637
631742 8744476
1500291 8082639
5207554 3680492
8869245 4817539
3394554 5230504
1324997 8672502
9980395 4369031
2618304 7935101
3801050 8859901
8901268 3332270
6569997 2700863
4045222 9902174
6385031 2693953
7790107 6153889
7163023 9793209
4879063 1541580
2394665 1629853
2042879 6527093
8290329 3768608
6057722 6848111
6739175 757304
4597355 9686994
981205 289050
9212855 8620913
8546025 1537339
8035973 455905
9902697 9080527
6835383 7246583
8028632 8380365
4285301 6034505
9534589 657257
7627554 6216492
7883996 6227991
7505252 5994803
5039546 2591757
1741088 4639669
6372892 9997120
8929402 8767943
9735751 8556389
8883543 9191613
6230209 9490929
206430 4157868
9881165 2870681
3728114 7020394
2899570 6866386
7889209 1134987
3491700 9884113
7278359 6798692
1227480 891018
5658930 8345867
2163811 2243892
7384815 8180948
4800666 7551938
7348082 6462677
5063363 4289514
