1000
4844042 3291872
1533928 8503400
3260547 3273158
4479574 8734611
7058814 3668553
1027261 5685705
1547128 5007702
6202553 5381912
6625967 3730075
5734825 2196685
3886879 9561476
4526505 5727861
3844230 7999806
9189271 5683805
3599584 1710134
7170446 8736145
771691 1790746
1119852 9687647
6357412 7182293
4458574 2159700
8654919 9389719
7476881 4343101
2565969 8646730
1599954 9629990
9969792 3486365
787054 9607261
3800017 208892
9063042 3624943
2413184 3777044
5826923 5098153
519434 1971410
4578630 7845399
4247597 7724260
1018993 2787463
4730342 7931702
3176327 4718470
2573937 7965301
8636646 8291553
7602764 828559
5417131 605605
4263603 3081135
3599412 5103646
4075427 8963652
3674524 7317722
1301083 7998331
6204865 7465510
1645909 7194431
3063872 191246
1961808 69439
7425527 7991521
2736201 119911
4183681 6961578
6057852 1558116
8846908 1662263
6430951 1964708
993222 3825556
4943430 7782355
5723898 7873168
2504343 2061150
701430 8147894
9509526 2051955
8145816 7755988
7271489 2123901
4273915 7193463
2090964 8118955
6454526 5001067
9603277 4594281
4176188 9680446
5351528 1436261
352532 659133
3191459 1808139
9387169 2042741
6721339 9922312
6450498 3280818
3637548 3953737
7990930 4502403
6329779 9472252
7708656 9729459
4164302 6534668
8950903 266064
911161 1866152
4293382 5230118
8331890 7671869
507960 6578756
254390 1810294
232940 5629429
3496705 875458
2043326 7579847
526480 4180173
9943306 4787334
5855073 3055621
2868463 9851329
3554353 4986261
7401928 2555587
3301372 8153836
6515892 4095258
1956863 2585911
8208783 9655827
8834872 8185057
9191542 3197754
2138212 875929
2507589 9179869
6721151 9959371
3060251 1939849
8931655 952356
5960916 668811
6319800 6036498
3496844 4188272
7120783 8248640
4067362 5212676
3860555 9129117
3697202 6957141
4624422 772950
5960473 5932720
6138399 1142230
1322868 7361569
9456883 707020
8831008 3166071
590494 7995812
4770105 2251453
6464222 8594316
1853214 7539009
3283247 9550959
7094891 6184079
8287439 2011004
3761277 8952438
611130 4937504
4930929 5958529
2349998 9396230
2671652 465534
3977768 2199325
4493619 8879098
6695651 7828625
9890683 5783489
1308511 1680463
1513369 4808546
2947031 3681540
54890 8037416
7189832 432542
9429259 6815904
152944 2807753
1639641 7541529
6481099 5998835
8210417 75166
8805911 1100743
9867312 7094653
2579921 2437300
1325747 6564803
8041781 3985382
7897175 6066621
8715712 6062795
7711033 6312311
7253168 1408142
3118134 1019583
1114754 8398878
3930603 5366818
1485298 5808551
6066102 1191917
310781 9057687
3287474 7035436
6355809 2922265
4589885 1660462
1898779 1495708
5804404 397182
4262119 1838797
956084 9073001
627778 612887
3307419 5112702
5093355 1655593
5518596 3584008
9115740 7743727
99085 8678421
4334036 4039574
4728083 2002162
5166032 4599436
8929844 9260331
9210380 63229
2647115 3478799
5500038 6295510
4786422 8030761
7971578 9480644
7400851 1416391
6965862 4525109
192061 8831477
5710982 6915925
2968274 8321282
4178008 716177
5033328 6089977
5805848 7938326
8062962 7650216
8242500 5471314
6147575 5662620
9864344 1936497
265946 8043041
989202 9772896
7418170 1459013
6913518 4967245
3481842 9913941
1665962 6728611
4164384 4235358
4245635 797329
7049378 2482861
2472564 3666052
2920851 2022350
4369725 5731751
8465874 7992847
2089561 9571049
546043 1791869
4423173 8430326
5617514 4910948
8505919 7034555
8491070 2714963
3525444 6276966
2137682 2824085
2037136 5491427
7096261 1763128
3883360 2533727
4875635 3698824
8177330 7473479
9319160 5510036
7640515 461129
214323 6709287
4297615 375761
441023 1875023
9138515 2409612
4913659 672857
4615949 1121768
8233347 8430033
9307642 5144976
8061492 8431237
1645078 7435379
3522090 5931394
6392222 3570622
9989572 7181205
6270609 3003484
1996318 7255499
9796137 8927228
930197 8276592
804197 4184842
521413 4518930
8971010 4835123
2291469 4677374
3852412 9271141
2419977 8541632
5222033 1620812
6780566 8172839
6636349 6779349
5612881 3064254
7507390 8126893
6537623 8196691
5762320 1313602
7776388 3607283
3767153 5115328
5824119 4760554
3375837 7129620
8915724 8193734
1923602 4668780
8600736 5812820
4613004 2976051
6674000 9775393
8464265 5464216
2545401 7743097
28934 8590472
7837496 5026667
2302910 8600366
5916266 1093826
5298737 8920569
611756 220043
9488282 6744213
1961947 3776149
8780662 493295
4497300 5891563
8351747 1733301
6938804 1685851
4583870 4736851
6650200 3415794
8914402 2459638
5664861 8579453
3816175 1104011
3819105 5940488
885664 6418880
8006847 3260897
4768242 4238593
3584661 3256597
2633251 154363
435392 7550449
617136 3866139
7670749 1130369
3216085 9442831
6057289 7096084
1687312 6943043
2679330 6868789
5379997 5487076
3292227 9997745
8006649 78432
4332618 871575
5377378 5197410
8946324 4112050
462037 1430361
245950 935824
5668238 6605554
7414182 3124734
2822795 4822296
445799 9089417
7567496 2999802
3240543 3359229
7124483 9563524
7361452 5682408
887352 5023588
9680553 6039191
2216613 8927877
9968372 5056406
167686 1638422
4028523 623028
2124889 4899331
3128617 9453308
6234074 1380858
9561101 9832508
3930631 2766310
8510002 4834561
8124700 2318454
1385078 5687319
4615575 9333527
9535607 6714892
6841012 5054452
1854608 1948589
6421873 6121212
3655648 4011783
265098 8695771
8140482 3933287
2975613 995326
9920085 2996441
2396679 103443
7716596 1302571
9893156 6079621
6363454 2947946
9970065 9389444
9007502 3330658
7178572 8609786
535299 4450082
2645649 2533398
6784633 3299957
9495518 9860931
7299084 8303465
9243632 2112817
4535067 7616970
7869763 8444106
3669825 5017639
3728660 7855549
7745629 1037771
8552033 7134070
8629515 6059716
7177447 8764962
8465959 8808543
8782242 4321582
4046672 5083560
3375312 2276296
3076066 9496557
8633197 9906780
9803258 2441275
2718262 8035991
9301364 4618335
6269225 6087399
2137583 6380646
8749443 6130552
8334279 6934556
1415872 35127
503705 5551119
1273118 1905617
3808578 6798860
7339545 2436404
6078174 2697632
7023 4945931
4286540 3508631
4713628 6881990
7436200 8878975
4295774 9539343
1699151 20901
6627889 38869
7422046 6129302
6651987 8486212
7806642 3873054
9841344 6374473
5478120 2246347
3604406 2763921
1368925 8706282
8940849 5014538
6690094 8132616
316911 9100000
3563831 5192945
7700076 6230784
8883991 9690676
5476454 7422360
3318954 74908
712282 5058323
5516557 9158838
4674052 7874848
5930654 8282449
5797345 7435308
2925944 2500728
5165999 2035426
5027065 4468217
8224362 1451185
5567166 2551393
8831312 2789189
6554404 3444605
2648926 7398796
7133128 6795993
7537872 6396977
3420551 7290307
1121187 4542243
107262 793160
7444501 6855566
2160138 2027701
1907107 5694560
4817352 7679382
8482825 3544133
4799638 1706426
6602948 6329770
3220623 4567596
5978003 2981180
9855505 1185977
4216048 7677288
4838329 7923312
4189338 5828188
5601125 3161756
9145742 4790020
1478576 736075
8005768 2155277
7455736 8656970
3203590 9061
983258 2791974
9023684 5671480
44724 8310571
4530368 940275
2135585 9393255
3725878 4477891
4961919 7885863
7926435 955798
9661036 8372088
5142854 2861080
7065923 535206
1151001 8788278
9551394 8384063
6835036 3622685
3656551 689552
2157066 7702843
255917 4799270
3694560 1901372
3085139 7144269
1297884 5971469
1159412 7375635
5158458 738780
7607535 9554117
8047992 509204
4563295 1474544
7359058 4747364
8716835 5752417
1219142 5908793
4819286 1552932
8845072 1032638
1250391 7949447
4009646 672354
1605441 9711127
762077 3840593
9705203 2475552
8874393 4189945
4745864 6348209
8502815 9580933
4956511 2587157
5912941 3911652
168212 8740442
9913280 9336898
493955 4976204
3835412 1201037
8000971 4719738
6256038 9685872
4769095 7284015
9086580 8790746
8879126 1625977
6880955 9595895
7793172 5120293
1915767 5597365
9315934 8199359
5211365 8109888
5357392 7720213
6675972 8939141
5597705 8582708
4386446 4799409
3702245 6425449
6348418 8321073
1275776 1662017
1366045 7276723
9408185 5163400
9356763 4558371
8885932 3609804
8763130 1765935
6964022 805466
6608118 5832002
6104820 2792639
2560397 9029387
7035971 1196743
758075 1391222
9804223 4961920
8079294 1128241
4232647 3230135
4863634 7002663
5395191 6242041
1008757 7880455
305964 8064658
3636067 122941
1456771 4542608
8482586 5956215
7194841 7226688
3186710 6267040
9267275 1685679
6237205 5179879
5034806 9768361
9103507 5157433
1960119 3090109
3250382 6486337
7504811 9893302
9729730 8780270
8288559 9977890
6072237 6053484
5690784 6609613
2868748 3453352
7061787 434245
942747 4724304
3696253 3699800
1782871 8984656
272099 5131536
2314494 9642197
7863722 4864189
1457037 1874764
9993199 5830890
571968 4052835
6753935 4237542
8319764 9357702
199207 2726331
1170247 9612898
7620245 413241
8437462 2454116
9266932 1246572
7864957 1056826
9349666 8629408
2090937 6978256
9541564 3663203
3884104 9210323
5371295 1050242
9318951 2901297
7977577 605321
769810 3515158
4821877 8724934
7844487 9541231
5796833 5013574
4072130 6285801
7458058 2332374
4535232 9732210
9920654 8480003
1555648 9600181
7276872 2896921
5628860 9442209
8454486 9734438
2906612 9463779
6646678 4633975
6328802 1164902
3520035 8214169
1258054 1695961
9490267 5388504
8136090 1914408
3318108 695106
1995422 2290945
8761857 9133732
8382156 6586960
4209129 6121099
8807396 2218050
2681711 2566851
4793056 766020
3739186 4684379
9229312 6592643
7071117 3714078
680895 4578413
8758814 1246489
2747354 5356462
2923331 3528987
6865615 8439219
4304151 772527
5346010 3815850
7228537 7045667
9657465 3970815
6263685 339460
4685929 597855
1572631 5601183
8004646 4740919
8445134 2192256
702189 4216117
7379973 5090037
6490172 7192645
9881307 7397899
7392335 6802964
5839787 381711
7138469 558607
7587220 6836237
8116088 5459044
2769650 6842963
6394311 8169599
4883809 9580782
9749071 8040333
7533248 5840299
6653068 1876731
3437227 6840214
5511227 499703
9777023 845310
8403162 910829
2372696 3435118
9678246 3409930
4007829 2737843
3699483 4364348
1879378 3904220
6058487 2858799
2047980 4849716
9901494 6803792
2482303 9846601
8393110 7118156
7427178 5511272
9536531 4231185
9765065 5226910
6246890 6991435
8149113 7528119
3607194 372583
1565335 2893761
6953693 394898
6185856 6640009
2492851 7808826
4438992 6549276
4883926 661515
7556966 9236934
3187654 7182322
8545758 90773
3274046 6107676
8876309 8535126
8608827 3572215
349608 7959190
1103483 5105583
9232884 9277986
9860730 9160113
8766742 9249670
3147894 1139243
5473771 1524240
2561259 86409
3622928 4678605
5891863 1788280
5992162 3241225
9884023 8209893
5428222 5385939
8844359 824574
6520129 2171638
8017668 1554478
1312712 2117887
8986860 2092324
2997104 168893
6481019 2911693
5486807 8247483
4552047 8176084
2097240 6714696
8316101 8015528
238865 6057583
746425 2604022
5677663 3830013
1346248 6903081
4632799 6105345
411697 989040
7618542 7945670
7069422 977335
6310314 6092506
2301758 3027115
7597806 9121930
9203230 9411641
3662936 9185378
5845450 6169487
6648133 947760
138816 2925721
3289682 3728769
3801788 3286661
90461 545954
4325819 7539518
5169153 7419936
6155260 2206579
905500 8746823
8734201 9827472
3197900 1230501
9395441 7329602
1486060 548615
7794017 2660343
6859546 969338
2529669 5530971
7263284 6602
2861659 7917019
5565269 9096837
8795807 8120612
2327900 5254008
9792975 402212
3376484 1290416
1254183 9720711
536779 2471545
3038245 6346938
9501615 10082
1262598 622955
8520043 226358
9595205 3708550
5031838 7084546
2395938 2400184
1340451 642837
405528 8586606
7116569 8832762
3824484 1034965
5409243 2599295
4869508 3305691
5185288 5445169
2378292 6468652
9062011 9386461
9207282 8675254
996435 5094159
1258747 2795428
6675436 9607701
9735499 710885
1591266 6258044
2672671 2374309
3864980 4067089
4231157 4347346
4009245 276960
1568266 5635351
7142108 4084791
9040730 4568419
5071213 6642595
1974434 7774563
7854252 8478193
3397217 4217090
8708536 8870957
9966161 4712047
3083629 7419686
6411761 5668886
7055848 4846695
4457086 3882660
1685381 4024125
542324 3452167
5156195 6970807
9237905 6553066
438110 6856864
7808209 2916156
1391123 1053830
4292849 2776618
3599711 8393142
4471792 2827935
1261022 8567485
9330312 2639434
3456623 7341543
616121 6470935
2806958 472258
4759101 887092
9745912 4522395
2258708 3126796
6188778 5529087
7649144 523342
6849249 9215034
6948201 9842278
6671226 3882586
9577121 1323522
9437842 5341996
272672 4816782
5017670 6177213
9634337 8975415
1794674 7027802
9576993 2796138
9231541 7282575
9887582 2848340
3322731 3894186
6842324 9075043
2687921 6534200
9505857 9442627
2512484 7322117
8421281 1050594
9630370 9017120
6772658 1860715
7207750 7762132
8928625 1644237
189038 8403887
3501466 7389620
1688183 4269821
4633386 5234957
1993726 2519757
8051935 4179206
3787872 8302314
8141750 4257547
3002170 9583330
244075 6860361
8421225 8034817
4704507 7373358
673162 1756886
6123044 3711077
8927483 9574572
3062883 2723165
2600535 7240977
7028852 755267
3582844 7860178
94293 9312258
5174407 2331515
1391682 9654601
1635926 6022874
6222776 2878084
7577220 2671228
8745205 3707104
4271087 5249710
3534454 6141387
858548 9797501
9120247 280432
1373233 1748149
7217910 377535
9946369 3591780
5364399 7573986
9963778 7300439
9282464 4393032
2865362 806939
5336069 8543772
8230604 3307644
2901340 2535246
7801230 5516808
2800481 3111560
1677046 8435596
8500242 8721081
6170527 398741
8888875 8940685
6957800 7373295
7627690 6375409
3703660 2064425
4210507 4855570
541706 3325838
9088780 350430
7043549 1505067
1959082 8185857
2371396 3125327
4388001 7971176
1409498 7588869
7080878 5349953
3067006 6304411
3208655 7604472
1368779 1310878
4687424 5315002
2359072 959835
8206335 4460148
4697752 4611294
5019593 5842132
5987602 1082869
3464346 4926662
9153322 3258029
8101167 1929463
1931452 2122451
3822470 3696980
444519 7106291
249308 7731211
8322310 461659
6314285 1140232
1536952 5061528
9017398 8831352
8160601 3904119
3833973 9472201
9759493 9564676
4932647 2802982
4852251 9484302
9168968 696958
6446263 9171360
1287190 4549502
1298998 9767815
1504013 5318161
3640244 7063762
9218538 1578086
3579920 6949964
1471788 9201513
755942 2593539
9122317 8104647
8798483 1513924
1043596 8517102
4923316 8885276
4981350 2166026
1918758 6749015
1810839 161672
1923973 9932419
6809693 2210069
636848 4225645
9950772 2875935
8354883 1663778
4175962 7974098
1416475 1448430
6029771 9522203
3665237 959072
8608965 7305895
4201934 5686978
5563589 9411940
7052835 6123812
4441862 7279870
631345 7533010
3453064 1460322
709653 5559256
9201798 1613630
4374316 3940100
1631485 9389694
4886419 3222243
8235307 1467343
130087 2271681
2231692 7330718
8490629 9238957
905182 3759129
8944906 4648946
5588254 5673388
9142867 4305182
1768072 4476676
6259389 8514045
720153 8892430
3223013 4931870
2659087 947576
3866792 8154700
95719 8738094
3076643 8676501
4922717 4521181
3238836 3511365
6957550 1289842
8218614 1918571
2844632 5666843
9262663 4152786
9007128 1956164
1484612 4350344
1807210 2983578
7964362 3218394
6806475 1120779
5095415 9858004
8989178 1244994
5044774 5040453
79985 4616750
9208693 301368
5295855 6014332
4219713 5555834
6411121 1763223
4947880 1951514
4218419 773806
9737477 215139
5586867 5996717
2014198 915299
6157869 4915522
3619417 1598567
6609695 3703000
9884489 7179260
3920453 265758
2795300 477294
1859101 601088
1517704 5938635
6356323 1489324
9881680 2873824
1497109 7245709
2089883 5596346
2873967 5313874
8564932 2967462
7361903 3448423
968169 3217584
6741073 6708602
2612840 833702
1677971 4189943
3777628 9427477
2106226 7874699
9701796 7395913
9523561 3352483
4651483 3467088
291512 947821
5919072 7692407
4611930 3253844
7042383 8533707
5950732 725767
7294468 7362201
8414412 4217203
371358 3863917
349399 744131
8301432 6563349
844840 7356390
9904945 4235294
5500287 9096840
7764644 480981
1880919 9010583
449136 6744774
7384558 9472063
3164017 2345151
393792 7006572
9113027 5271885
9224970 621902
7427653 1215165
9583562 4924879
1718547 1066396
7894333 8579870
8693642 5554230
9264991 1817383
9534406 8859929
